367 1834
182 268
129 14
115 315
273 46
85 117
101 88
169 349
239 78
112 62
181 10
307 66
11 94
294 320
232 61
331 103
144 145
3 273
158 88
190 33
133 274
120 203
361 288
184 202
336 295
263 149
275 172
185 285
266 111
207 100
141 170
202 284
284 205
159 74
292 348
77 57
225 196
229 188
86 46
23 54
310 255
173 187
60 357
74 325
70 280
57 210
82 228
126 365
65 255
42 326
235 88
352 62
253 214
250 338
229 272
362 141
159 137
328 188
126 34
115 195
314 141
7 365
2 132
333 36
356 7
332 224
64 316
255 316
132 137
256 330
41 220
104 170
356 64
327 84
67 75
248 350
215 254
348 216
356 313
222 344
289 186
170 352
104 58
270 236
194 158
198 205
348 271
344 336
304 303
53 4
10 300
323 195
187 303
13 175
218 234
151 109
22 321
93 126
348 332
361 174
93 161
348 73
65 324
41 338
260 93
341 239
363 267
36 152
202 49
326 23
252 79
131 274
2 194
32 349
158 362
126 250
125 106
322 159
63 333
130 292
28 73
133 23
339 169
174 144
187 102
166 71
151 296
314 152
122 315
134 250
279 259
102 37
364 27
195 29
359 294
320 19
367 86
12 308
224 155
84 43
227 249
83 10
148 367
161 239
314 264
121 196
155 223
232 122
249 29
120 210
323 73
198 292
128 209
232 351
334 316
363 193
167 48
202 314
47 362
186 331
229 276
159 353
101 360
107 319
21 227
161 313
269 359
237 29
200 102
349 136
20 314
328 186
331 162
103 348
127 288
311 355
166 72
340 267
34 50
218 24
246 12
337 117
340 176
115 142
247 96
278 266
12 238
85 342
3 157
322 99
77 235
56 212
276 365
111 309
17 299
333 262
310 272
11 282
80 125
26 327
190 303
225 171
144 279
146 68
70 214
114 305
269 326
213 266
39 125
283 337
60 147
249 331
128 133
43 222
159 339
45 94
197 215
237 78
330 352
116 33
198 199
307 99
127 122
335 166
246 220
135 305
336 354
268 96
119 281
318 277
252 332
341 51
149 210
99 112
195 214
114 362
15 53
64 142
174 31
307 53
220 44
327 188
30 198
254 149
111 174
28 332
138 1
353 286
181 84
367 8
267 113
2 281
165 65
55 339
65 331
361 254
8 320
45 7
120 298
125 230
104 153
165 211
123 150
129 303
203 99
280 102
211 252
352 9
286 40
317 351
340 280
207 317
202 251
324 322
181 51
184 254
173 318
97 296
70 196
201 272
294 114
6 137
335 328
115 253
337 34
236 309
313 46
259 148
296 185
102 80
205 255
333 11
176 33
276 245
228 79
150 124
162 125
260 129
85 345
15 54
348 220
333 294
265 194
44 194
11 115
273 185
339 208
165 147
240 43
25 70
122 144
193 283
268 56
45 323
3 29
346 350
248 311
276 146
137 289
309 117
36 184
302 8
361 99
124 234
142 148
273 233
291 69
148 162
94 162
87 96
160 65
78 41
9 324
156 115
245 67
232 251
250 136
228 243
234 321
79 345
102 322
180 362
23 328
126 116
92 212
211 252
277 258
262 255
214 50
2 62
116 233
282 335
338 112
180 175
65 259
152 136
213 332
101 205
262 226
290 323
41 103
177 287
360 71
174 177
90 145
208 175
348 122
112 318
203 292
125 267
183 247
6 365
181 106
172 45
301 94
367 341
166 147
230 158
187 6
304 277
151 144
54 131
235 166
51 40
90 176
277 242
25 282
209 205
357 350
219 290
76 188
234 211
334 66
338 154
72 275
33 222
21 86
322 226
251 5
265 310
150 174
184 174
58 362
348 47
344 199
307 22
357 173
232 323
208 203
79 279
80 111
133 100
197 57
295 50
32 193
360 181
336 146
325 27
141 275
43 117
77 349
139 66
124 340
358 332
175 70
243 254
150 346
324 346
5 251
366 36
46 328
217 15
106 144
11 216
21 53
333 97
5 74
132 98
46 123
32 191
162 245
77 311
223 3
260 227
254 258
233 269
188 52
283 293
195 263
112 215
286 77
282 290
120 46
357 165
138 22
355 269
266 35
213 91
7 105
287 230
332 152
132 122
203 17
17 367
280 128
215 198
174 99
90 293
114 79
61 222
70 18
123 335
22 335
28 29
42 315
228 343
99 359
67 272
346 84
271 258
211 88
58 355
186 117
280 270
195 310
124 235
298 216
172 319
184 200
317 195
117 178
141 215
139 207
89 117
260 360
344 104
50 34
61 206
150 310
108 315
253 201
182 183
49 323
104 202
155 24
367 271
171 140
89 279
316 177
29 209
139 342
282 189
9 312
27 128
254 104
45 139
304 196
291 352
152 365
187 306
21 186
180 161
295 268
72 213
47 70
24 186
45 305
344 53
219 340
150 106
76 195
244 12
23 138
333 174
135 152
83 125
307 262
285 234
162 356
80 178
59 103
333 73
11 309
95 229
251 244
334 326
41 181
307 64
318 273
207 85
27 289
179 334
183 96
200 314
54 249
125 112
352 60
184 332
2 278
193 222
125 130
181 165
310 90
198 260
362 38
314 22
326 125
355 112
220 157
28 243
39 122
355 360
182 141
324 183
22 149
37 116
278 187
280 190
277 111
82 241
118 365
232 76
122 219
157 311
346 185
187 17
306 144
9 120
254 332
272 245
83 279
360 331
68 243
153 314
323 205
188 73
202 52
118 294
241 275
207 189
62 363
205 337
139 183
90 363
117 331
210 199
242 203
162 280
48 285
226 3
122 46
75 323
68 162
249 278
69 89
99 100
84 273
70 193
88 129
158 174
92 367
5 304
172 137
186 219
54 44
191 175
60 235
100 97
30 319
7 68
40 75
168 93
347 207
255 37
335 15
210 29
15 184
302 186
320 120
8 343
164 198
120 193
36 220
289 65
171 265
132 180
339 269
242 288
108 100
324 45
114 136
44 98
319 345
254 242
68 261
187 201
61 277
26 96
99 284
130 239
181 262
21 122
133 262
42 211
331 335
255 78
73 268
175 361
246 61
205 283
291 25
116 322
271 111
50 2
27 180
240 177
44 260
298 146
124 309
356 88
246 214
165 288
114 309
281 329
340 119
244 263
113 329
217 16
72 237
17 98
19 226
274 32
118 174
177 241
115 136
328 330
349 95
250 65
7 134
364 346
252 240
241 334
172 61
319 243
297 305
311 315
163 217
346 250
361 125
123 78
260 54
41 241
118 260
276 124
26 272
102 247
114 313
213 285
6 134
161 302
71 104
219 233
290 167
115 283
291 208
331 184
231 341
27 348
233 302
75 259
206 176
108 320
91 291
237 96
57 367
367 128
73 218
330 363
17 48
248 308
255 181
94 88
154 120
38 20
55 112
248 260
258 355
182 348
278 52
47 305
21 46
65 94
234 364
89 220
44 306
130 268
120 223
355 273
343 363
262 367
107 142
259 364
100 44
315 347
95 361
284 115
9 318
178 242
315 236
95 328
175 224
229 264
50 186
139 25
181 34
361 288
145 222
254 214
265 171
194 329
134 80
77 143
1 224
354 315
93 51
245 267
245 106
133 294
262 271
288 75
304 281
332 52
135 189
265 33
359 91
361 126
141 40
238 141
234 194
58 326
215 302
225 92
11 327
355 272
230 245
346 137
128 311
188 262
102 85
264 93
146 228
188 256
237 28
29 103
192 56
31 39
357 255
130 337
214 87
241 47
331 220
183 91
133 340
322 234
27 189
296 172
19 87
30 225
114 28
328 305
83 328
313 43
216 75
12 32
131 253
48 94
75 230
154 177
172 109
13 199
297 278
340 285
364 3
142 81
30 72
355 83
33 301
95 218
345 106
219 109
328 267
202 5
99 326
151 271
67 133
102 333
44 250
10 46
361 60
46 66
48 98
98 318
192 285
295 267
136 6
198 35
208 202
134 136
323 7
202 88
78 137
101 121
356 111
137 349
170 152
47 187
249 114
137 43
31 65
309 167
70 109
171 247
311 274
352 236
280 186
323 327
292 27
81 280
137 187
262 276
338 278
96 189
362 232
201 25
266 112
161 306
221 302
155 134
208 140
2 91
295 294
50 220
320 100
132 89
256 363
335 226
274 63
17 268
294 187
262 163
299 26
101 152
327 225
285 137
364 256
197 262
182 217
114 105
316 215
163 205
211 130
33 117
192 20
354 89
206 248
251 107
243 321
258 172
178 145
309 145
3 108
39 185
324 122
259 243
336 54
50 179
184 82
265 345
71 251
66 277
102 286
16 344
239 244
119 20
358 30
134 361
137 142
148 94
263 39
336 201
92 18
13 245
69 247
223 140
131 258
19 202
177 4
148 48
217 266
37 208
295 170
171 65
281 318
128 146
326 66
347 20
53 329
265 121
208 90
230 308
347 218
142 156
192 290
174 41
188 210
218 86
350 358
150 263
308 277
42 236
342 21
256 364
319 153
117 159
212 317
70 191
167 211
347 328
103 123
2 261
332 189
346 284
180 98
180 90
344 191
326 288
181 184
284 132
306 33
260 150
319 329
340 119
143 289
79 245
44 50
108 346
209 86
262 358
153 44
80 129
234 8
49 47
161 332
148 99
335 41
248 286
339 191
7 114
82 56
329 96
75 69
44 283
125 305
243 277
319 293
39 185
300 57
202 64
359 349
162 326
359 43
214 331
203 191
77 284
216 38
12 290
77 25
176 201
330 51
110 251
313 118
38 216
175 239
279 166
191 73
94 152
85 277
115 287
70 162
174 285
169 155
178 245
180 323
48 112
6 158
362 289
245 32
137 22
241 48
157 64
120 220
185 205
130 270
94 169
64 267
87 202
55 264
50 204
219 97
315 194
224 309
115 102
340 221
93 183
268 250
246 21
102 34
195 201
303 288
3 366
158 89
170 182
322 219
18 143
286 332
306 142
243 24
213 215
244 306
31 115
158 246
135 259
279 299
63 214
189 65
182 346
123 352
160 47
173 177
159 91
111 97
203 353
90 48
171 304
323 171
51 113
19 155
342 298
86 37
114 274
101 266
253 193
220 15
239 25
162 30
86 272
96 288
228 186
335 31
92 261
171 142
6 189
296 317
89 14
353 173
257 56
71 142
248 290
127 89
284 288
118 2
162 184
259 22
339 227
22 63
90 192
204 95
14 102
45 102
85 367
244 341
56 314
86 273
206 212
362 93
102 82
64 233
235 323
255 206
152 246
268 241
71 74
305 54
175 319
125 259
319 2
203 344
285 288
249 124
102 213
216 173
265 279
38 132
204 292
338 355
141 208
198 211
282 136
234 89
87 358
318 8
329 153
351 247
43 203
340 114
18 188
286 282
69 323
17 243
218 324
230 358
164 61
171 78
166 7
137 252
364 57
260 296
179 213
175 221
48 147
304 66
304 222
317 342
147 333
217 364
259 50
324 56
80 127
103 245
133 209
99 100
235 358
365 46
204 142
236 221
288 172
286 194
26 206
138 173
141 325
139 33
7 96
58 56
192 130
300 295
309 31
364 176
359 361
222 165
135 90
18 25
262 274
188 257
82 325
32 222
282 171
254 258
236 281
313 30
44 215
324 322
246 320
130 207
283 351
341 50
44 358
44 305
234 231
164 315
159 166
170 73
306 26
301 174
277 216
203 290
64 130
244 279
52 6
118 335
357 91
17 33
51 61
307 255
261 73
202 52
238 341
125 146
337 28
319 246
243 125
138 306
224 14
187 275
19 274
242 345
364 229
347 18
289 256
272 182
299 76
234 139
20 328
285 356
355 206
204 200
330 341
109 156
324 295
64 342
202 305
290 168
166 269
155 57
128 29
209 59
75 45
197 94
5 114
52 329
320 225
131 252
198 239
11 154
137 74
98 308
348 357
108 117
229 233
143 356
261 351
17 335
28 213
31 2
297 82
300 219
276 64
73 76
302 83
199 41
126 297
348 107
286 89
193 147
291 305
105 184
289 121
122 286
304 122
258 203
174 190
54 82
253 126
158 179
356 198
304 255
179 13
174 237
175 290
160 113
365 313
4 118
37 259
54 159
149 256
332 339
279 46
194 8
173 321
186 162
152 92
49 300
75 192
169 249
85 298
331 82
243 304
199 250
196 223
41 344
81 342
285 360
20 82
337 193
35 125
324 156
186 5
88 260
167 226
112 251
156 45
332 2
349 163
251 177
355 291
123 69
265 11
31 254
62 337
49 96
94 342
222 249
347 279
142 146
138 223
366 263
267 330
264 218
95 117
27 83
10 120
121 274
130 121
131 191
90 149
256 153
124 110
34 73
22 145
188 129
367 186
24 237
148 258
87 212
7 84
294 17
203 17
260 302
107 23
95 196
142 350
318 235
63 322
307 54
99 127
182 69
282 175
305 32
65 361
243 72
77 140
88 249
156 347
183 263
340 277
61 84
230 349
318 262
303 257
315 4
353 99
72 267
243 346
298 308
340 173
349 19
312 69
268 71
18 53
333 327
300 363
43 162
344 330
56 249
219 340
253 174
41 324
43 283
273 340
223 215
116 204
233 30
242 103
70 230
156 5
189 88
1 202
219 314
164 244
196 353
216 81
159 226
7 172
141 279
144 334
126 229
140 329
229 15
34 298
214 159
303 35
246 273
206 67
219 340
310 47
325 128
127 86
353 104
257 97
15 4
63 111
202 42
63 186
75 331
32 234
236 37
82 141
212 149
359 184
61 39
111 189
135 197
144 208
56 240
223 29
272 303
231 77
344 263
262 21
196 264
224 64
270 306
204 114
57 196
268 117
204 11
275 308
177 22
149 233
231 341
231 136
246 64
212 192
297 76
212 125
309 39
159 181
344 362
265 3
160 165
89 333
175 334
274 352
355 25
187 218
335 20
353 213
84 167
7 13
213 218
107 124
256 265
305 202
230 202
174 22
366 263
355 143
229 231
97 216
225 253
36 162
273 359
7 326
158 350
338 340
200 47
97 59
282 4
230 144
205 37
135 173
299 92
285 130
322 15
345 149
267 350
310 142
341 286
100 102
268 40
74 71
87 140
99 1
113 298
144 287
334 278
92 235
3 347
364 294
361 311
46 230
294 325
5 267
214 104
338 114
144 15
154 230
154 222
200 237
153 313
156 89
193 218
324 165
197 290
62 190
204 107
22 130
34 26
366 247
130 337
331 243
351 117
75 107
309 274
343 94
189 102
182 14
319 108
179 148
31 210
307 234
316 328
333 319
324 301
199 56
240 162
298 193
248 5
270 189
248 245
282 69
316 67
82 267
144 230
17 144
72 293
347 357
224 312
279 180
216 110
205 88
271 135
281 151
139 153
310 356
367 194
57 316
260 108
185 37
308 172
150 349
97 130
309 290
74 220
72 259
329 276
347 202
43 230
322 151
15 264
139 351
91 165
299 320
273 117
326 183
288 109
164 354
238 105
277 281
324 318
173 285
227 122
119 239
321 74
23 305
307 131
288 30
266 220
320 171
306 278
353 196
19 119
182 226
224 61
140 180
12 282
68 208
36 156
79 326
199 71
263 139
172 153
138 70
5 90
210 280
338 165
108 356
283 260
215 109
290 324
259 271
238 326
111 243
84 160
201 253
200 96
361 4
248 131
43 223
191 222
105 161
356 183
119 242
75 303
350 334
259 241
238 99
169 348
341 223
110 174
108 310
239 101
283 90
231 326
282 24
150 19
184 139
201 303
13 245
208 362
212 100
206 82
168 7
32 142
229 142
285 306
54 127
39 336
216 240
264 130
263 47
118 50
185 289
352 167
166 162
161 347
261 366
31 62
343 63
173 174
174 90
113 227
216 151
165 34
360 62
133 256
78 221
305 262
142 259
61 277
53 191
257 284
160 257
315 105
319 120
278 95
179 360
321 365
114 89
1 106
150 134
361 227
354 268
91 98
159 121
7 182
281 233
98 73
123 45
177 44
134 58
139 282
20 62
249 133
150 250
239 269
353 202
98 309
103 188
39 231
278 15
45 192
218 142
264 340
156 44
353 259
71 94
174 90
156 55
193 275
274 64
147 259
235 244
200 307
35 208
171 312
223 215
136 73
327 3
15 85
16 367
344 86
94 120
145 219
174 337
96 51
3 242
309 238
89 142
177 123
349 317
37 174
165 173
246 94
145 230
178 160
200 124
245 263
243 359
84 20
329 179
70 331
24 11
171 112
122 348
204 74
267 240
217 64
15 66
127 159
295 275
318 127
31 165
359 274
157 75
293 88
254 332
51 247
312 222
358 37
172 164
110 71
36 326
105 51
361 201
179 289
108 100
18 139
234 10
15 360
84 307
80 307
241 101
186 185
322 176
221 96
