865 2616
556 382
678 526
204 365
335 797
86 443
433 42
368 719
682 517
206 633
469 655
111 640
604 72
41 78
574 444
852 340
89 543
721 767
155 59
218 489
808 255
18 375
296 385
181 112
853 386
744 456
127 807
182 730
13 175
760 538
570 746
13 658
423 685
511 578
744 680
153 638
69 171
99 364
507 279
427 447
616 258
37 743
151 171
607 163
345 453
652 49
334 664
658 708
484 256
372 314
70 525
38 139
647 136
454 240
415 16
686 165
225 723
859 375
28 553
489 324
140 275
372 425
26 116
268 461
371 591
726 441
250 763
579 848
33 119
223 399
86 43
516 310
717 461
636 696
148 211
154 288
438 477
712 463
593 66
10 98
657 735
490 858
632 155
841 616
274 150
102 359
192 569
621 44
164 391
691 312
554 845
551 126
408 349
588 135
415 549
185 158
418 626
102 136
781 29
703 141
178 756
499 322
459 206
317 623
549 142
21 237
121 571
362 481
6 36
615 372
584 751
529 88
512 583
223 379
611 60
519 741
768 104
197 361
310 513
70 810
654 42
181 727
564 494
342 570
481 43
76 199
746 557
286 392
274 460
722 836
471 375
711 373
478 42
686 739
506 755
635 247
797 767
108 447
395 401
151 10
395 227
160 275
783 445
618 191
39 474
113 462
800 824
834 365
817 654
238 458
496 825
704 379
726 763
825 256
250 111
217 644
337 377
6 206
773 623
348 764
184 460
360 118
418 328
482 370
69 672
779 564
631 617
77 443
466 36
698 715
98 2
445 434
378 450
639 285
160 73
135 343
533 494
412 85
774 846
406 842
652 319
540 369
70 568
811 535
603 596
336 653
597 781
221 61
365 812
297 476
19 432
770 551
12 317
588 785
297 128
713 35
447 339
355 468
41 252
90 596
847 425
383 530
292 555
542 657
453 839
267 472
405 172
109 368
440 648
288 688
776 135
674 309
474 163
728 466
366 769
196 300
281 530
829 572
220 506
363 672
431 582
230 787
705 291
289 231
73 576
53 800
663 726
195 223
840 58
640 340
778 836
591 193
452 555
765 671
147 214
430 529
795 611
450 586
36 738
816 61
401 820
860 150
632 190
324 558
199 98
850 111
20 575
256 472
216 155
229 314
368 610
842 250
356 426
835 391
251 738
451 603
644 398
704 363
539 162
55 737
259 39
799 231
614 189
702 829
295 17
278 663
627 206
47 117
632 833
459 834
657 45
571 388
442 361
750 67
522 804
803 732
795 688
97 543
829 750
458 258
767 687
7 480
28 5
596 611
838 189
531 581
185 188
103 578
548 852
644 204
743 533
70 672
308 119
349 223
3 758
480 721
580 439
335 559
443 17
256 415
158 786
83 294
108 185
824 655
124 602
810 1
222 831
672 529
84 107
751 39
864 317
711 530
755 181
223 333
149 478
699 258
398 733
552 505
53 510
246 176
198 190
176 419
156 799
34 191
40 736
181 38
188 27
568 29
159 742
313 307
355 99
565 704
831 203
296 835
664 541
145 861
683 272
367 790
205 400
67 244
223 248
234 362
274 801
390 432
629 655
690 118
753 341
774 670
495 204
640 293
696 736
289 513
95 655
389 299
141 456
495 363
655 680
724 63
615 201
446 378
807 222
448 646
563 356
450 144
511 176
437 341
47 677
806 141
418 329
391 558
736 837
8 525
651 683
539 352
18 119
682 776
293 264
556 807
571 141
85 216
316 521
556 314
332 448
406 701
777 797
394 599
720 353
259 506
122 797
857 92
3 625
2 295
23 558
236 545
698 320
760 100
793 403
414 211
802 771
47 665
654 392
399 509
744 609
101 865
492 44
91 446
669 93
740 643
650 62
323 434
334 169
533 213
523 33
423 460
756 469
259 544
812 609
187 642
352 239
642 844
283 684
424 86
728 251
728 464
264 137
849 597
306 469
809 780
453 319
326 343
739 585
22 686
280 160
462 632
399 190
562 681
826 72
718 640
274 580
239 538
669 174
221 61
642 165
840 230
435 301
572 308
837 545
128 251
705 542
834 190
731 530
5 643
554 674
418 827
388 608
499 143
781 720
203 558
836 178
739 357
430 397
664 353
77 744
603 733
372 572
57 189
188 13
832 693
686 384
655 160
78 240
303 858
94 505
502 16
634 327
372 150
724 123
502 800
1 192
619 324
715 675
512 37
639 478
730 459
813 471
570 25
710 7
835 756
464 423
723 184
750 230
286 608
304 787
494 256
113 247
579 827
8 225
816 646
703 632
191 650
237 760
627 33
719 596
788 269
153 646
452 854
827 737
596 265
611 176
520 675
422 185
637 381
409 539
161 246
257 351
848 445
198 609
477 51
291 352
319 395
84 722
384 45
546 66
261 291
242 732
52 615
51 640
131 459
313 243
657 569
546 639
148 743
334 577
793 576
63 198
105 146
54 440
142 551
506 402
841 699
220 845
448 270
619 530
680 67
773 471
587 405
196 687
282 481
398 209
191 412
358 248
557 411
687 698
97 327
186 24
160 405
3 560
674 622
224 488
640 83
46 313
439 241
134 720
674 483
15 864
29 372
246 537
735 20
369 831
346 506
806 458
45 761
104 670
469 279
293 195
314 290
507 752
482 593
607 290
162 621
289 191
80 486
679 814
505 135
731 803
640 671
347 685
518 450
489 121
680 733
315 128
157 774
15 639
453 621
15 614
328 255
756 407
741 570
307 332
704 172
221 478
795 519
249 399
55 690
520 735
557 786
862 666
646 828
391 233
535 405
847 863
660 737
356 487
393 615
770 183
786 78
613 667
596 861
153 651
685 624
472 329
544 420
81 277
383 471
509 52
827 442
1 621
266 357
194 658
58 99
841 795
176 588
597 723
535 749
460 307
459 66
587 137
486 667
413 820
272 9
823 233
450 824
806 715
267 134
460 324
184 435
253 311
109 801
169 595
636 628
36 229
694 574
318 266
375 682
172 598
690 129
783 227
39 723
76 305
808 535
580 79
56 833
389 116
720 557
711 491
272 698
719 100
407 123
317 733
805 440
466 629
520 383
855 559
192 18
815 134
552 530
164 560
449 553
675 303
196 520
793 467
305 599
518 663
721 786
530 612
360 130
376 15
464 317
525 655
286 474
741 790
138 39
484 538
543 293
841 739
765 720
340 156
405 858
818 261
778 482
7 225
564 334
239 162
603 715
769 23
323 644
764 413
634 382
85 312
627 12
137 478
732 476
633 271
420 585
483 285
153 442
509 716
727 699
13 464
548 781
439 822
511 337
369 279
671 406
542 432
417 678
861 235
241 628
458 660
299 75
31 451
516 539
254 330
324 218
745 6
85 318
780 595
607 283
825 364
640 454
795 144
218 742
378 458
504 835
205 754
862 235
291 464
726 544
793 184
761 673
142 845
77 56
526 635
290 438
133 65
843 14
208 195
755 537
605 345
459 809
233 455
130 524
5 855
154 798
174 50
557 267
846 633
322 459
355 611
31 439
627 825
453 786
154 294
410 758
591 3
653 823
409 783
433 413
772 587
345 32
588 853
298 520
573 571
113 62
269 95
500 30
54 39
816 160
333 312
52 58
314 705
832 722
574 352
221 480
25 518
464 612
505 713
218 212
419 331
273 687
377 725
668 383
763 570
542 182
16 545
191 281
336 110
137 44
461 310
476 485
827 26
183 466
738 352
678 243
634 37
16 146
761 636
480 611
340 156
744 308
652 70
588 123
179 677
118 639
121 593
210 82
570 344
547 443
695 311
637 464
300 653
561 147
423 175
757 714
282 636
156 68
657 744
142 835
555 212
560 675
756 721
708 461
199 341
38 845
652 674
395 38
413 42
184 787
216 28
636 449
615 791
469 406
669 562
375 310
773 21
71 664
741 778
259 26
254 248
822 857
8 352
29 421
345 212
342 513
191 64
96 805
855 516
345 610
213 671
7 120
643 77
783 518
855 128
495 243
375 452
186 383
755 214
755 234
377 183
698 568
247 794
507 188
444 804
749 608
561 755
728 339
832 597
808 821
677 438
150 186
841 335
520 682
500 361
2 11
544 700
530 742
628 124
16 158
62 764
766 574
654 580
47 620
263 855
527 74
379 628
212 354
97 683
170 548
179 171
510 674
822 175
502 584
298 517
694 311
415 546
836 203
212 18
774 474
824 435
500 337
197 711
642 245
528 763
792 706
20 437
466 842
563 102
512 812
570 292
257 120
837 227
274 183
196 183
609 106
569 243
442 718
88 170
97 567
19 841
360 39
364 825
832 61
14 430
7 583
722 215
654 693
393 63
828 541
197 523
646 765
765 175
569 804
344 666
505 315
593 864
353 43
776 271
55 789
700 61
458 556
227 247
336 571
309 250
246 457
772 844
308 623
153 12
561 448
629 200
762 356
151 201
398 61
471 452
801 306
464 345
813 642
591 283
347 851
484 545
442 390
475 750
147 627
761 707
161 524
859 58
831 96
210 315
108 681
718 860
73 316
339 20
44 65
255 342
2 738
838 396
215 447
280 361
160 127
155 321
602 100
330 519
195 539
833 302
354 685
248 378
87 586
350 82
602 556
423 604
380 396
134 594
794 365
42 89
443 196
409 131
247 738
649 441
411 568
694 717
339 76
181 377
613 482
458 350
172 832
88 552
362 173
232 243
489 273
331 66
420 691
196 666
563 796
241 60
498 21
728 788
48 44
299 661
525 756
97 649
722 184
335 171
308 566
365 796
839 695
813 393
520 143
146 169
25 338
228 474
359 91
396 358
86 646
105 562
488 201
345 296
336 679
418 643
332 782
573 257
563 520
601 217
614 746
337 590
219 517
198 529
559 545
21 644
325 78
340 812
278 685
195 614
450 612
391 733
529 51
124 226
522 677
395 271
557 731
812 727
334 145
390 27
641 363
670 53
440 97
816 669
733 145
417 317
757 760
185 372
810 260
597 466
71 78
688 628
761 635
441 229
731 831
256 506
280 12
558 671
60 509
474 792
605 26
244 496
737 380
2 681
591 551
233 662
580 56
376 427
642 816
656 459
733 863
99 826
609 769
21 204
330 812
808 307
142 391
178 473
344 858
199 846
177 860
561 232
322 122
825 272
729 418
92 678
469 190
639 164
46 611
319 375
509 213
681 651
603 858
210 82
802 408
62 113
354 574
297 675
648 208
34 511
578 125
276 181
314 49
296 359
611 614
733 254
826 500
856 516
444 201
549 332
560 610
397 49
271 645
675 53
852 708
515 564
832 790
696 281
790 126
591 535
691 411
741 604
45 731
254 441
18 802
772 578
498 303
578 768
82 339
772 21
182 422
584 100
346 367
380 271
444 58
805 270
468 632
8 464
498 213
39 467
101 763
131 598
152 660
453 234
134 359
206 315
732 789
414 213
242 746
435 686
755 374
90 357
141 49
772 590
213 811
191 313
660 274
45 811
68 449
131 201
760 336
467 626
212 16
838 453
713 407
273 602
733 314
45 825
362 816
501 574
713 643
838 507
51 18
453 119
418 583
319 312
54 786
73 265
753 45
717 552
404 77
240 223
390 284
134 704
186 634
364 34
411 337
492 414
306 79
532 723
614 802
170 619
674 242
18 513
238 686
199 593
714 390
815 239
625 83
29 811
668 392
796 166
680 422
579 120
501 245
843 201
133 147
819 807
340 788
454 577
560 605
257 409
81 206
599 706
241 579
651 43
57 581
160 737
137 738
856 589
69 785
741 202
66 694
143 357
568 548
21 263
239 277
623 320
434 308
160 674
21 762
669 77
429 828
813 517
701 756
193 721
675 68
57 693
714 151
184 416
699 204
678 24
432 387
343 1
694 454
674 666
302 429
743 730
392 642
382 179
532 574
34 342
641 43
169 489
193 304
857 843
508 621
2 74
143 296
74 788
702 700
589 138
263 466
3 606
242 336
736 726
44 770
202 636
812 322
212 91
625 203
69 219
775 22
245 52
317 270
840 105
104 563
243 319
115 197
11 308
484 747
168 527
603 321
249 501
642 412
591 354
566 659
524 476
632 768
479 84
125 453
140 180
102 334
498 216
530 461
524 148
342 643
626 31
99 827
531 692
325 256
132 26
2 656
453 633
510 66
668 634
519 808
814 572
276 398
788 758
858 398
857 286
175 570
316 225
531 846
52 807
189 183
832 142
838 419
726 483
485 529
203 90
423 151
661 650
549 535
494 541
19 438
779 194
142 229
418 624
162 421
565 302
604 484
443 528
37 255
97 473
735 300
514 292
402 262
29 85
748 522
578 767
94 491
47 187
671 464
762 832
837 462
220 575
80 614
189 68
4 238
493 738
489 93
117 25
354 145
62 189
618 639
90 664
264 136
850 21
551 747
853 522
295 207
183 326
773 324
393 776
561 837
648 184
65 764
160 418
860 221
558 613
859 647
363 209
734 347
230 420
180 169
28 474
327 211
799 234
534 279
96 181
250 744
316 314
594 475
684 541
696 376
240 641
110 602
802 843
83 118
397 215
286 377
688 564
587 574
798 207
804 845
387 188
675 654
454 404
263 272
31 45
599 270
638 708
6 574
638 40
691 169
254 63
545 29
626 218
554 510
376 492
490 714
679 299
502 267
654 717
490 684
761 176
88 485
18 45
193 655
85 835
776 290
32 407
318 658
577 6
254 87
497 743
801 263
129 389
481 782
240 106
553 88
233 592
572 202
637 717
857 673
686 719
97 670
212 415
414 740
372 667
827 4
497 714
218 625
189 698
493 381
755 180
468 122
724 126
324 495
794 267
302 567
72 398
323 283
764 736
158 271
489 71
226 120
736 443
696 59
275 276
439 165
407 858
286 265
71 561
759 816
827 147
517 33
497 839
268 395
661 377
617 285
447 842
356 269
419 139
279 694
414 718
810 820
662 230
172 684
791 17
635 704
164 238
737 612
164 139
141 824
515 758
195 48
686 551
316 240
689 594
68 189
398 12
95 147
193 266
830 70
235 551
774 398
741 597
96 39
687 236
814 336
80 144
335 766
646 602
92 421
282 111
609 680
122 655
778 266
56 694
288 290
380 196
639 255
792 734
245 613
56 193
35 88
288 321
805 68
57 31
488 338
141 183
104 214
838 16
431 845
710 718
221 176
48 811
382 791
631 626
490 638
770 476
725 193
748 616
212 804
646 652
229 738
834 284
86 758
300 469
689 96
321 44
271 321
854 652
198 619
364 640
392 268
250 203
412 85
819 624
840 551
362 203
424 282
487 461
127 738
64 815
833 337
859 190
657 847
841 854
553 291
580 31
558 830
233 57
1 138
632 840
689 128
178 199
361 616
659 487
488 675
437 407
98 430
596 754
363 523
694 2
813 409
32 457
325 265
513 325
354 231
299 177
358 428
375 671
178 121
292 617
747 728
158 844
244 705
684 607
362 512
608 261
7 592
670 331
808 269
607 296
500 41
473 809
420 799
614 550
6 41
301 704
720 411
682 99
250 500
657 564
99 351
824 105
77 580
388 19
849 129
315 483
121 739
378 493
624 127
177 630
119 477
420 790
839 237
840 224
688 631
739 738
117 649
795 145
364 269
116 347
349 382
781 470
255 293
49 830
371 225
546 441
653 101
366 627
289 340
802 63
58 675
801 126
458 730
270 773
85 385
254 433
766 121
854 107
414 37
24 736
213 569
312 1
669 677
579 92
103 467
155 160
276 42
285 685
723 555
593 807
26 798
374 744
54 363
802 419
351 825
289 564
529 600
564 284
363 229
328 466
695 434
625 57
475 862
741 284
551 420
225 528
305 550
406 358
47 295
728 398
254 151
48 782
703 611
201 200
791 480
617 620
48 329
676 474
325 503
757 10
10 116
489 314
617 847
671 616
276 485
100 529
635 147
398 472
757 550
624 682
164 375
388 211
703 198
636 162
652 527
123 661
594 564
109 345
545 731
95 820
350 194
435 72
340 832
495 183
468 253
816 631
580 338
793 417
487 563
531 274
176 605
21 769
303 130
201 847
812 295
753 249
441 323
320 780
241 814
50 709
202 865
426 781
290 354
284 776
3 766
184 179
506 205
34 808
286 234
790 184
529 677
432 56
86 751
787 279
652 836
122 805
836 547
720 212
852 90
122 807
856 258
72 496
414 105
438 699
339 314
17 819
78 401
9 115
286 795
393 24
766 514
828 688
148 634
34 86
724 107
27 666
364 98
296 777
155 685
562 493
86 531
398 163
66 406
229 303
287 622
327 139
222 241
778 369
10 763
407 733
5 433
533 320
483 780
232 637
551 745
216 636
362 613
750 427
105 114
682 391
687 95
530 43
335 442
364 344
340 770
163 344
289 647
663 723
513 846
446 199
678 661
786 174
408 623
601 512
688 369
855 509
415 519
551 749
95 1
180 434
770 342
729 146
76 479
3 588
411 449
738 223
196 659
397 556
368 84
202 190
452 191
650 1
661 335
701 756
288 15
276 192
309 92
289 384
570 244
58 67
644 796
290 839
541 686
529 43
769 683
184 307
825 833
259 621
254 46
463 541
13 690
685 321
781 108
656 437
351 713
504 81
595 745
55 270
565 583
264 420
352 399
678 312
366 23
67 572
68 481
247 80
305 66
352 173
126 142
609 428
807 199
509 536
78 563
758 594
232 108
100 584
507 777
847 7
751 48
578 819
480 777
850 784
794 337
91 6
430 652
434 323
802 29
859 832
543 703
560 774
810 612
444 451
475 425
410 361
424 74
266 38
802 250
822 731
538 864
736 55
602 256
377 539
284 322
505 826
111 151
735 56
714 265
458 324
690 819
684 200
28 36
238 829
237 146
646 775
96 517
781 698
772 244
323 143
518 779
103 628
64 789
683 730
189 228
188 830
181 823
164 160
858 353
76 181
498 721
42 546
324 822
378 183
201 700
325 718
613 427
432 628
303 250
492 443
429 631
407 609
588 522
769 532
10 844
713 459
651 754
139 110
663 468
244 863
302 568
667 1
81 233
629 383
434 207
825 862
838 318
558 512
840 413
179 801
343 843
394 128
683 485
189 480
87 432
429 341
86 182
341 167
415 56
501 800
263 413
749 187
682 393
698 656
805 828
543 234
805 24
361 623
508 502
237 546
68 618
21 106
799 314
272 348
369 724
235 583
223 70
769 40
462 602
647 401
564 325
634 456
300 81
165 759
582 353
439 602
105 412
707 39
677 65
338 180
740 572
715 50
641 618
89 237
354 735
589 5
146 309
412 445
342 576
290 10
63 729
611 168
227 404
206 38
420 543
169 247
202 18
296 794
636 336
118 76
157 706
32 303
102 443
699 443
105 124
452 168
804 150
287 165
505 492
154 60
121 274
258 274
292 505
203 14
840 320
41 131
112 73
433 213
467 219
607 572
294 194
691 232
295 112
348 799
603 453
810 675
726 202
84 104
706 238
117 680
557 158
763 620
182 330
785 600
500 526
306 793
671 83
111 100
194 458
34 748
862 843
558 723
132 593
826 789
830 30
556 473
139 453
227 272
734 146
6 369
624 264
248 429
346 359
481 540
768 514
422 765
443 66
574 526
658 486
450 574
515 140
181 605
544 360
11 412
457 834
732 215
232 115
596 529
425 211
203 279
676 577
130 205
642 703
731 387
276 267
47 742
358 180
482 36
539 444
399 82
412 266
249 595
332 796
259 708
141 413
121 768
124 203
59 718
857 789
191 267
142 237
144 499
416 625
486 41
203 837
123 567
237 371
296 520
301 554
362 393
102 434
247 177
636 305
29 628
181 171
846 322
408 124
773 775
700 345
816 855
316 73
556 504
395 803
158 647
492 471
126 545
857 372
673 579
628 654
293 808
824 274
217 318
397 76
228 184
420 178
173 736
202 728
326 548
665 484
329 243
41 406
739 32
729 499
563 491
287 855
386 197
215 602
515 564
677 742
747 183
54 5
207 733
331 754
484 766
169 679
806 574
552 790
437 185
439 14
423 428
399 620
595 87
269 293
763 97
126 33
102 179
37 308
863 319
196 481
219 316
294 112
841 798
853 412
69 426
377 444
805 776
198 486
862 418
778 712
514 38
744 567
168 732
9 117
186 156
598 356
471 843
467 446
727 406
809 796
783 320
326 723
182 523
343 179
27 208
25 492
197 720
193 317
586 201
433 771
308 117
262 730
47 680
310 773
221 205
655 138
476 115
812 658
637 242
788 615
401 812
241 597
618 433
865 338
585 433
196 27
501 409
756 547
175 152
455 347
308 244
485 784
359 383
576 82
576 498
649 111
396 24
708 100
409 659
389 128
178 536
107 679
79 814
360 206
53 814
552 360
145 123
278 455
506 805
488 216
389 271
279 784
295 121
835 655
731 359
782 44
29 840
722 60
741 216
265 793
117 816
287 213
26 565
667 483
456 289
650 845
512 63
763 806
135 685
595 1
178 463
44 206
390 765
217 265
67 481
192 135
384 430
299 361
129 100
843 585
341 627
516 852
690 365
744 824
184 425
824 361
839 819
519 363
718 735
579 737
303 722
823 638
287 257
133 367
308 110
86 600
736 601
538 512
53 416
471 236
792 381
597 766
335 202
215 139
71 746
827 325
602 785
97 23
176 229
390 435
290 427
170 113
115 707
624 167
210 181
402 136
514 85
853 848
286 203
73 309
35 633
636 771
730 659
33 45
135 467
335 561
636 399
627 478
157 793
639 290
282 774
803 366
762 737
604 51
809 47
85 795
679 672
700 495
417 732
540 551
286 826
199 56
359 825
485 467
705 258
708 121
119 645
438 15
468 176
17 412
222 53
293 853
724 80
482 276
811 108
778 183
68 111
239 378
23 675
797 727
68 639
799 186
371 152
838 499
120 336
672 124
629 659
847 708
228 209
605 335
122 788
355 184
113 732
206 787
663 19
854 389
817 126
759 275
229 731
773 348
202 531
471 830
325 405
624 504
565 363
838 638
285 327
822 349
146 114
271 760
133 211
283 84
337 128
310 517
859 169
865 195
700 422
111 778
734 614
478 183
538 250
420 817
158 768
49 272
173 808
356 384
178 391
672 305
701 323
250 4
274 396
655 696
506 765
608 326
465 220
509 138
422 63
41 579
830 89
802 90
848 244
473 160
635 231
417 422
553 666
425 827
149 167
657 654
18 351
67 483
523 575
572 79
589 612
609 553
652 498
594 634
741 201
746 510
431 297
66 71
49 443
32 197
609 640
803 578
125 4
195 647
530 718
677 253
416 421
757 202
5 486
836 745
638 716
390 204
99 407
226 99
849 257
248 544
848 185
257 59
140 403
706 669
208 469
56 623
841 764
825 845
384 747
725 157
549 201
312 647
559 537
697 495
745 79
173 727
215 381
785 354
736 577
109 78
133 116
700 108
15 611
40 398
492 764
554 127
51 817
773 609
488 557
238 319
635 363
132 850
695 4
290 517
532 351
546 664
466 333
724 480
78 763
830 522
613 470
648 663
422 508
358 861
199 548
315 785
862 446
769 643
449 146
247 116
496 792
731 48
259 589
480 289
486 444
810 185
48 544
799 421
138 292
417 336
791 683
256 739
215 111
468 664
208 714
731 655
641 596
703 34
272 317
274 709
760 218
29 759
714 827
315 851
205 683
322 130
500 529
820 714
639 423
464 799
271 281
588 46
829 425
32 235
693 305
78 587
475 106
433 323
68 699
260 272
516 533
354 102
196 308
767 787
730 366
720 88
598 442
133 561
819 116
795 646
373 825
320 847
17 752
256 36
537 515
260 187
183 613
240 330
7 141
203 689
458 57
776 191
451 860
751 356
63 633
136 435
592 455
416 560
293 623
596 829
224 855
102 358
554 293
688 512
434 25
335 843
34 197
168 436
144 6
791 206
638 61
640 316
468 142
