461 744
276 445
397 15
208 372
315 93
325 115
163 168
398 137
368 270
228 61
261 443
293 228
289 163
368 376
188 127
54 64
430 37
27 12
272 398
354 365
262 35
94 452
203 30
155 109
328 382
198 127
391 57
354 247
219 260
161 407
414 242
37 410
307 63
449 117
27 341
20 316
376 142
306 145
171 27
281 65
409 17
219 366
74 139
151 320
426 339
265 406
120 329
383 454
391 370
109 418
250 157
272 192
298 145
336 35
171 155
128 146
200 346
51 301
24 229
159 16
107 452
422 254
319 343
274 249
251 382
233 67
105 71
258 430
215 160
4 414
343 159
98 81
43 176
381 94
405 78
138 78
68 98
359 387
7 171
202 257
119 434
352 252
71 148
220 286
336 251
266 217
409 363
297 19
106 244
140 77
321 277
182 417
402 79
370 408
277 110
232 423
110 122
213 180
297 461
32 171
250 297
415 226
227 250
272 332
32 411
436 381
255 156
336 195
234 244
170 77
381 401
38 29
89 279
208 413
278 240
151 94
103 104
347 329
354 157
227 413
135 201
332 417
356 234
178 156
44 347
232 424
314 298
19 402
115 255
354 420
61 43
80 163
146 427
31 66
150 285
46 312
25 405
267 408
178 445
103 249
358 362
240 211
226 258
179 340
79 71
326 139
141 406
302 315
371 360
408 87
183 453
399 207
397 232
154 141
243 284
389 140
212 195
378 438
20 95
316 98
194 209
237 362
153 105
215 90
3 162
176 213
181 113
448 116
345 140
284 126
451 240
293 201
434 209
177 453
332 60
118 92
268 354
453 420
458 235
76 27
424 251
239 143
392 225
287 303
392 109
456 409
348 288
149 349
63 353
368 422
412 24
52 246
405 72
232 429
306 307
455 268
97 261
438 55
52 291
357 444
400 351
391 314
177 106
229 268
459 136
228 437
187 280
222 131
351 20
126 223
327 148
57 451
408 61
44 459
352 400
8 318
289 427
170 33
71 427
300 96
129 94
100 315
401 321
12 318
368 138
79 233
285 135
250 259
196 321
284 114
259 292
431 115
257 167
175 355
132 41
451 260
134 89
114 74
437 153
391 371
290 37
171 141
199 420
427 422
280 250
74 105
80 43
247 364
210 449
285 341
28 274
168 190
390 281
291 393
461 248
303 290
284 40
458 50
459 424
10 305
212 84
438 319
126 251
249 363
239 72
271 294
374 438
50 330
285 340
262 284
127 131
140 438
170 137
26 195
127 36
67 338
147 43
223 300
293 10
202 98
109 39
420 21
15 8
351 327
348 179
177 41
309 317
45 20
99 267
146 162
333 50
308 375
300 174
235 309
403 360
417 441
318 5
22 326
355 348
240 72
64 308
408 352
19 427
17 285
139 178
157 188
52 70
26 226
332 362
167 231
345 175
115 349
224 440
270 139
246 341
230 92
315 176
11 333
169 55
157 307
233 313
61 312
410 114
104 281
42 299
78 386
12 192
302 235
199 110
373 11
18 169
103 332
344 141
204 51
195 388
385 455
239 12
334 215
125 437
34 166
274 139
119 313
359 420
87 96
68 26
134 85
195 236
417 105
404 187
184 166
113 135
187 379
147 59
132 271
63 166
4 336
332 122
188 229
80 302
352 147
355 25
260 88
288 243
221 259
429 404
452 80
77 177
458 251
264 128
61 326
321 92
228 220
213 415
448 292
255 367
5 177
419 264
264 273
45 51
70 40
454 60
119 98
265 143
348 95
299 436
448 186
66 214
405 278
196 420
136 17
353 141
193 310
432 457
121 44
74 219
83 67
306 230
192 109
372 106
231 237
81 217
423 174
459 394
452 193
352 154
209 243
322 402
119 293
425 268
336 37
25 446
131 330
214 350
6 153
456 236
389 103
20 378
276 17
339 294
209 229
448 445
39 308
385 185
139 376
452 41
441 15
26 110
373 267
460 378
419 21
180 375
123 227
319 398
243 196
259 18
453 245
30 58
119 414
242 286
357 233
326 336
275 379
445 186
213 10
130 170
58 338
111 180
103 430
145 374
192 403
419 211
214 448
268 332
429 49
156 324
309 49
198 122
455 209
336 206
247 32
404 304
369 81
51 11
77 223
412 269
192 369
18 405
356 314
303 351
362 26
213 237
102 438
386 123
213 288
329 26
320 299
358 227
379 408
265 456
197 215
291 388
151 336
359 73
188 228
423 88
253 202
352 382
206 277
44 418
103 400
11 450
265 368
216 182
342 47
204 77
262 33
31 440
397 417
51 123
183 12
239 3
241 129
384 446
433 455
430 103
393 440
91 196
374 306
406 254
353 148
358 181
209 416
159 144
371 237
266 93
248 71
123 55
200 73
39 199
67 7
301 26
14 392
222 387
264 194
208 183
369 132
391 144
87 116
287 24
352 120
116 138
190 266
220 417
339 258
155 405
293 22
430 306
413 218
259 244
439 5
454 347
137 384
29 251
38 344
274 390
30 418
94 247
222 314
203 127
138 385
70 430
406 67
302 386
312 100
196 290
132 188
203 296
110 231
85 176
141 359
132 170
343 253
417 103
133 186
230 271
137 327
267 109
421 108
33 300
235 228
156 366
444 358
201 120
155 313
295 296
238 454
32 119
246 15
250 378
200 18
215 364
372 21
12 360
128 72
198 390
300 353
294 310
249 61
429 431
374 291
265 178
283 325
297 95
339 85
40 106
130 254
8 40
274 19
399 429
91 163
357 418
54 190
266 330
278 233
300 218
90 131
396 373
455 231
34 361
343 73
5 11
327 12
78 139
31 16
107 149
178 30
105 260
247 398
128 64
197 455
281 287
125 243
226 146
40 259
45 382
360 77
392 225
89 9
391 147
52 64
295 257
94 427
55 340
391 211
431 126
204 251
440 356
60 232
69 100
58 141
20 417
218 440
208 334
448 137
19 66
201 341
322 334
405 228
263 182
198 416
413 15
423 308
74 193
404 173
278 111
221 233
328 199
440 228
213 144
246 278
344 153
166 232
25 137
459 315
318 195
298 270
209 259
144 283
18 114
22 296
224 242
95 119
440 74
346 191
217 159
35 127
311 229
386 364
365 383
217 250
117 81
58 353
367 229
202 385
342 224
247 104
32 341
222 39
442 135
229 225
293 292
379 142
59 303
72 423
225 317
211 369
397 296
260 303
63 29
254 432
280 39
103 311
379 352
349 388
25 145
151 317
436 69
26 61
371 125
50 162
441 289
97 405
151 385
246 214
413 66
212 231
104 314
80 49
205 457
436 257
140 154
113 142
222 166
230 159
318 279
321 298
106 417
241 257
340 53
37 319
118 276
88 249
129 196
325 361
191 300
156 358
453 296
66 241
28 295
399 346
112 286
182 246
270 450
69 176
69 133
