494 2278
484 84
314 424
396 101
236 120
308 385
419 82
276 263
295 178
326 361
258 218
478 256
134 181
47 142
133 417
233 108
118 276
245 431
206 147
91 1
320 453
439 299
40 221
67 389
398 447
255 215
224 292
30 411
473 76
58 165
52 344
326 169
125 130
159 330
276 249
385 102
207 329
400 301
55 26
195 452
472 9
226 255
300 255
171 332
330 228
56 435
77 381
109 202
71 321
91 400
76 475
7 336
310 460
196 418
46 390
376 77
452 161
332 312
416 8
149 305
290 259
246 420
199 354
181 269
181 272
175 310
306 235
205 175
255 401
99 300
350 34
376 308
194 267
125 169
329 327
474 124
91 225
49 290
138 230
118 372
61 292
241 420
33 446
155 287
406 307
146 315
394 27
128 93
348 306
316 182
193 295
359 337
25 461
186 162
196 304
94 310
101 334
290 187
339 4
473 250
310 178
125 209
259 252
355 112
118 176
293 364
470 211
206 54
177 392
270 427
201 363
242 355
202 91
48 47
94 80
350 457
258 474
171 22
286 86
133 457
261 479
326 291
195 37
344 371
482 173
303 242
41 105
103 297
249 204
397 337
306 359
100 286
90 175
131 175
361 147
489 399
472 285
153 68
189 84
110 361
440 351
402 104
13 258
353 216
160 255
113 465
119 212
310 208
441 440
436 307
92 431
266 123
221 418
191 463
7 354
330 447
210 291
56 223
54 408
492 213
222 110
183 395
376 493
162 376
492 104
188 90
94 453
266 314
377 16
337 437
369 172
389 85
462 5
361 21
466 412
287 194
82 469
148 457
27 309
392 25
466 85
168 65
98 487
433 34
9 275
30 377
6 419
21 467
477 381
47 448
353 333
201 434
307 348
450 388
217 347
466 188
485 139
307 142
131 245
175 193
79 205
76 84
183 96
56 165
37 102
172 443
488 373
382 354
280 391
247 56
243 218
244 287
410 56
429 101
354 163
293 432
421 422
21 109
24 130
327 114
285 59
62 278
485 3
137 324
393 438
380 195
161 129
481 131
238 469
231 151
138 83
88 64
11 162
227 88
291 113
201 135
171 316
412 215
372 108
45 324
51 424
24 266
112 64
450 403
39 186
59 230
322 200
347 332
361 133
419 211
246 179
345 470
54 262
191 479
369 235
308 474
164 385
245 329
449 254
237 47
493 295
330 320
494 182
212 360
315 190
130 120
423 474
95 476
241 285
21 169
79 328
202 296
219 6
130 227
259 366
273 257
220 162
83 219
343 294
138 217
483 267
336 411
300 485
447 46
329 467
269 408
300 470
263 78
476 393
304 240
318 136
57 44
297 139
316 200
486 14
416 474
334 312
445 140
302 397
239 136
423 13
103 282
43 366
360 78
264 169
371 141
305 427
238 161
125 114
360 116
127 336
150 20
153 100
159 454
56 452
149 38
464 252
319 66
177 238
197 494
407 74
140 271
60 432
485 185
51 351
300 177
192 9
250 344
162 409
357 271
366 65
308 389
370 187
15 52
424 211
51 390
338 245
166 398
182 157
88 232
67 441
462 312
450 217
161 171
185 77
442 110
195 255
59 71
1 73
176 425
337 281
320 181
31 46
84 212
256 171
3 322
171 464
139 180
240 353
351 425
483 298
94 237
112 152
361 113
278 43
43 175
377 416
355 407
461 492
178 222
222 180
103 392
203 295
78 2
207 428
426 195
231 80
486 396
285 352
14 69
394 110
243 330
32 157
242 492
154 419
274 375
158 376
272 414
177 403
416 383
336 401
138 126
480 129
28 271
480 95
393 434
205 195
269 236
351 71
287 64
49 66
438 261
2 269
180 232
178 155
174 73
62 311
253 101
493 334
425 39
428 323
32 138
77 354
427 478
220 490
33 339
487 293
340 316
32 77
53 187
251 179
302 121
431 402
174 270
387 212
258 215
297 395
292 156
382 278
140 107
328 226
5 374
78 345
195 109
421 247
349 231
426 210
352 416
172 31
192 64
296 449
332 98
403 183
307 344
461 6
10 348
231 15
227 308
359 422
471 339
228 379
76 213
95 481
135 320
17 380
383 366
334 274
463 296
457 329
146 477
335 155
330 125
169 62
433 87
43 463
426 325
401 7
43 55
487 177
374 63
62 316
428 449
96 450
305 58
284 450
94 178
164 423
303 387
44 295
473 141
263 404
465 223
464 67
278 16
244 157
78 359
473 65
368 128
74 178
239 412
187 332
95 404
314 397
296 357
197 329
57 19
292 81
242 262
148 79
331 445
235 409
363 267
33 236
448 107
467 192
24 159
83 172
69 396
75 418
313 325
252 369
398 50
450 199
365 157
277 201
107 71
169 469
392 256
265 399
362 237
97 439
450 233
116 78
135 244
1 7
129 307
375 32
410 384
284 334
46 120
94 206
244 263
235 195
24 5
100 439
295 250
383 250
482 58
327 176
302 382
182 430
248 117
21 217
6 358
56 106
477 149
365 280
465 105
475 488
109 134
486 404
383 428
213 424
486 100
106 293
41 341
282 288
457 356
64 23
219 119
128 255
321 492
94 292
103 128
339 265
261 385
228 203
318 441
133 309
100 292
161 140
138 2
427 155
357 490
177 135
168 304
443 48
355 97
339 17
224 238
336 485
128 69
193 445
69 379
314 168
230 34
307 368
36 293
28 446
342 204
141 69
67 143
117 475
239 455
492 463
252 333
453 433
455 205
438 30
144 257
251 373
344 118
300 379
410 327
385 258
90 31
326 210
173 2
191 412
457 242
434 268
80 446
207 94
156 204
123 299
20 428
232 363
51 37
248 460
418 138
277 67
222 163
277 394
164 27
365 180
268 304
8 401
309 268
494 465
471 177
323 490
164 114
358 214
151 165
233 74
356 70
140 83
232 470
37 449
2 455
189 323
265 196
283 79
463 283
103 439
19 480
434 182
99 351
449 249
22 187
376 377
256 22
460 47
51 56
56 53
16 244
429 334
439 218
467 461
6 75
405 78
114 398
313 267
308 321
21 329
13 451
266 323
32 285
423 82
340 478
134 355
227 69
195 225
286 221
191 345
349 155
476 463
112 348
235 420
174 309
254 240
319 79
68 350
363 51
432 208
34 125
123 315
247 371
45 92
97 290
490 445
444 471
467 116
378 207
41 57
76 348
297 394
427 418
250 295
468 241
63 62
365 185
376 118
61 420
263 157
269 259
161 273
289 134
388 173
394 428
229 29
335 85
423 267
9 232
122 36
472 184
97 396
368 472
19 428
452 282
144 226
100 358
4 388
491 445
66 445
378 349
473 273
433 401
45 441
192 166
37 169
403 133
125 276
111 143
263 122
478 460
347 137
324 405
31 374
355 96
324 293
444 303
71 437
263 169
437 455
389 473
183 297
112 307
79 276
10 395
451 47
361 303
184 244
267 268
123 182
363 447
474 367
309 104
363 77
272 305
37 166
284 274
23 449
140 155
284 149
55 240
250 469
102 433
218 369
206 395
56 128
347 89
54 161
246 416
291 23
227 382
243 70
161 265
24 300
473 361
9 33
106 258
62 207
250 333
135 15
233 244
142 139
332 250
353 83
225 150
160 11
37 456
80 251
280 157
110 258
23 118
344 182
375 405
389 130
244 29
144 36
327 340
175 164
149 33
301 373
236 20
438 272
475 77
82 260
234 192
23 310
309 366
492 244
331 440
373 134
28 77
169 354
470 397
78 124
484 432
56 225
451 493
57 485
76 138
250 363
329 326
232 144
251 283
387 87
228 319
274 310
449 443
169 424
399 246
107 388
237 217
173 193
269 229
183 398
366 486
320 201
317 58
398 74
340 344
214 128
168 488
437 123
490 165
106 448
465 267
342 207
483 74
454 311
302 142
215 227
188 40
427 10
151 384
137 491
233 351
178 401
398 174
83 447
338 242
400 362
14 301
75 56
374 88
367 181
229 87
408 416
180 394
480 331
284 176
381 76
86 118
36 483
291 172
435 188
414 395
56 481
201 184
43 81
325 463
315 59
109 282
35 288
182 74
178 25
249 64
154 335
181 190
377 31
361 372
219 280
272 328
267 472
71 363
112 395
331 427
13 439
214 101
286 449
228 464
33 477
87 187
371 268
430 253
352 296
184 76
136 455
457 456
433 87
378 104
481 214
36 54
212 304
208 57
312 436
26 345
472 167
91 348
488 26
160 345
375 344
475 16
304 437
31 296
84 408
400 124
181 489
177 392
352 385
9 170
380 88
20 357
254 164
210 247
189 369
98 123
272 132
139 136
128 223
431 211
137 390
335 317
439 71
269 296
15 277
465 394
364 44
256 124
207 465
424 449
394 81
78 225
212 270
360 340
52 351
56 188
300 444
65 244
21 333
46 35
115 70
429 38
114 244
161 374
215 91
383 168
171 20
392 437
343 258
282 394
114 391
88 413
341 152
217 415
44 316
9 158
385 491
249 58
241 410
486 455
60 428
182 284
447 79
226 295
390 13
248 63
458 389
36 304
46 252
278 143
73 286
354 17
283 109
129 29
24 120
43 137
53 224
420 59
356 206
353 252
272 160
368 235
55 403
98 100
214 375
297 340
221 156
357 9
264 485
91 341
164 187
477 270
410 457
328 325
222 240
136 493
399 10
288 453
466 385
113 186
320 409
31 46
70 441
108 388
485 252
234 154
438 271
477 407
287 310
291 14
55 427
66 14
436 353
466 461
298 138
152 177
106 237
276 176
183 437
123 174
194 410
381 191
186 364
103 32
233 393
99 342
325 165
355 320
77 380
341 428
78 492
110 183
234 439
358 471
381 40
204 80
450 90
270 141
13 426
227 300
379 325
147 263
489 61
143 126
494 483
59 77
480 223
260 274
221 177
250 108
217 13
241 172
156 71
366 169
2 98
28 434
423 174
203 471
288 345
102 287
333 215
364 372
491 129
151 217
305 454
378 27
466 125
252 128
195 178
350 250
275 377
190 257
110 446
234 397
296 389
243 188
163 112
65 159
240 270
430 105
229 313
185 255
437 491
436 191
174 291
1 448
227 190
211 390
141 4
292 490
392 40
183 115
206 247
273 5
22 208
109 305
27 348
119 23
344 60
214 23
404 214
30 136
457 294
31 157
297 376
152 249
469 388
363 234
194 195
239 216
403 401
80 483
254 198
65 103
257 332
179 166
51 209
355 67
8 439
277 359
374 482
167 402
375 35
142 75
283 380
344 191
286 423
233 100
126 352
202 436
189 435
161 294
203 75
360 210
73 143
128 446
130 294
407 65
382 54
139 171
433 482
415 279
464 208
378 149
65 139
90 253
79 304
52 335
378 466
51 450
168 232
455 351
86 367
415 467
475 113
197 413
154 118
251 123
325 134
271 443
327 414
201 459
223 307
300 160
332 404
169 5
195 183
409 280
110 330
253 90
2 449
8 156
126 313
278 450
6 109
398 332
82 159
351 305
465 156
24 356
119 247
360 313
429 274
99 44
163 405
133 219
413 195
374 45
67 211
54 72
373 12
458 455
170 314
319 194
29 342
55 201
94 468
19 83
301 171
180 24
81 367
242 54
121 98
187 385
151 312
264 162
275 224
385 148
48 84
176 443
192 430
97 165
449 233
26 179
412 49
314 284
290 367
458 464
464 150
354 174
462 177
390 296
454 280
444 61
418 179
10 115
115 160
334 123
392 359
301 363
407 174
207 202
46 170
171 69
320 84
243 341
315 138
196 274
417 145
335 340
378 398
15 492
63 348
174 14
212 34
376 178
208 88
433 253
258 109
322 137
246 124
37 66
261 232
394 237
431 234
137 314
191 151
365 253
58 44
320 323
77 201
6 284
343 438
97 160
106 418
296 405
47 386
471 361
123 424
103 59
163 239
426 353
443 296
165 6
339 44
328 470
298 387
259 146
330 355
305 489
332 160
400 432
51 430
298 174
359 455
286 81
253 272
487 202
73 157
261 466
254 149
441 57
41 259
203 425
174 13
473 65
227 378
3 277
367 300
10 231
314 296
311 73
73 303
328 199
19 94
170 272
296 170
383 391
483 91
375 162
157 353
226 383
291 282
166 163
88 229
394 455
84 264
33 156
73 360
409 145
14 138
471 309
308 359
259 296
9 139
17 165
492 296
108 342
84 327
10 225
61 403
185 145
173 218
354 299
137 268
3 150
406 33
19 273
391 331
74 399
470 90
124 27
385 231
368 28
63 377
252 177
340 437
321 72
160 181
424 296
8 480
6 413
19 78
191 409
408 318
368 437
461 491
23 406
281 390
433 397
327 191
79 226
133 400
297 346
140 280
201 265
206 174
283 337
418 252
305 242
125 247
262 175
270 173
455 219
112 357
105 356
435 330
488 394
132 393
93 465
99 294
236 359
467 24
201 390
275 11
191 453
258 453
133 87
185 93
305 350
9 410
211 4
299 258
397 485
156 50
455 255
397 196
119 369
274 373
318 108
384 69
67 201
81 199
341 265
346 205
121 354
174 331
357 473
149 314
463 304
363 423
64 319
125 236
247 452
169 70
65 58
192 131
312 272
384 212
97 235
416 217
94 96
107 11
74 255
378 42
119 300
24 236
124 202
472 370
159 200
493 224
257 191
408 128
22 297
393 118
37 314
388 185
463 55
249 42
309 132
137 481
431 161
223 60
362 254
429 81
453 481
304 269
177 217
450 199
74 348
316 164
167 264
348 136
318 156
231 186
287 422
173 277
88 449
390 9
208 378
89 220
365 446
48 47
223 3
299 296
350 175
459 76
438 367
265 261
28 56
446 369
477 178
151 124
132 47
132 393
424 275
118 294
226 165
395 8
221 199
357 130
373 322
260 370
248 84
136 275
139 142
203 175
319 354
298 451
454 484
403 383
264 27
237 49
245 137
111 466
389 467
101 322
348 414
197 101
4 387
430 142
34 138
317 406
51 174
416 10
163 325
447 480
405 243
89 155
433 253
180 327
225 335
208 79
254 405
179 257
351 168
453 438
306 329
349 356
8 325
420 225
155 372
210 119
174 352
273 112
110 13
492 335
347 206
467 106
170 205
417 26
373 375
23 184
209 425
99 216
255 78
440 463
9 210
87 182
121 414
293 231
426 345
125 332
56 151
491 279
355 413
358 233
293 380
470 61
310 129
331 125
206 330
93 269
45 234
450 220
207 303
10 192
153 188
29 262
338 79
46 198
492 403
485 344
342 20
405 157
202 241
281 462
76 428
236 175
167 191
448 427
53 457
124 205
150 206
26 487
284 71
244 335
33 288
185 374
308 149
91 69
443 371
36 78
358 271
252 84
22 259
16 74
221 139
333 370
398 358
416 188
483 166
28 21
13 266
395 374
414 485
443 362
415 478
494 279
255 305
362 276
70 378
349 290
76 187
220 34
105 141
221 93
360 302
113 373
74 67
252 47
111 254
463 86
238 462
418 52
272 285
327 341
222 235
191 352
476 410
385 140
56 165
232 416
26 398
348 153
465 159
200 135
413 222
220 156
189 143
207 20
482 93
415 263
381 111
120 416
26 64
61 135
282 292
110 308
250 457
460 220
176 219
408 94
440 188
303 188
384 69
262 371
215 182
194 101
346 367
77 371
431 191
65 218
43 175
31 292
191 51
71 366
269 478
459 215
171 321
456 61
389 223
485 163
404 184
318 255
57 394
185 47
90 250
318 132
478 403
477 174
453 53
46 227
37 64
1 261
439 17
375 333
239 420
56 203
109 373
17 219
272 202
265 415
11 143
107 488
51 89
167 9
142 266
289 232
330 344
492 274
360 373
166 104
298 221
360 460
99 377
239 424
84 63
399 148
205 11
141 255
99 361
263 294
133 112
31 22
455 29
349 374
455 74
477 312
349 343
331 7
279 75
431 416
138 335
69 342
399 263
103 3
183 419
351 369
90 381
390 50
463 298
423 372
460 294
280 362
131 286
146 259
276 121
396 116
189 298
74 11
400 131
193 378
481 68
468 367
17 77
390 315
60 372
246 25
172 31
440 356
370 145
120 152
265 22
321 13
319 395
23 278
31 215
215 17
336 242
437 353
319 332
227 378
210 472
456 435
62 455
296 485
105 415
142 423
490 463
435 368
417 17
205 447
285 420
23 127
167 19
39 45
405 265
422 120
296 437
114 411
397 409
401 61
383 103
483 433
71 477
360 47
493 71
53 338
50 129
464 270
147 8
315 57
272 296
230 127
239 343
43 195
311 443
256 200
51 298
192 175
281 57
275 333
127 327
176 230
455 145
6 162
206 320
218 37
175 8
163 413
350 205
114 167
208 423
420 258
226 117
487 12
173 267
399 354
100 80
89 114
279 148
275 484
467 53
27 202
60 243
120 409
448 287
135 161
215 60
472 1
230 24
12 457
291 410
370 444
50 458
63 328
112 338
371 138
390 451
393 9
200 19
417 207
359 112
421 134
171 398
134 455
422 199
417 272
115 292
221 218
309 283
51 474
180 475
172 129
432 70
137 142
114 397
7 225
323 140
449 280
327 409
207 31
385 478
199 182
258 416
51 101
26 84
280 7
255 463
438 379
159 134
26 272
36 86
56 358
279 11
143 111
473 404
142 364
441 340
105 205
262 209
359 341
293 144
347 53
166 290
485 325
477 17
156 72
102 266
429 435
276 132
51 254
95 192
177 95
92 336
353 407
50 217
253 342
415 106
449 86
449 439
464 486
15 180
63 117
445 52
57 280
237 161
93 331
407 270
479 4
111 338
464 160
60 222
62 34
381 16
174 390
454 143
381 29
376 443
145 380
494 255
165 236
469 258
126 381
87 111
384 251
448 407
464 67
189 31
101 75
100 328
24 114
30 404
142 406
407 340
291 460
100 16
202 128
327 381
15 413
491 452
169 4
365 192
125 59
223 279
187 322
112 211
489 141
174 136
106 86
475 451
52 134
466 307
262 298
193 276
270 244
233 492
301 157
189 479
215 465
263 456
293 428
172 341
75 345
477 234
485 457
190 96
97 161
402 358
18 154
139 287
451 425
284 258
142 473
296 356
443 65
371 295
52 48
142 180
447 124
414 491
140 109
92 236
324 493
153 395
206 291
188 163
276 471
474 417
9 275
332 12
393 209
306 445
310 7
130 316
184 103
312 324
212 403
65 95
455 218
489 167
68 182
383 397
213 362
373 221
196 265
232 149
473 98
99 342
104 282
218 342
385 35
171 156
492 289
250 452
66 298
178 188
40 66
90 252
481 23
32 237
287 318
385 319
469 483
166 132
324 437
473 214
472 203
369 469
492 178
480 63
476 164
304 75
283 448
326 270
470 411
12 262
288 396
86 262
438 305
448 267
248 480
41 279
189 463
307 186
201 292
302 182
15 166
310 298
119 141
73 94
111 138
409 453
93 494
274 36
358 227
356 165
213 450
3 455
419 309
146 125
161 7
360 175
172 175
32 344
369 158
437 39
295 351
491 387
404 271
476 322
57 338
46 323
347 49
283 271
357 482
395 77
489 314
252 220
488 337
124 362
1 66
401 295
471 451
242 434
227 277
315 338
174 361
166 27
409 449
297 325
436 252
402 484
71 213
210 65
55 387
480 55
12 440
404 482
397 151
476 183
427 296
26 107
216 192
133 130
146 483
455 141
240 416
131 311
134 394
429 188
286 468
243 297
468 206
339 424
356 320
112 342
175 192
8 391
437 194
26 88
183 40
228 476
455 412
346 94
311 334
336 102
308 138
399 281
343 243
210 204
122 375
105 296
126 167
192 68
360 272
155 102
365 437
138 380
354 483
33 225
323 368
326 190
11 230
30 353
32 293
116 153
227 275
9 353
441 254
420 360
85 135
22 450
131 159
389 44
201 421
268 83
349 100
326 413
383 355
272 469
207 441
127 434
275 189
292 275
443 217
141 33
351 216
42 41
428 430
85 188
411 352
271 265
451 102
183 394
17 14
368 223
15 54
162 289
243 13
70 191
284 264
223 140
39 265
235 466
254 319
213 170
176 483
434 187
145 177
86 161
190 13
437 258
66 105
53 308
171 176
58 454
493 281
154 37
105 388
62 358
212 274
88 441
263 81
133 461
257 272
181 7
284 123
264 404
281 370
217 452
51 275
411 49
115 70
139 273
457 200
190 228
474 277
175 296
358 307
262 174
139 442
180 422
124 444
331 405
373 108
362 424
436 278
32 56
402 171
328 364
370 23
98 403
300 326
204 217
138 25
390 276
26 76
258 150
79 148
60 451
255 475
434 196
258 466
305 219
196 138
89 71
215 240
474 20
71 237
290 262
316 185
98 341
314 409
50 446
62 163
457 317
143 396
72 455
421 377
179 122
74 321
247 288
66 280
