899 938
781 891
487 686
25 745
91 726
129 543
749 186
692 151
426 791
22 49
332 293
673 156
472 652
377 341
12 399
60 176
380 746
73 771
532 97
616 527
822 649
171 576
835 767
726 266
658 748
314 91
46 891
151 517
549 527
858 560
830 822
640 216
668 712
87 301
713 608
732 541
357 3
217 197
674 848
368 433
601 681
428 646
578 168
227 110
126 691
845 853
336 161
621 54
247 826
766 759
659 312
122 566
434 318
341 287
685 773
887 372
301 538
854 783
610 86
797 641
681 742
594 117
3 315
170 155
242 841
14 805
253 135
471 591
358 811
877 48
589 769
324 794
312 278
582 23
363 480
663 144
322 357
166 325
576 335
384 817
276 397
627 434
437 199
125 794
15 8
746 509
776 171
403 94
448 86
116 716
565 778
764 791
140 834
216 715
270 599
538 450
2 265
788 438
463 818
237 383
825 83
891 606
253 299
699 606
289 719
327 758
597 96
650 641
31 865
457 205
470 95
654 376
359 543
718 727
461 55
210 291
42 106
896 200
309 601
710 598
420 137
456 23
137 206
663 167
77 220
371 546
219 31
826 578
478 644
310 39
603 424
329 549
434 230
748 742
735 558
440 161
599 896
88 641
107 750
807 183
875 184
633 99
119 559
676 596
208 890
634 715
414 867
365 847
102 118
690 742
581 135
3 280
36 90
825 143
744 733
230 624
821 863
723 40
427 404
635 540
395 274
355 713
146 624
566 247
742 356
893 423
395 895
607 431
889 533
478 639
271 707
363 97
670 91
136 103
495 675
547 794
853 2
607 99
531 178
250 373
533 244
700 833
144 312
364 134
749 841
772 25
553 140
121 229
231 161
331 630
740 877
524 693
783 136
791 414
314 47
691 751
290 396
589 433
613 53
471 367
798 248
392 452
293 417
585 523
483 16
158 323
797 586
22 585
721 717
5 40
763 695
696 153
97 385
491 614
343 866
81 146
120 377
502 412
794 187
839 282
107 97
604 808
682 530
494 408
348 498
353 211
198 54
269 294
343 664
8 685
535 893
736 654
370 243
166 264
335 10
545 441
106 155
350 692
589 748
201 37
346 458
153 448
511 326
647 853
894 559
544 529
552 380
284 23
622 354
191 57
364 641
403 374
700 657
167 389
410 272
426 755
729 483
208 245
808 854
198 802
514 741
336 166
126 619
93 653
878 284
614 247
25 117
620 724
678 691
213 188
867 543
847 696
126 156
41 838
15 144
645 528
884 82
599 16
605 691
668 583
879 382
734 4
404 455
632 87
151 750
275 119
393 127
719 424
187 665
267 202
808 13
634 697
94 333
712 603
30 480
192 9
767 26
13 176
480 549
262 536
399 441
654 697
568 378
126 754
143 392
860 51
309 595
653 307
28 465
11 57
850 202
66 622
227 882
797 612
531 64
153 835
505 806
537 78
189 662
736 332
59 697
287 368
392 40
579 324
410 494
381 360
695 351
886 827
333 783
444 768
846 596
608 356
407 245
433 595
811 270
831 870
871 219
243 363
163 726
686 572
321 72
32 21
327 822
847 659
705 296
433 557
796 46
817 208
291 256
803 107
430 639
881 401
857 129
668 121
855 454
692 276
431 629
296 757
551 149
422 262
349 759
723 246
804 640
453 100
800 261
207 330
1 188
730 762
317 498
882 177
857 580
452 388
214 652
150 669
705 571
31 155
430 658
305 335
304 662
339 204
24 545
534 828
638 269
690 859
767 673
136 629
258 492
117 471
149 171
240 854
742 176
14 177
738 223
416 142
884 755
346 8
400 784
835 43
153 531
2 824
304 137
553 466
628 574
37 777
745 181
636 492
261 554
668 100
776 185
241 760
844 491
673 249
280 513
292 338
144 293
167 352
335 720
817 867
299 758
649 49
40 385
540 205
843 214
304 719
303 450
485 247
845 258
495 226
770 786
468 819
85 634
271 419
359 189
386 658
47 41
611 890
330 157
196 274
370 404
93 577
758 482
823 704
739 418
834 515
305 402
434 294
41 609
712 400
702 103
63 654
48 673
644 378
829 744
651 204
154 648
780 12
231 703
715 874
127 554
489 336
860 827
629 2
442 346
401 244
353 463
897 401
236 547
778 71
391 529
179 449
182 60
461 412
667 181
292 698
640 685
134 600
518 667
601 60
113 102
303 466
564 301
866 705
847 649
680 243
183 858
692 364
822 158
681 495
243 73
293 882
662 332
583 280
99 284
339 212
291 642
582 759
847 453
564 699
202 249
42 384
208 638
652 35
700 338
529 44
410 727
26 173
159 608
452 162
797 696
373 188
438 859
851 290
317 421
89 518
669 35
806 876
673 464
816 473
801 445
421 217
272 447
294 335
60 650
497 761
446 774
853 788
639 805
178 56
326 171
479 95
206 385
876 783
753 697
261 655
242 682
871 419
134 265
658 98
819 255
859 366
35 717
254 673
622 337
728 852
507 307
852 712
597 733
595 450
530 856
205 676
543 81
195 676
250 853
773 170
113 637
535 147
455 693
819 82
130 553
839 542
859 791
259 461
624 854
12 159
715 216
834 263
202 130
39 451
887 716
525 5
359 160
57 718
758 780
799 792
433 738
434 298
534 693
758 163
552 769
321 272
890 256
534 192
290 477
547 277
198 173
186 556
237 242
374 95
123 179
887 555
821 326
852 456
24 616
618 575
485 844
846 380
200 385
476 489
861 124
670 160
201 855
620 342
198 899
437 320
178 329
779 4
559 637
459 583
353 83
258 742
27 110
128 131
399 603
619 361
631 389
425 736
249 50
179 446
49 520
670 131
848 550
135 412
192 498
95 449
580 258
291 511
367 323
641 765
27 265
131 657
558 460
494 807
510 577
353 463
197 29
594 145
483 728
461 674
326 556
223 811
813 418
422 185
741 69
854 672
238 86
334 796
450 827
703 864
409 61
428 605
89 122
654 571
849 216
345 180
771 472
91 589
795 418
773 636
486 727
313 628
717 646
524 268
479 327
137 887
388 564
593 476
685 347
53 539
562 397
719 338
774 714
27 669
232 799
310 622
532 622
351 349
368 874
521 846
207 658
834 499
227 432
879 817
778 32
456 346
334 180
683 208
894 615
781 131
419 191
753 51
717 204
400 185
83 825
37 194
488 775
692 715
307 672
632 90
608 188
340 42
273 29
154 172
643 35
302 162
225 155
213 42
263 517
132 251
347 168
444 835
847 237
650 254
9 382
248 616
474 588
563 651
616 716
822 359
751 225
425 880
284 637
827 452
159 59
702 506
131 246
441 78
482 96
236 395
477 483
17 855
76 484
607 691
300 434
55 56
563 480
37 847
122 768
399 281
731 106
786 766
351 232
843 738
327 84
233 708
471 154
663 547
637 275
338 842
709 393
897 372
777 838
224 898
706 527
279 537
632 70
403 84
301 251
821 627
239 59
435 710
118 104
357 754
378 599
696 92
896 694
464 773
632 687
772 344
220 56
880 851
126 289
35 426
539 760
59 778
724 398
493 841
501 849
600 784
548 397
875 450
96 344
323 632
37 100
76 256
156 861
112 281
250 52
611 693
811 669
476 540
73 69
481 478
18 182
362 471
483 243
21 578
586 248
215 527
348 291
687 503
157 799
783 406
850 494
104 761
169 580
402 241
648 787
718 571
69 86
47 456
328 67
134 818
314 254
351 661
544 138
169 605
37 52
16 886
451 119
653 619
698 60
764 352
846 582
23 820
572 69
281 899
40 415
723 258
668 174
824 217
311 93
726 253
50 741
239 500
859 796
124 563
855 887
15 707
474 841
532 147
814 812
51 853
232 773
116 804
851 40
26 168
38 751
420 87
592 563
586 552
460 614
120 320
506 134
127 80
879 563
131 793
381 87
651 612
859 766
517 716
711 447
883 748
299 308
834 795
870 425
447 335
44 471
655 549
604 686
533 488
255 664
381 635
750 37
347 614
708 768
335 519
316 318
272 519
530 111
414 501
440 766
740 483
337 495
132 846
187 664
434 441
333 815
176 183
756 427
702 564
296 137
183 516
360 359
135 889
469 548
395 9
414 236
491 656
635 527
602 821
292 136
267 529
855 442
712 869
419 376
170 555
464 685
15 822
819 809
297 372
304 305
691 444
701 447
180 328
149 6
524 284
273 154
240 619
770 52
588 289
332 662
748 795
447 668
623 271
577 20
548 785
229 339
330 30
690 414
358 838
419 786
127 596
40 271
316 809
227 808
103 559
571 851
359 118
524 82
