848 1296
515 327
531 704
79 506
840 809
266 245
543 347
640 808
179 381
213 810
471 194
259 762
59 56
342 267
743 136
46 662
23 593
140 554
448 218
243 471
210 509
748 752
7 539
712 185
103 108
179 573
301 469
487 392
524 12
690 450
148 735
264 170
479 403
723 110
653 118
581 14
658 480
766 664
202 661
32 304
800 242
61 284
710 579
675 385
590 516
19 769
435 282
91 97
716 845
207 520
146 819
566 835
482 515
650 715
359 714
202 310
107 262
593 1
840 452
417 614
119 435
534 585
716 656
714 584
685 72
287 14
74 36
1 555
550 682
453 92
547 654
401 686
68 178
686 91
661 254
736 811
721 454
548 588
293 413
355 161
516 674
175 621
709 175
359 443
40 811
534 619
616 119
456 715
328 325
838 140
610 725
102 482
362 681
254 655
277 608
815 792
433 141
564 326
347 74
768 419
68 485
189 684
635 676
550 114
152 539
285 793
448 419
459 809
251 712
615 528
503 614
503 120
786 251
445 317
356 396
735 424
32 75
259 667
750 840
812 85
563 249
61 162
699 519
154 101
414 801
660 101
566 347
220 503
597 696
3 136
243 737
559 274
843 1
124 744
841 88
12 555
368 73
748 218
623 53
350 221
5 162
353 570
540 572
257 288
419 291
423 661
180 166
118 174
166 242
102 158
361 113
744 728
217 643
97 24
728 446
276 732
639 628
486 330
383 774
649 833
216 256
677 395
421 794
601 586
219 702
776 579
846 671
490 247
498 586
302 377
216 609
260 6
420 745
368 802
702 168
818 70
423 646
496 843
623 248
613 842
133 540
604 163
362 246
441 11
15 774
387 230
566 679
268 137
607 635
122 461
834 91
562 441
736 209
467 510
489 231
535 653
770 291
815 316
536 439
358 550
396 777
812 113
639 231
249 397
49 402
41 66
492 602
506 411
811 125
105 451
387 639
255 341
81 254
656 648
724 197
382 304
125 345
416 763
607 697
344 687
250 384
752 774
138 410
336 132
534 440
614 72
263 52
412 375
337 251
175 213
480 588
516 636
116 115
583 722
843 78
592 277
493 495
202 630
56 569
761 621
193 558
725 455
610 320
829 98
603 155
310 234
774 9
21 41
156 603
794 150
712 537
458 357
184 659
170 271
412 115
76 604
672 832
210 433
335 190
531 89
377 24
354 334
65 407
375 220
193 320
401 89
41 11
445 256
701 614
558 264
728 633
51 584
648 260
168 135
482 698
255 42
722 641
375 818
199 781
189 423
285 621
511 325
631 107
612 516
753 321
811 664
138 14
399 785
273 567
71 786
448 358
11 353
150 386
322 380
318 542
802 634
315 465
110 129
603 753
644 507
226 607
355 363
620 753
299 76
503 402
46 103
759 56
455 60
441 809
471 791
502 424
576 816
72 718
97 675
622 772
365 31
530 719
393 333
656 692
409 310
277 454
444 187
509 83
278 134
43 748
108 544
355 715
544 427
616 672
253 422
595 649
452 277
552 845
641 359
720 201
700 148
686 296
366 347
378 675
512 420
606 619
147 112
517 690
538 285
545 822
706 292
655 309
600 358
337 392
748 240
625 599
419 462
46 784
840 455
610 535
58 367
305 205
511 6
78 200
290 623
206 179
98 12
519 697
369 8
272 268
247 48
50 666
542 128
633 533
582 427
220 640
825 556
28 487
593 105
719 34
759 76
212 40
119 731
736 519
770 192
818 200
271 19
17 812
178 682
529 760
260 780
583 236
519 610
755 264
746 625
329 689
732 541
728 34
455 648
552 376
839 553
607 261
603 624
257 781
489 817
692 748
748 458
167 450
219 73
713 148
729 194
836 644
766 716
677 372
515 412
779 537
148 537
829 751
344 237
683 16
205 558
763 136
199 114
586 417
218 482
596 131
675 584
774 592
483 635
147 181
198 109
717 378
678 729
280 205
118 146
221 354
735 167
522 85
280 259
533 530
740 280
660 599
47 585
374 561
371 521
741 601
661 641
130 490
522 441
695 671
618 99
208 504
265 761
620 577
171 304
258 95
615 101
725 694
717 250
406 272
802 331
24 615
155 185
288 708
657 134
530 426
264 770
113 561
682 732
289 37
219 578
163 17
678 39
710 546
288 300
1 242
630 56
40 816
240 327
676 80
493 357
505 756
310 649
468 176
532 788
212 782
549 374
799 410
444 692
140 763
143 140
156 804
196 227
772 435
554 599
547 230
139 235
169 449
36 637
656 599
608 19
533 309
424 483
718 19
358 9
781 501
149 121
488 344
379 411
810 116
193 508
345 332
775 514
812 810
334 619
560 93
669 244
433 276
758 303
326 268
343 258
800 491
410 439
18 821
34 12
88 226
551 433
557 477
98 552
438 463
354 182
555 174
457 172
481 367
474 806
666 848
216 617
523 657
207 572
629 240
583 717
498 286
333 238
762 462
790 384
76 327
597 662
533 205
833 165
571 490
123 420
490 370
188 196
178 427
767 839
698 502
739 347
819 255
585 764
716 558
299 823
36 47
636 568
284 621
733 38
294 7
458 815
376 677
162 585
255 113
607 137
614 529
483 584
783 251
499 682
808 830
656 28
60 444
595 343
248 511
381 541
549 22
540 76
698 733
693 137
845 483
273 610
164 787
377 98
190 60
780 181
73 619
208 132
214 835
507 461
497 71
186 198
124 757
305 821
641 181
109 638
664 381
431 827
320 808
108 541
51 71
721 123
690 113
286 87
99 792
580 627
46 797
8 169
705 345
174 497
525 282
286 372
695 749
382 198
708 490
738 758
592 642
32 465
754 349
552 36
293 283
695 370
231 702
539 119
230 712
615 755
177 85
310 23
833 692
252 724
365 141
665 108
815 728
573 720
228 308
788 552
622 634
74 36
519 644
154 749
539 768
655 715
36 116
770 52
839 173
775 355
346 591
463 312
470 219
215 730
558 154
433 331
787 506
398 458
301 551
390 839
502 228
738 538
343 659
621 366
15 548
720 360
322 366
703 824
584 70
705 325
255 289
687 226
827 236
715 311
786 256
302 472
483 191
193 9
33 813
374 47
544 246
439 18
611 293
25 379
362 729
703 617
201 542
26 179
809 740
490 747
147 823
370 629
197 594
637 261
558 163
307 254
440 777
303 202
222 327
612 615
207 499
415 439
224 440
650 184
331 323
82 477
297 483
257 525
228 78
785 818
240 275
255 711
204 557
96 425
35 708
223 273
358 638
711 581
229 544
796 592
18 62
220 346
544 509
22 804
586 838
805 9
265 211
751 468
767 846
76 833
737 298
257 246
119 151
10 380
695 838
123 744
51 374
242 626
34 295
613 651
285 569
691 549
779 625
200 729
623 275
713 511
604 121
789 723
304 830
254 150
819 408
77 21
781 318
647 847
645 411
681 81
164 524
661 126
332 12
7 106
318 719
649 105
24 589
11 327
602 264
508 605
703 616
657 636
86 487
634 762
82 498
842 245
205 654
370 537
697 376
642 198
279 474
302 334
246 313
692 848
608 383
604 463
150 444
282 267
83 99
180 164
596 173
408 801
10 777
489 738
337 314
87 647
788 421
132 185
733 7
216 524
389 3
170 538
447 451
805 529
549 168
692 329
373 283
281 382
243 769
304 611
266 422
409 205
842 572
422 758
578 637
434 118
640 603
688 270
238 676
798 786
843 673
266 367
107 578
781 349
530 268
112 796
689 552
184 683
276 605
624 37
426 209
187 249
844 58
518 233
733 467
202 727
323 500
278 429
261 242
809 791
509 104
738 349
656 105
215 115
742 839
183 319
231 369
567 226
426 236
490 342
734 724
253 240
407 530
668 667
803 660
609 463
764 530
843 571
635 210
717 560
200 51
30 462
452 628
688 29
47 361
403 812
268 655
203 674
368 22
493 322
681 285
816 628
815 810
350 633
203 250
344 402
301 405
48 752
184 767
812 230
279 366
193 547
204 395
404 571
448 48
76 312
333 75
92 331
37 473
147 239
723 490
673 207
46 720
110 261
638 105
490 100
503 682
678 706
260 234
461 707
281 568
170 645
643 293
159 711
766 305
101 672
826 805
30 55
676 171
315 497
275 804
597 809
669 426
667 80
659 311
818 124
62 172
800 704
464 111
566 413
447 699
236 425
655 297
479 515
467 794
163 774
781 791
734 602
401 584
713 243
78 683
366 140
6 350
843 469
492 593
34 90
443 301
514 281
598 177
795 248
122 142
173 54
84 91
655 516
674 552
759 752
386 308
75 391
657 69
43 300
693 76
390 287
409 87
568 158
263 546
405 416
687 610
470 803
700 308
502 557
11 412
460 396
720 534
818 560
635 13
12 479
120 433
798 528
551 549
717 846
278 274
413 117
35 34
103 766
374 604
474 416
200 118
844 71
651 813
630 469
825 673
132 129
289 113
656 24
661 525
21 90
830 433
238 48
499 372
813 56
160 438
471 359
555 466
461 390
463 274
42 471
131 173
599 419
285 407
474 129
115 494
251 96
79 488
175 609
44 139
664 203
576 286
593 315
784 205
704 398
478 745
20 608
102 619
211 418
209 684
547 355
330 829
482 440
468 656
232 543
794 47
745 553
364 489
19 299
725 754
728 355
651 748
146 784
550 388
385 790
224 115
296 585
95 777
208 595
584 439
289 561
517 218
265 32
706 284
363 615
189 242
153 23
173 298
838 754
718 375
695 125
489 174
709 584
134 100
330 749
570 618
461 238
835 726
301 725
193 663
491 381
89 643
436 293
124 425
199 841
831 77
117 472
283 9
239 416
140 568
317 709
369 777
130 388
686 431
296 30
277 786
443 397
612 62
690 767
518 72
792 501
180 92
124 462
133 394
62 272
113 378
165 513
338 326
52 208
788 379
237 217
348 711
645 111
772 486
62 442
589 37
94 769
128 249
382 292
674 443
596 786
4 760
482 374
269 566
581 209
96 817
425 444
712 253
586 635
739 647
260 511
715 385
431 843
665 845
318 490
471 65
459 507
8 93
32 277
658 612
485 785
612 93
380 475
345 118
262 267
796 521
778 663
90 392
689 754
388 190
396 43
255 6
549 294
98 580
570 787
375 238
724 138
362 287
613 739
404 58
157 384
610 118
230 699
510 102
605 81
291 152
123 577
189 703
23 287
434 624
257 840
14 132
130 407
451 774
297 38
15 454
421 656
603 682
539 264
783 327
345 258
510 499
18 698
354 40
168 819
664 425
811 709
588 124
267 190
81 596
228 95
201 680
782 803
514 472
251 480
798 627
769 459
277 787
341 662
10 508
665 705
84 627
565 704
782 16
77 14
611 304
140 843
168 73
829 713
577 263
376 526
41 297
169 350
267 509
163 276
168 11
165 284
669 761
171 602
776 247
647 570
583 786
596 750
43 577
614 619
839 141
296 64
469 496
413 767
156 607
227 356
618 391
671 438
303 841
224 263
239 22
16 821
840 612
754 34
372 519
652 362
692 131
425 344
627 21
263 814
628 521
353 429
63 207
50 397
199 273
659 470
327 675
474 318
470 380
351 841
82 186
386 805
316 843
333 126
15 627
124 674
299 476
286 393
683 336
789 65
608 632
566 118
490 224
435 111
635 817
103 716
154 488
705 470
482 189
627 529
815 750
354 297
410 640
689 276
159 629
340 798
444 90
68 85
313 502
227 99
471 329
846 624
1 734
277 514
106 88
194 72
837 580
368 430
403 208
705 561
21 229
510 464
318 609
581 662
263 807
792 765
320 821
572 320
707 33
17 812
120 211
68 140
822 435
570 408
675 426
120 727
686 661
374 155
422 106
848 716
65 791
664 384
764 387
735 622
451 751
617 570
145 684
742 118
303 463
557 129
72 708
39 758
553 412
64 126
518 96
