921 3582
606 244
711 271
486 920
726 134
412 695
729 568
306 183
20 11
4 186
191 125
125 863
701 42
615 859
160 326
790 861
814 475
262 682
824 748
680 708
39 249
481 846
816 865
108 915
876 190
179 224
314 382
245 93
503 859
110 741
263 899
681 234
531 100
915 513
5 752
378 43
79 16
889 53
880 154
46 913
343 303
216 736
684 460
907 344
476 95
243 738
152 2
129 682
180 122
352 185
873 729
227 109
744 273
161 782
505 285
773 848
587 146
741 429
684 726
772 238
821 93
133 130
173 261
811 432
382 242
616 412
128 921
600 30
352 760
811 856
124 741
861 789
887 680
296 649
485 226
887 463
397 98
592 649
359 560
159 819
880 774
389 87
852 67
195 282
826 84
217 107
824 156
54 868
836 349
596 478
653 640
98 129
737 689
856 253
406 93
230 365
24 618
530 875
684 724
236 667
886 531
774 788
686 827
814 679
333 488
235 144
206 332
272 100
178 206
432 584
377 661
106 400
357 635
432 119
437 746
785 401
355 716
346 120
700 238
798 191
804 191
334 167
601 605
267 858
889 698
520 423
437 625
901 872
417 411
69 11
236 853
490 669
727 914
788 505
231 744
695 192
92 107
359 771
790 704
707 836
480 384
416 74
166 395
24 582
885 171
592 278
102 160
25 907
153 892
491 462
793 343
732 884
529 169
733 476
872 598
391 509
60 806
661 226
359 684
886 322
854 557
678 114
795 702
99 105
751 668
645 622
169 456
663 697
624 475
251 654
151 720
320 289
605 60
514 121
822 558
521 755
193 277
26 145
136 203
250 45
871 894
666 118
507 408
893 289
40 222
21 269
21 419
557 704
557 229
903 458
865 502
370 215
857 395
359 150
597 687
194 625
739 18
821 324
425 792
612 543
172 711
890 271
209 604
132 765
832 113
380 854
693 749
147 628
222 506
856 898
350 129
680 167
146 580
491 649
529 260
270 779
50 238
128 337
841 259
259 831
450 639
842 221
466 68
6 767
573 862
822 1
148 580
247 293
317 737
20 846
75 368
703 203
684 910
539 682
326 877
670 855
594 591
154 217
658 239
141 388
258 41
467 405
700 713
697 95
528 795
98 682
320 880
42 161
868 581
921 351
615 670
284 287
418 517
582 233
755 723
620 170
842 165
574 620
878 428
794 563
380 891
402 699
849 444
17 874
182 16
304 796
685 666
240 260
261 821
492 173
622 190
342 622
434 73
320 469
500 192
110 879
241 591
735 168
113 751
200 373
767 582
247 609
326 486
869 666
385 518
838 165
708 338
865 299
410 263
767 68
534 34
104 774
624 839
99 815
747 377
266 671
37 512
359 442
155 385
186 619
902 181
783 767
518 726
144 86
146 910
232 758
102 335
689 804
331 867
698 157
322 42
827 359
633 343
800 787
727 143
484 787
323 424
632 920
307 776
163 453
843 394
368 102
807 136
906 217
81 682
452 481
802 357
839 513
779 796
458 663
17 99
528 419
523 239
417 908
172 579
518 172
130 886
274 15
100 258
231 259
18 682
739 898
197 736
490 133
689 105
795 785
203 402
282 804
719 698
791 890
434 387
219 563
351 492
577 529
749 887
866 845
726 684
822 1
577 469
212 344
573 86
286 854
566 567
737 363
422 606
410 855
71 628
575 422
278 310
108 184
275 53
187 79
815 87
159 549
634 370
892 364
534 336
296 178
902 190
619 482
795 186
494 866
893 148
445 249
457 631
432 810
683 618
888 655
783 204
282 574
653 332
95 265
667 391
522 726
659 298
286 533
484 780
556 455
85 158
782 620
788 371
508 629
147 553
362 87
836 723
661 567
133 755
910 878
303 510
682 41
808 126
652 449
905 286
61 147
522 842
845 388
370 431
174 516
141 615
603 55
416 421
700 627
254 689
583 636
277 343
755 242
468 485
690 530
849 750
755 449
749 678
836 277
266 168
792 486
782 552
540 355
51 319
60 384
86 721
98 441
221 10
683 768
494 530
455 421
438 289
27 344
124 862
620 390
187 491
875 47
200 572
480 251
48 539
634 133
417 810
653 638
819 414
484 470
101 17
890 538
305 916
882 429
14 580
897 280
228 8
326 428
579 806
757 627
502 469
838 919
436 569
635 333
140 276
802 241
292 849
857 676
1 817
262 93
555 237
372 861
323 777
446 901
740 281
685 320
749 602
396 342
328 188
674 468
463 633
787 834
639 722
667 639
697 7
732 330
322 261
348 644
116 794
702 855
153 466
333 902
146 807
401 473
74 154
98 615
865 884
606 583
685 351
300 460
436 189
868 836
450 294
558 565
166 418
578 319
883 910
378 186
795 778
737 26
89 835
641 33
797 404
694 639
755 72
256 348
340 281
263 789
654 899
511 819
395 167
295 435
155 751
620 29
687 436
133 775
349 773
886 303
335 658
100 247
809 434
594 227
715 856
173 447
913 683
423 386
850 797
821 162
626 598
269 470
112 402
403 539
332 367
842 666
183 99
912 70
532 585
375 404
598 547
850 589
308 431
133 315
306 111
477 89
708 745
559 820
225 40
437 557
485 436
301 667
613 371
815 224
34 268
627 710
893 635
457 280
144 589
673 528
699 228
695 564
52 411
462 355
450 57
911 93
571 370
838 263
740 811
565 852
157 270
719 208
62 254
566 205
842 317
811 698
545 585
341 675
74 881
108 603
95 177
774 666
625 690
86 522
579 650
531 815
919 328
101 60
582 666
343 581
140 312
358 763
896 777
516 127
736 703
808 831
37 660
654 661
429 739
340 165
467 870
58 543
276 237
681 15
60 182
596 279
493 111
120 546
45 636
751 859
496 638
847 611
455 579
429 41
475 768
206 99
795 342
721 149
658 480
243 717
740 917
74 390
185 273
93 229
66 844
166 561
639 92
250 172
749 678
292 303
603 497
401 476
917 200
703 653
759 24
528 656
98 680
125 282
31 217
510 96
218 755
735 856
4 142
186 752
898 477
212 579
131 613
212 126
891 915
858 807
96 464
542 194
301 745
475 332
40 143
506 337
897 320
271 900
461 535
809 438
169 100
174 299
791 386
504 839
379 519
725 474
140 424
667 440
247 300
771 286
442 435
622 417
754 51
474 372
664 440
809 833
539 141
289 487
526 871
405 62
468 287
535 686
710 360
205 35
659 133
399 258
567 179
674 399
308 305
771 50
744 737
40 441
877 408
6 560
436 489
621 62
775 314
747 642
752 30
755 489
163 312
825 808
490 577
365 797
39 214
4 782
108 123
301 143
530 386
702 44
874 402
184 807
715 10
606 545
39 440
191 280
751 94
246 398
749 610
352 787
823 355
726 88
556 106
230 243
570 11
287 601
491 470
486 363
558 250
907 676
689 255
34 597
427 279
73 254
46 424
198 868
857 81
114 492
186 343
734 834
432 178
514 1
727 157
363 406
427 196
173 760
230 848
265 587
920 597
633 501
873 658
516 33
850 165
297 272
898 210
782 234
723 862
118 879
382 559
364 809
755 615
647 142
542 70
807 619
666 597
278 618
334 793
729 341
36 104
691 91
313 552
403 193
492 520
151 31
237 593
839 149
365 644
290 64
792 254
762 536
851 118
311 342
68 118
682 103
222 452
272 613
82 754
806 652
352 114
682 667
785 679
815 307
480 262
371 350
516 211
43 445
407 433
786 474
550 546
655 850
155 84
621 315
837 584
45 347
697 806
92 639
642 65
24 279
326 473
628 920
762 749
443 247
260 386
799 889
90 611
817 244
774 595
559 689
257 682
193 111
645 364
749 365
428 852
722 832
403 428
910 244
335 431
569 594
896 526
561 64
294 536
307 146
209 23
914 466
705 185
576 507
548 404
30 133
413 751
44 815
258 32
216 592
541 864
343 515
468 904
657 840
518 122
65 805
144 57
349 6
241 4
513 789
486 542
921 898
371 122
870 707
232 244
456 852
186 878
445 732
860 260
650 535
381 714
418 524
849 846
609 169
7 279
115 571
820 193
626 348
315 574
213 625
817 747
555 160
703 158
891 720
417 620
412 797
491 909
478 419
833 165
587 918
522 780
567 420
51 271
847 444
2 217
227 898
42 781
136 745
96 185
622 512
883 113
466 452
100 23
870 11
266 614
7 788
551 652
365 602
1 369
203 81
585 429
57 627
289 272
529 384
535 229
54 496
341 519
26 440
620 54
529 44
746 614
910 376
344 432
135 423
801 337
504 464
766 560
248 212
910 855
674 523
242 727
97 582
404 202
180 102
334 787
145 158
480 212
612 823
644 746
325 523
162 907
144 85
624 471
296 613
404 48
293 645
854 469
385 336
670 643
437 82
508 661
318 145
872 9
126 594
833 450
274 73
514 497
236 216
46 531
828 528
658 279
331 590
747 715
83 574
515 598
734 101
337 130
246 367
217 371
118 129
899 471
280 491
46 516
785 91
204 771
618 19
128 27
608 874
820 769
526 413
446 417
593 861
546 917
385 842
366 503
49 422
52 328
70 176
1 854
266 205
703 41
223 909
147 910
19 124
836 623
537 360
118 208
300 664
203 763
584 647
344 711
226 474
196 295
649 197
306 72
480 167
192 781
154 338
848 173
461 763
874 155
280 71
441 658
734 722
500 475
447 843
264 751
475 538
203 281
813 588
353 371
754 623
310 65
39 236
316 578
156 269
812 436
339 331
172 230
132 671
704 657
672 125
487 225
662 768
584 633
434 15
82 266
716 391
410 754
706 725
490 861
151 380
375 568
789 547
797 78
296 658
735 46
861 379
349 681
304 12
392 738
105 473
161 821
22 570
732 806
453 379
824 682
837 278
329 705
903 204
782 356
20 674
481 880
131 908
639 435
919 109
330 182
661 490
160 761
218 891
724 670
349 626
509 343
61 837
126 121
199 908
477 218
739 115
255 870
101 894
462 178
160 870
438 899
438 597
817 734
645 698
561 151
482 149
494 542
64 619
742 341
684 297
558 502
490 813
529 669
864 148
4 181
96 441
238 612
195 212
425 840
68 64
69 549
212 641
169 355
339 910
695 180
364 411
760 11
381 367
680 402
593 762
661 767
282 56
458 555
268 40
473 335
182 621
883 473
340 209
906 757
277 679
95 719
247 854
730 627
379 567
107 50
407 768
896 767
823 511
401 248
550 31
661 810
730 701
361 149
910 345
63 265
182 236
141 428
169 870
213 626
515 398
754 80
323 728
846 225
317 404
551 24
435 291
834 243
149 352
470 137
776 612
480 115
847 621
621 173
648 833
877 242
310 710
321 632
516 324
14 912
728 644
93 241
92 5
562 240
436 190
377 369
801 14
483 805
713 261
57 440
173 12
681 561
800 159
350 474
482 443
464 367
165 556
686 256
640 327
495 233
516 29
601 474
122 241
357 834
501 413
352 752
504 190
391 382
427 820
855 67
341 476
433 584
190 277
839 908
603 491
219 276
599 898
749 720
296 263
632 796
755 142
627 337
410 175
797 837
152 810
61 492
443 493
154 632
769 150
618 529
720 915
883 397
49 789
274 344
131 905
298 885
204 3
300 614
256 254
608 408
142 668
57 585
318 290
374 245
518 150
773 316
222 814
791 271
681 143
693 811
206 69
774 409
150 231
180 406
485 866
892 705
612 27
447 9
395 821
332 913
128 183
307 349
154 177
698 835
398 470
724 603
538 656
170 688
44 349
251 607
294 221
391 63
326 916
150 721
894 481
712 100
743 176
528 896
431 304
809 829
773 691
510 469
425 679
314 547
186 564
233 558
784 623
620 188
696 770
66 669
408 777
847 229
32 453
204 462
836 170
448 766
860 37
313 442
794 626
68 58
268 300
694 209
80 393
476 854
320 541
601 727
397 606
35 507
216 317
126 130
486 574
896 504
689 366
24 561
150 170
698 496
548 470
705 706
862 338
639 339
878 397
145 432
81 258
96 297
574 222
505 217
874 558
720 641
3 823
280 152
150 56
726 698
526 509
561 545
4 278
884 882
754 186
471 834
522 567
288 253
788 793
469 740
429 347
538 510
248 817
740 476
31 545
331 635
132 892
258 215
327 299
175 159
563 645
72 163
369 438
415 235
309 884
132 817
309 669
405 635
644 224
268 674
768 599
387 57
569 723
271 895
180 524
133 742
327 283
905 695
720 398
88 187
439 219
161 826
46 565
539 768
867 807
599 792
563 143
7 210
865 356
262 123
880 394
865 285
755 6
58 554
403 224
819 921
443 58
825 567
622 522
492 647
486 169
596 127
311 602
415 254
37 676
456 916
149 478
358 61
562 494
614 122
718 511
121 318
647 25
42 427
625 533
152 189
701 747
394 169
428 808
501 543
562 35
616 789
591 52
850 231
624 621
432 499
290 552
816 15
655 15
441 358
547 592
546 405
497 97
573 82
904 232
624 545
345 318
491 15
448 419
324 150
119 755
649 487
465 622
501 198
637 21
556 341
691 259
825 266
356 555
347 417
786 128
40 210
524 531
224 50
107 626
279 304
539 85
790 82
706 370
279 500
469 913
841 238
251 744
504 685
377 8
180 242
215 299
451 738
908 753
867 93
536 224
476 153
308 423
234 171
792 513
671 339
504 590
656 833
491 317
596 25
403 855
266 617
232 795
513 218
705 458
389 320
760 22
472 225
445 706
395 394
376 144
812 879
812 546
870 460
862 544
485 343
556 829
118 787
703 630
162 486
245 630
884 83
651 435
386 253
298 780
647 673
82 537
709 51
240 657
511 180
359 74
601 914
902 718
780 762
505 99
327 749
728 368
910 537
802 374
789 257
312 593
8 472
287 796
522 526
531 111
705 889
184 464
882 244
260 819
84 844
75 489
671 803
857 739
497 816
270 443
152 660
115 238
210 401
112 732
85 643
921 789
689 184
410 728
506 670
704 589
671 779
157 420
739 92
316 393
65 665
835 216
403 107
533 613
587 644
502 671
444 501
617 291
763 106
97 347
854 880
94 603
737 250
180 633
420 496
104 484
239 96
779 720
203 390
411 789
112 70
538 635
650 312
4 491
417 100
917 428
58 89
109 873
417 289
584 836
863 766
398 259
862 255
57 143
644 547
89 835
695 705
548 423
95 551
72 591
729 67
97 866
234 206
817 650
573 559
564 593
403 119
851 343
453 65
564 254
611 652
167 385
435 793
886 609
422 36
278 309
102 374
253 335
658 148
142 388
785 705
59 267
903 67
688 434
132 331
687 821
61 12
284 575
804 249
341 384
363 618
692 465
149 102
878 807
328 99
352 192
882 411
458 21
477 224
454 608
633 299
508 773
310 870
505 271
276 845
733 639
541 582
261 689
683 296
653 90
473 163
360 513
573 817
533 207
198 145
894 910
443 480
761 831
507 344
259 862
267 71
658 886
731 76
732 572
371 464
661 844
705 178
514 356
73 125
562 349
269 613
337 790
171 255
778 757
598 116
776 22
265 512
907 74
587 718
645 115
339 463
116 122
640 629
556 791
754 275
298 180
888 713
49 137
47 905
51 723
99 826
745 363
495 730
516 239
526 239
354 864
781 469
143 578
177 698
448 88
52 824
346 18
615 473
233 661
457 284
463 555
267 286
76 841
173 591
158 699
908 590
720 846
217 863
503 393
639 108
559 690
10 904
786 624
535 98
443 70
460 905
703 726
348 778
724 520
526 882
376 592
629 175
516 845
195 97
395 912
204 32
760 292
94 624
916 707
721 437
776 259
499 636
143 846
493 866
523 176
905 899
846 692
231 441
615 504
616 89
494 899
199 332
269 371
35 263
156 834
778 89
251 355
725 393
358 375
416 881
550 479
16 475
249 325
73 21
828 767
109 479
744 387
890 171
757 3
512 913
915 369
80 244
802 883
636 239
336 210
277 44
767 292
597 94
695 669
114 680
593 302
237 416
688 205
665 523
286 255
593 280
702 752
602 583
713 396
900 207
605 255
250 450
625 846
622 398
672 735
156 343
194 471
758 881
755 580
562 119
835 312
477 694
142 158
355 13
553 412
219 315
666 468
764 448
471 543
3 221
435 237
563 629
708 479
667 541
137 307
738 129
619 373
823 839
530 335
851 240
747 227
554 570
773 475
97 322
96 178
621 530
415 263
237 201
741 904
820 35
368 715
164 144
166 144
62 695
478 70
92 382
376 645
31 227
277 206
628 372
383 327
60 876
668 296
155 566
357 132
601 804
847 843
26 91
65 87
865 621
236 114
82 611
838 191
837 193
475 622
644 857
28 703
812 695
156 124
419 513
335 98
474 339
98 499
508 162
586 530
861 821
644 21
510 560
290 504
831 764
205 553
779 311
413 748
163 569
871 581
239 363
678 712
701 854
289 288
173 32
817 113
852 539
212 519
256 502
102 166
423 385
797 280
695 289
106 15
857 135
596 174
497 431
43 356
364 331
643 536
363 617
648 372
314 18
891 569
598 150
813 99
613 689
379 465
135 563
479 70
697 153
322 352
584 364
707 26
773 507
640 293
202 367
665 515
463 713
242 139
20 133
237 632
900 694
254 113
336 732
261 111
885 661
541 626
182 326
730 34
832 448
405 192
893 227
785 434
18 105
572 116
317 888
826 295
660 158
487 74
48 826
264 11
566 804
715 747
288 523
859 198
49 343
468 21
569 332
454 666
436 184
781 831
150 765
205 809
1 770
41 48
674 383
137 318
265 851
223 552
452 160
829 580
502 454
600 150
785 211
815 379
394 753
288 622
596 571
589 676
419 708
802 251
169 97
568 433
26 790
143 557
29 129
215 609
582 893
758 446
182 730
824 655
641 190
434 315
761 101
148 337
808 29
587 134
125 313
567 229
181 788
785 288
916 157
897 576
207 812
100 468
700 81
201 419
350 713
733 189
814 39
604 779
67 270
913 191
582 637
498 841
503 441
287 497
597 341
230 883
231 409
429 9
489 708
506 838
499 397
184 470
435 788
328 501
215 398
770 796
192 346
794 694
786 159
348 541
499 577
581 809
64 88
896 632
795 481
548 372
877 811
842 390
677 327
48 891
803 817
844 73
320 716
766 264
33 271
804 531
5 463
497 69
629 472
700 502
31 405
31 907
294 30
454 128
435 501
176 316
475 98
388 794
893 311
136 83
581 97
692 586
638 268
733 345
739 590
4 769
152 35
833 446
143 365
652 578
23 828
893 497
83 439
369 133
749 584
215 488
680 907
231 476
332 121
820 149
710 903
917 19
16 907
543 237
429 274
814 451
259 865
105 420
382 552
553 209
214 846
775 52
910 84
527 320
204 504
468 71
485 542
90 579
527 632
816 113
63 708
642 321
651 746
741 190
377 451
399 669
454 331
720 443
415 404
762 697
908 388
847 550
87 15
208 693
725 102
805 867
888 526
345 697
350 164
886 805
693 442
553 226
773 430
747 266
913 666
120 899
132 45
527 219
59 813
911 863
914 873
808 39
477 310
735 906
553 699
789 324
220 499
628 71
87 453
415 78
198 534
134 408
579 660
705 716
631 694
736 623
725 701
661 280
90 553
343 642
331 211
123 629
788 751
778 874
282 350
30 558
883 242
45 619
60 749
493 690
601 307
391 404
166 210
762 255
762 184
54 250
473 176
36 339
5 813
371 366
320 479
2 282
721 46
58 780
795 629
548 553
15 96
35 259
384 796
592 304
58 645
553 609
899 668
27 62
638 476
427 37
33 507
397 753
632 454
611 584
162 316
215 255
412 249
592 795
202 262
177 339
64 809
26 41
555 131
102 271
606 607
386 639
272 782
549 903
394 318
565 634
633 779
46 123
185 637
76 386
56 252
724 119
139 750
238 772
880 419
201 644
104 586
361 454
526 67
435 77
384 157
710 96
14 755
297 198
549 372
663 604
703 465
722 920
372 38
771 331
456 129
132 639
793 571
171 397
637 685
473 100
841 340
274 13
173 570
289 721
100 30
482 802
574 282
879 24
399 807
433 12
14 564
650 807
213 900
361 850
742 913
107 740
410 380
752 583
107 199
461 285
228 22
244 880
382 202
904 859
87 415
871 180
58 678
144 349
656 583
356 555
574 462
374 63
920 204
724 185
481 342
469 709
442 792
746 903
72 728
840 237
222 789
495 358
546 638
785 359
300 220
914 31
760 366
172 759
648 53
22 208
395 569
74 915
439 819
896 589
705 894
905 84
761 478
520 464
274 383
823 573
681 894
682 520
417 854
357 222
906 457
508 458
104 660
452 622
637 505
368 420
477 351
503 396
908 180
859 339
562 839
69 322
811 750
841 385
761 355
607 825
811 193
361 72
11 891
772 647
554 219
145 109
648 726
504 713
905 521
130 624
438 198
103 407
27 101
791 866
455 555
769 423
827 209
495 837
257 424
562 810
642 785
77 448
589 580
239 651
258 369
432 696
645 535
260 750
635 208
695 169
763 542
670 747
829 322
662 165
746 381
132 545
244 208
71 911
788 310
719 203
757 229
898 559
763 315
388 477
523 161
724 443
781 472
347 689
873 87
11 697
546 142
320 868
350 391
857 295
779 654
497 693
40 553
409 803
25 796
437 547
114 318
147 895
868 493
741 819
658 751
594 361
50 72
307 478
541 242
772 477
53 427
248 93
137 656
53 161
610 489
787 802
806 91
775 752
584 673
729 399
581 401
760 631
551 145
266 170
466 117
646 597
622 51
768 837
786 820
76 474
466 20
354 429
111 287
260 773
117 146
250 698
546 167
486 255
391 751
424 856
25 228
610 725
278 457
640 142
355 716
694 821
814 206
328 3
571 666
775 687
811 183
542 515
349 106
769 818
15 350
831 39
577 520
764 13
55 561
233 488
434 85
466 327
290 794
329 18
617 183
783 586
444 404
258 792
588 184
768 602
533 677
720 268
275 641
280 329
280 512
896 714
596 440
119 43
391 447
60 87
708 1
751 230
483 87
180 228
349 26
909 881
702 707
306 135
426 585
542 784
176 516
576 850
35 694
893 504
299 110
590 164
189 498
394 671
663 652
899 90
756 886
129 615
750 434
749 333
177 449
195 352
43 771
359 156
622 330
660 920
519 407
163 707
63 635
457 725
444 513
894 278
556 180
50 384
613 878
716 789
405 68
298 526
838 657
761 618
144 499
616 662
63 857
448 125
649 62
8 171
574 901
527 287
159 577
670 850
533 543
797 95
610 173
620 606
908 459
302 131
115 75
792 178
90 397
381 738
458 388
67 189
446 593
475 683
327 302
612 17
844 566
111 612
738 731
375 725
347 755
13 462
908 804
718 76
280 177
814 816
644 880
84 247
551 558
9 36
18 699
52 19
343 242
709 238
130 162
120 476
74 132
95 61
94 812
136 452
147 28
346 869
65 508
194 695
224 281
730 241
58 860
259 400
180 47
638 309
287 836
785 440
47 37
500 140
7 714
670 232
821 173
179 885
681 451
658 904
732 545
302 789
484 560
347 663
685 142
51 130
56 914
569 181
108 226
399 114
18 147
345 838
320 523
802 79
53 617
140 863
241 441
730 724
158 234
544 1
375 673
130 510
744 777
690 852
81 168
44 177
314 468
94 712
148 53
790 279
669 87
220 67
606 29
790 764
341 413
843 716
243 130
304 66
906 151
917 144
318 118
399 711
585 492
501 733
623 449
90 450
535 310
516 299
417 385
220 757
876 141
630 276
270 91
341 333
242 336
555 559
454 32
348 196
603 7
7 304
455 176
832 147
485 427
445 59
890 664
894 2
804 603
277 231
693 618
642 92
111 354
651 643
386 156
839 146
162 3
528 695
178 439
842 741
865 365
799 912
187 772
913 148
532 268
379 382
43 178
474 154
532 282
796 75
516 713
299 757
716 826
530 893
422 529
792 444
894 669
434 238
598 504
385 208
772 763
669 814
99 221
125 630
581 921
783 175
791 160
10 585
143 619
636 565
226 506
166 277
332 600
514 9
182 899
295 111
819 42
83 917
341 207
704 79
206 565
254 76
724 342
739 25
118 532
589 344
195 754
699 527
511 292
614 772
269 66
882 166
187 43
241 606
329 23
685 534
588 96
688 469
516 585
493 634
195 239
135 469
72 833
153 661
203 845
511 550
910 551
795 175
593 114
781 921
136 623
613 802
718 458
350 312
121 921
103 395
239 237
863 389
149 94
128 351
17 718
59 5
347 853
259 97
45 197
176 259
819 867
140 694
403 568
84 524
567 187
918 884
502 859
351 650
110 558
159 126
433 217
209 779
148 546
33 271
821 208
529 718
232 747
569 635
393 653
237 39
918 312
80 498
328 431
306 437
146 464
641 578
759 7
514 906
553 625
334 531
912 20
328 222
767 54
856 238
706 250
355 781
561 435
437 46
23 742
561 247
363 280
824 200
287 495
263 918
198 596
527 188
615 12
489 460
66 423
777 850
752 210
789 470
723 383
516 745
203 155
70 565
514 51
843 800
624 184
875 901
858 559
246 630
650 734
248 794
315 182
801 145
391 668
614 272
129 208
95 410
442 244
132 34
373 53
912 76
315 23
55 330
581 379
118 388
192 365
260 506
546 219
729 94
886 421
365 173
708 539
661 228
782 793
340 233
3 330
387 397
352 520
726 90
899 1
478 169
365 816
753 68
113 560
162 157
59 605
408 845
222 147
230 161
97 569
473 100
898 859
575 407
458 497
435 459
132 682
823 26
513 49
218 230
289 374
367 893
860 291
273 85
520 433
261 168
905 439
223 1
92 630
458 549
205 50
165 336
810 146
440 480
194 736
709 482
188 154
532 205
444 804
369 122
316 629
289 378
146 590
378 316
298 914
864 581
121 108
74 9
253 514
488 525
328 275
85 595
429 695
799 30
578 325
230 51
32 597
428 256
266 885
571 563
877 514
223 156
700 296
164 110
888 652
713 374
84 797
47 591
570 3
621 305
328 8
355 438
605 862
694 870
904 343
511 17
14 812
172 792
266 336
59 232
145 771
684 228
725 730
819 453
812 597
757 297
604 270
813 287
210 585
235 192
86 825
208 178
794 459
49 138
794 107
449 96
36 211
323 760
99 299
291 68
53 127
364 657
475 334
101 684
919 415
33 162
397 319
339 269
777 466
486 728
652 13
823 687
302 304
525 400
602 816
546 655
100 909
469 574
322 569
415 398
141 526
638 537
2 55
885 858
521 449
664 251
540 645
16 841
27 619
399 628
513 23
440 691
90 908
422 490
635 915
887 854
519 603
470 521
736 433
457 335
39 278
664 578
1 758
497 106
456 895
813 126
918 331
896 86
397 396
654 189
390 619
121 66
379 590
665 193
180 200
607 218
557 428
795 636
265 450
742 799
423 633
3 498
121 56
662 517
452 394
705 920
170 905
64 548
573 729
820 832
86 584
128 721
169 81
436 512
530 256
389 110
46 471
608 166
526 427
762 135
821 624
133 148
607 276
775 338
162 673
248 326
414 454
126 661
613 561
252 221
895 640
410 98
268 96
263 794
601 182
86 500
885 219
648 570
573 580
65 734
410 312
138 823
845 263
562 536
902 892
836 33
690 324
130 36
498 472
908 177
653 73
756 616
370 561
344 21
219 408
833 628
799 128
608 801
391 327
494 450
298 487
483 66
810 612
101 465
162 88
721 894
239 555
667 608
273 168
628 491
576 618
276 532
745 883
411 293
367 62
743 664
549 383
808 516
152 67
60 393
154 780
365 471
492 189
157 764
357 863
412 90
559 687
621 461
727 189
754 172
329 654
836 877
115 722
472 266
788 531
737 99
468 180
648 38
448 804
880 804
824 370
893 540
135 671
80 861
17 833
111 345
644 104
301 758
905 851
181 850
539 918
107 85
255 754
201 702
716 159
663 618
528 634
316 662
462 395
680 557
385 790
902 107
52 360
22 35
289 281
884 827
277 69
69 611
902 269
391 696
427 133
392 112
845 707
852 465
259 610
100 722
557 80
828 608
518 7
721 806
288 763
790 643
910 16
332 890
284 802
664 789
13 214
900 15
78 830
479 416
597 579
216 233
737 202
919 334
208 719
297 495
560 245
296 548
260 627
596 623
507 338
490 598
630 548
692 708
535 249
281 211
906 496
522 801
697 519
213 63
395 588
636 33
911 10
660 250
716 334
872 301
750 519
57 538
145 748
403 759
154 683
48 139
257 648
97 112
245 309
174 719
54 809
830 44
898 568
372 692
59 322
71 888
919 206
504 143
32 906
59 265
746 106
482 81
832 578
271 155
44 444
873 97
411 782
219 387
507 590
157 645
69 306
690 67
512 272
288 622
335 346
44 159
530 525
318 440
181 668
673 224
269 704
400 679
643 618
223 307
366 458
30 434
764 719
579 433
148 24
212 561
369 256
798 56
859 274
495 119
20 326
421 288
108 820
125 829
596 347
214 119
805 323
631 726
199 289
316 347
391 606
65 760
19 863
815 878
294 468
154 313
872 574
679 137
552 803
44 305
308 336
423 191
658 211
74 857
578 468
361 48
152 504
886 171
524 858
206 817
404 359
208 433
11 45
569 641
847 691
24 233
106 525
502 842
815 654
777 471
200 295
518 431
799 561
601 401
498 885
297 901
322 583
492 411
706 218
131 632
909 233
22 172
837 603
92 730
414 27
358 614
400 34
123 277
594 802
757 170
844 211
229 244
872 720
654 657
16 863
446 82
254 546
253 248
227 424
135 641
450 492
412 849
604 613
284 356
572 119
525 494
408 832
737 358
630 548
93 725
569 617
885 901
242 217
227 468
719 361
266 247
10 756
253 693
447 615
127 176
812 651
669 298
641 563
656 349
269 827
231 837
523 274
895 764
490 200
389 287
639 734
612 727
568 22
498 94
637 624
269 527
433 96
825 152
737 638
579 84
622 889
78 223
241 51
144 809
329 612
253 46
424 22
773 70
43 428
242 679
210 590
364 721
685 346
872 500
62 608
663 683
654 740
64 894
870 286
860 277
897 191
323 399
291 253
548 334
680 789
170 47
457 533
767 299
878 717
878 97
483 619
859 215
516 80
267 464
365 205
741 420
475 142
897 765
473 523
177 310
470 426
357 84
116 202
383 73
77 339
248 559
115 185
852 630
343 197
173 787
481 71
364 34
291 339
798 763
20 133
151 568
558 586
651 673
788 112
824 22
529 151
659 722
414 589
431 836
865 682
701 424
831 143
536 200
560 412
120 658
623 270
304 259
14 113
90 880
303 913
901 911
221 717
711 714
384 299
707 406
138 565
908 47
707 522
246 424
92 365
240 714
714 622
52 727
734 220
685 195
290 743
184 511
538 52
382 79
351 167
485 488
731 550
535 595
151 780
176 242
303 494
34 95
195 164
900 86
383 742
280 673
642 542
341 258
594 801
415 23
125 57
589 13
607 202
686 757
140 861
156 521
513 189
694 707
432 672
871 814
571 309
644 291
850 63
627 522
21 120
623 145
177 291
157 783
571 842
697 789
861 852
388 452
198 160
316 629
910 265
601 559
573 323
7 581
465 633
181 485
753 883
630 87
331 865
869 59
865 723
848 804
732 393
413 8
553 728
637 620
150 316
258 802
717 264
461 260
55 720
745 807
681 532
893 169
475 919
228 418
720 233
379 609
625 791
616 335
676 410
34 905
804 370
785 600
712 324
859 766
122 761
651 803
371 701
129 4
777 435
500 654
667 879
341 371
827 36
784 661
445 817
644 328
265 507
85 135
830 22
900 109
862 709
69 390
567 198
393 423
632 51
155 378
8 496
827 913
610 689
652 133
664 453
539 86
38 623
220 25
724 199
134 664
65 202
132 631
478 604
132 189
654 287
645 740
861 550
731 549
396 541
760 138
72 457
224 189
158 443
213 39
720 425
781 784
706 71
494 262
753 704
450 485
148 173
382 87
801 191
714 276
810 553
492 882
167 715
228 403
316 440
442 193
23 301
56 728
450 628
68 281
489 597
765 637
848 304
802 807
495 595
161 462
305 652
501 471
525 728
873 919
326 472
190 348
852 324
233 380
30 379
661 598
54 583
313 60
45 272
866 539
24 184
158 328
914 659
877 596
465 908
593 790
537 783
216 467
185 527
5 294
906 744
891 117
484 361
176 528
711 199
224 735
382 220
375 119
176 49
662 241
721 531
856 582
825 402
845 431
485 217
415 307
265 531
790 625
786 476
494 63
699 307
445 238
526 898
435 780
104 176
178 824
706 113
563 688
514 487
197 156
703 690
462 47
379 409
750 243
42 322
305 741
707 828
