542 4731
120 10
373 249
478 299
330 492
124 231
8 496
129 256
240 202
460 430
10 240
537 142
15 2
261 31
233 185
214 534
533 360
27 389
66 530
171 421
479 294
135 487
247 289
226 512
491 143
399 526
409 420
125 449
447 386
479 137
54 151
154 70
536 181
484 85
168 113
505 131
406 124
101 137
412 326
106 386
494 505
370 386
382 494
293 286
363 229
448 416
405 85
485 398
265 427
482 459
539 471
73 428
52 173
22 463
524 154
307 475
142 160
319 523
111 69
292 500
323 223
373 212
307 342
93 30
252 59
514 274
529 44
159 64
242 207
10 249
360 342
181 501
501 525
507 96
77 282
53 426
504 451
95 268
250 187
323 501
245 294
258 231
363 417
320 88
107 330
336 492
129 1
476 114
9 466
209 86
205 261
511 166
195 89
459 445
275 240
429 520
17 145
234 406
45 12
493 177
367 313
126 521
339 59
92 347
8 300
458 212
44 452
403 239
540 319
167 299
16 79
276 33
249 535
464 319
30 440
495 396
236 78
375 32
162 466
405 195
250 346
406 293
256 266
15 279
69 207
35 84
286 336
142 18
329 63
337 358
529 289
212 222
393 70
254 38
535 142
233 242
487 122
19 226
414 33
531 482
240 23
23 9
385 191
26 171
279 362
528 265
135 223
487 11
292 224
48 311
391 306
36 361
428 54
71 299
113 59
238 378
107 286
412 491
502 437
145 239
283 157
529 443
379 499
453 155
206 526
491 54
290 526
441 175
64 511
499 176
53 194
37 159
505 448
134 465
368 278
187 108
434 173
34 297
130 486
477 335
470 425
415 217
408 313
417 471
307 399
130 359
76 192
1 38
97 134
528 491
438 172
82 355
345 116
109 500
59 69
318 12
493 190
254 385
528 154
339 292
10 469
134 85
144 135
123 267
294 108
215 189
306 296
2 134
437 136
91 496
205 408
533 181
82 245
23 93
398 362
411 408
314 2
518 457
162 98
207 456
232 421
128 537
201 129
128 95
291 244
74 521
135 91
159 242
335 208
335 216
27 203
107 366
230 83
306 392
206 513
331 437
417 458
457 101
71 68
196 387
337 295
365 472
385 7
171 203
214 505
419 266
191 525
89 447
91 421
296 297
417 110
217 291
25 158
392 95
225 71
481 46
391 329
517 234
336 171
436 7
160 312
299 376
321 413
280 411
291 33
165 191
142 408
508 193
23 383
313 273
453 252
318 301
64 318
18 399
489 454
432 106
249 188
481 53
84 245
490 401
277 112
49 445
3 14
121 25
396 433
298 332
142 73
117 232
391 134
88 363
71 519
494 346
190 458
398 274
160 345
158 463
483 206
391 485
220 511
510 99
401 291
457 27
389 31
258 263
190 345
83 261
348 34
90 21
518 487
320 135
316 477
55 256
167 445
224 412
413 217
510 298
507 424
324 354
480 65
74 128
435 183
414 266
242 503
287 217
473 90
352 246
25 432
527 191
335 235
60 231
451 53
12 416
503 335
253 440
425 352
51 318
534 490
41 234
476 353
450 407
443 285
136 493
175 147
167 535
381 252
249 289
304 261
188 290
79 440
188 504
250 264
279 267
238 345
500 171
156 434
35 56
202 197
32 376
343 198
394 181
449 101
495 210
361 141
500 465
64 171
426 339
460 188
64 155
533 47
326 172
506 386
253 166
66 284
25 408
481 419
72 413
3 51
106 389
191 89
311 280
285 221
77 203
408 166
383 424
212 192
79 202
36 331
367 127
98 417
19 62
293 90
474 321
166 38
167 356
126 478
120 411
182 196
97 47
361 479
497 56
129 33
283 190
390 133
316 487
8 334
7 326
450 480
105 73
1 271
455 153
232 32
47 413
227 143
486 71
79 440
152 233
498 435
448 371
51 222
316 58
39 348
384 488
311 488
45 338
242 499
490 474
530 536
370 240
136 313
336 240
236 513
499 218
431 404
46 482
83 387
539 148
192 406
93 529
377 163
324 103
119 271
34 132
264 403
397 425
200 190
148 435
161 104
110 49
508 156
14 74
542 37
221 218
442 340
204 303
502 11
405 105
281 464
236 28
350 91
478 7
306 83
442 466
187 35
541 178
190 12
251 216
48 498
459 516
321 146
302 280
156 164
410 462
85 104
515 434
220 450
467 525
532 366
475 176
400 473
379 74
510 88
315 42
69 231
41 389
402 342
152 15
505 46
502 73
149 474
532 394
381 456
376 370
305 308
30 189
264 408
262 258
521 60
325 47
290 365
461 149
164 97
189 152
142 148
250 316
79 239
167 485
153 26
312 483
334 367
129 81
233 416
364 237
475 146
310 248
510 254
422 157
350 68
334 517
241 41
290 345
306 482
287 484
508 83
424 325
475 11
431 191
426 253
428 385
398 195
90 366
474 512
6 282
63 340
282 304
380 56
132 143
537 419
84 528
527 534
310 459
2 199
108 453
451 535
295 332
213 411
155 170
380 187
477 442
526 217
229 389
272 361
16 292
263 125
278 247
116 45
163 143
269 296
80 203
314 400
535 10
268 173
180 105
359 114
31 368
356 285
215 85
103 256
403 365
380 138
95 522
208 284
122 503
37 227
163 377
85 181
386 352
380 49
483 196
163 539
48 518
281 262
87 410
517 489
232 380
110 353
359 317
94 507
277 130
191 466
532 275
104 376
111 483
424 51
163 70
73 210
46 353
497 158
220 497
130 478
334 239
288 177
39 381
167 316
536 357
265 526
116 394
385 226
335 266
302 523
336 400
216 407
210 170
48 456
150 177
391 509
441 162
143 479
542 335
278 19
150 542
28 291
394 412
542 212
136 327
192 497
184 433
387 419
60 460
332 235
120 206
201 18
367 370
496 392
162 232
411 337
231 438
85 108
308 110
319 469
436 536
449 103
426 319
522 511
262 337
203 381
1 404
398 393
257 351
243 418
66 137
213 297
32 323
404 365
459 207
317 378
200 249
481 110
51 486
78 312
280 307
150 306
194 31
157 450
382 425
351 447
19 21
227 76
370 115
467 286
321 267
121 4
516 59
139 50
28 243
362 334
7 537
97 226
26 279
159 433
161 509
363 179
14 48
255 383
188 179
126 534
445 272
21 444
357 160
494 384
402 339
175 434
359 298
117 410
34 301
300 195
267 121
373 280
194 111
146 407
289 297
398 218
27 418
119 383
35 96
250 462
460 451
353 277
206 495
144 265
253 470
459 520
48 316
283 267
426 429
131 199
209 528
416 235
429 18
101 490
114 377
409 31
285 246
333 516
198 503
238 477
430 155
480 477
496 220
227 379
132 357
35 367
368 450
59 254
468 186
201 65
20 94
121 304
339 480
277 20
440 540
496 327
178 433
287 131
137 513
510 294
353 28
118 178
478 203
457 429
388 116
519 407
235 97
194 31
60 496
76 499
493 30
309 155
488 79
285 108
75 252
428 427
280 29
88 241
231 3
153 102
144 129
534 378
251 211
434 337
164 509
293 141
22 86
321 510
164 63
101 265
341 12
149 104
41 263
344 297
265 522
425 434
134 416
269 384
111 160
178 300
126 497
466 174
66 244
141 229
307 267
493 105
279 126
208 319
414 35
99 162
40 523
53 173
423 321
14 533
506 218
290 115
198 214
288 263
457 454
517 247
179 494
377 483
103 68
285 516
102 383
135 141
390 187
313 270
533 353
286 522
54 59
94 277
298 408
539 239
319 513
485 523
490 320
463 50
387 205
23 515
72 183
139 461
395 478
214 385
314 499
364 367
41 484
127 339
349 123
35 125
119 3
132 67
348 52
142 193
283 191
191 354
373 329
272 226
290 511
94 61
493 484
453 533
425 37
355 257
185 389
381 330
418 512
422 223
48 21
441 330
211 89
141 68
444 438
319 191
406 438
278 382
379 188
372 287
251 211
1 435
57 408
222 500
403 101
181 450
148 79
237 384
168 403
451 69
324 253
285 187
149 20
52 11
234 450
298 484
118 298
402 200
189 108
158 50
234 338
525 381
416 220
249 67
106 157
161 430
436 446
100 42
491 152
52 208
59 375
175 202
157 35
401 345
168 16
420 401
379 403
266 279
106 514
345 211
154 506
124 47
435 224
114 409
401 166
75 485
24 249
144 180
309 28
525 476
70 428
361 448
288 84
184 393
81 13
88 234
2 211
281 436
434 420
328 318
69 428
260 93
135 429
272 443
457 280
403 526
166 221
457 453
304 125
330 384
137 417
101 138
85 407
57 3
285 384
346 353
270 90
445 430
518 201
356 458
480 216
467 129
462 382
66 223
532 395
90 126
295 217
289 379
81 345
407 365
212 211
176 507
300 104
394 301
304 234
217 268
449 167
396 369
32 487
75 21
365 191
146 117
407 434
522 513
262 386
336 474
80 537
438 405
98 316
164 402
7 406
127 481
30 6
333 62
493 434
82 315
108 254
458 540
145 437
510 433
306 303
364 386
297 285
274 395
84 437
280 90
326 432
55 356
437 413
443 413
304 8
212 411
261 127
434 432
21 402
322 352
162 169
195 485
453 469
363 537
389 100
110 173
15 164
12 477
35 480
348 364
487 43
259 232
169 150
121 215
9 468
24 197
94 245
165 30
197 527
24 43
110 160
241 124
349 278
58 383
215 431
231 186
473 489
417 125
122 21
365 131
488 415
353 39
117 517
68 313
527 118
381 120
277 106
269 83
383 326
492 82
241 206
267 197
152 141
322 299
161 144
429 132
16 265
170 158
265 263
496 275
406 361
394 166
466 120
275 332
472 224
413 170
429 163
366 64
329 171
362 515
341 275
104 382
23 299
540 288
20 519
20 451
337 440
75 260
17 349
76 488
56 488
115 510
135 507
57 463
161 418
436 501
176 539
341 225
296 364
512 341
340 15
249 135
454 349
420 497
155 495
442 236
467 41
203 59
31 259
521 191
161 414
150 362
411 516
44 190
337 39
530 134
80 262
294 17
69 172
513 249
150 439
485 74
505 171
132 535
430 137
209 74
8 384
461 444
357 505
117 151
27 130
311 106
392 62
123 486
233 119
192 409
15 160
482 519
331 98
537 244
234 204
317 267
45 261
195 428
223 311
36 250
467 346
381 316
408 503
259 124
80 476
532 120
94 498
123 424
53 143
125 312
346 467
62 417
185 256
302 434
51 363
167 517
193 5
316 58
534 58
207 71
17 223
216 110
178 338
17 256
481 167
51 310
91 112
210 302
368 537
193 444
384 359
444 34
389 243
117 380
300 323
476 342
29 150
452 232
513 494
487 477
119 537
271 209
107 480
536 500
501 212
427 342
54 328
375 443
54 491
280 379
297 214
178 326
389 87
15 385
65 528
320 183
6 48
417 112
11 411
95 537
80 521
336 134
332 194
60 385
168 339
221 491
36 425
300 450
537 340
293 59
325 70
241 331
143 116
468 179
10 21
174 115
25 535
274 383
187 333
251 380
156 472
328 217
380 85
125 374
425 417
433 233
512 131
47 112
272 515
290 307
19 489
422 69
482 179
451 152
538 160
15 151
115 343
393 494
453 517
325 361
417 241
52 412
372 98
7 127
96 323
434 114
269 339
209 208
517 117
385 538
302 400
146 442
226 23
393 136
23 202
523 440
442 58
335 297
181 342
424 277
122 341
416 390
163 82
82 137
225 492
133 526
349 304
426 58
326 302
220 375
529 200
272 429
257 90
183 437
431 90
197 10
456 71
426 76
178 507
239 428
456 371
412 289
158 321
346 510
106 23
342 93
248 97
521 530
186 187
425 75
303 105
110 216
201 535
292 379
525 530
264 465
384 159
211 25
505 40
18 69
89 359
161 336
481 165
324 151
351 232
251 137
336 360
353 21
379 128
399 361
141 146
283 8
331 493
32 293
17 50
387 105
434 5
466 399
195 273
7 30
530 257
166 324
100 2
344 478
129 226
297 295
397 63
302 211
40 334
530 56
409 374
186 326
405 109
182 57
408 188
112 395
470 278
202 28
279 29
531 434
254 311
186 135
374 488
371 413
305 358
494 197
216 137
522 104
271 162
160 136
349 272
531 303
33 216
356 337
245 344
228 524
113 440
142 486
385 513
382 173
328 333
369 27
469 348
130 223
509 316
359 342
71 373
128 103
46 483
439 316
284 151
298 422
48 439
365 432
409 230
88 221
20 456
247 514
287 403
195 280
176 37
105 246
435 232
348 506
172 270
280 455
420 61
361 467
499 183
382 392
439 495
96 458
408 368
456 179
228 108
458 403
144 46
132 62
277 479
25 448
233 304
386 110
364 204
61 347
413 468
222 309
421 317
250 312
168 163
490 396
296 431
282 465
476 414
526 236
376 9
167 66
338 11
202 186
240 262
532 136
213 211
470 91
11 204
403 178
392 376
31 146
265 339
68 224
210 78
460 43
112 84
135 449
120 336
92 386
81 5
293 317
475 384
327 162
270 531
11 103
45 156
393 383
250 75
50 327
534 119
464 101
253 370
221 72
488 90
178 52
94 496
369 26
363 179
187 90
167 224
193 238
379 43
78 112
143 154
464 160
298 385
261 34
213 507
105 184
54 308
235 147
261 61
199 82
266 411
171 458
92 389
153 497
458 257
66 58
410 530
244 165
372 504
198 68
468 328
251 5
93 486
151 353
30 375
434 295
270 89
237 361
477 389
315 418
129 407
502 538
394 203
186 249
164 409
317 115
220 51
119 312
536 295
149 50
154 40
370 423
154 64
241 115
479 40
532 65
446 491
87 323
177 298
29 340
191 371
480 410
422 82
180 441
403 328
490 14
393 344
436 5
407 160
119 369
225 134
460 154
83 30
476 285
327 531
109 517
359 46
385 264
154 48
163 14
375 136
53 251
479 488
281 370
131 399
196 356
17 113
509 125
142 469
409 495
457 517
495 299
21 337
21 200
384 183
213 242
318 265
519 281
236 257
108 392
140 329
231 156
442 224
280 67
150 146
45 90
121 540
388 167
360 408
366 228
74 62
495 418
352 471
156 71
212 289
488 351
75 177
532 542
400 269
67 33
440 137
148 44
134 19
210 494
427 59
179 526
146 131
401 497
86 40
51 297
328 539
105 403
173 94
428 56
388 494
114 311
115 261
355 248
279 48
225 189
133 429
173 278
44 57
259 129
123 309
425 450
305 13
336 503
132 222
16 3
199 155
313 415
151 45
178 199
295 366
331 182
22 66
225 105
350 379
227 117
287 160
447 299
496 408
456 201
449 458
425 62
254 222
502 405
292 137
61 44
529 417
225 34
508 475
138 316
337 390
432 81
8 336
405 529
227 318
213 134
259 95
221 513
316 206
401 65
369 487
135 355
361 359
414 326
318 36
99 112
425 14
193 458
376 55
444 60
399 114
219 115
235 465
111 34
129 511
125 497
455 259
335 299
101 232
83 418
267 207
14 176
247 232
91 106
312 535
165 168
132 410
309 392
358 445
426 486
440 8
466 352
292 284
135 392
516 243
268 240
449 307
441 179
538 532
284 307
8 475
501 165
368 267
15 183
195 466
153 92
499 102
470 248
386 62
97 385
304 390
108 236
154 7
415 175
538 182
482 3
114 466
167 507
216 207
148 410
130 326
502 86
427 429
333 296
490 430
138 251
277 246
512 457
252 410
89 273
50 54
275 189
519 467
154 192
132 327
60 287
110 19
399 536
447 189
290 420
102 453
154 405
156 123
319 433
17 433
163 66
487 437
280 463
388 433
139 3
217 224
289 326
242 171
346 172
360 119
75 487
29 228
349 185
376 151
75 392
42 238
483 12
158 221
500 29
111 96
31 354
319 346
163 44
516 508
241 333
84 315
304 139
26 110
323 402
287 423
277 328
144 244
339 302
464 296
330 58
418 387
411 220
190 58
264 163
23 504
522 133
277 283
271 328
418 77
213 188
525 490
515 127
191 337
454 138
117 267
195 18
111 90
237 326
173 500
489 221
462 494
353 222
260 107
33 161
209 246
349 192
219 321
318 409
142 255
30 284
521 250
301 116
365 537
441 537
521 413
216 466
364 52
171 81
185 203
242 393
448 74
68 124
420 411
16 19
123 45
328 102
321 86
243 143
107 141
138 85
12 379
8 401
430 178
508 98
380 233
491 312
306 42
435 183
453 477
228 33
5 13
160 325
99 402
494 231
27 115
315 38
493 348
438 406
525 429
504 388
119 478
157 424
519 76
65 455
10 292
488 14
304 131
365 428
17 316
116 43
430 456
106 406
261 27
269 456
256 115
32 217
297 456
194 372
520 132
407 295
77 447
82 234
269 510
250 68
109 292
497 49
423 360
309 449
112 62
362 368
176 394
42 498
333 261
328 336
393 192
88 495
96 169
186 390
162 461
457 271
236 437
345 116
280 111
23 418
172 410
243 373
287 310
329 77
55 140
412 473
357 499
451 479
152 95
326 313
39 267
67 275
187 411
416 467
6 464
342 203
332 68
60 76
403 414
153 457
11 48
413 367
31 322
303 208
442 113
520 480
405 71
238 49
507 112
541 538
33 340
225 364
433 284
466 294
181 102
234 191
149 105
41 205
426 370
412 325
508 416
288 370
512 526
418 476
95 417
498 153
240 180
1 131
489 466
450 153
51 141
343 225
245 409
430 154
236 325
504 201
198 250
54 167
233 472
127 353
372 108
505 69
313 505
225 285
454 132
437 530
273 263
213 1
129 126
181 391
450 142
75 106
391 129
298 107
58 424
459 455
531 448
7 327
436 232
69 348
363 505
335 119
225 31
146 354
156 352
202 64
493 302
195 368
430 492
474 513
400 391
425 414
296 432
199 189
121 267
20 509
230 381
112 454
437 283
291 51
92 518
140 42
278 334
409 165
283 341
136 140
215 44
12 536
475 210
208 79
476 254
72 189
92 183
127 528
465 417
62 40
393 201
81 128
534 516
318 275
340 453
440 12
523 451
31 455
144 238
534 104
491 63
292 66
271 418
78 219
319 139
258 169
366 364
322 357
363 97
115 160
34 39
197 14
515 227
494 117
465 511
246 439
57 537
505 327
439 40
29 215
204 286
409 27
134 214
410 496
336 8
114 395
46 336
408 19
21 386
135 511
354 380
407 411
400 395
221 322
460 250
20 122
19 454
174 152
125 41
132 461
75 245
313 120
64 205
138 84
48 298
78 427
161 511
321 45
363 542
392 281
275 412
428 319
349 59
471 474
126 86
418 200
356 214
345 419
444 483
503 517
264 64
402 425
32 206
495 395
231 344
159 505
239 44
282 46
128 236
3 279
321 446
478 160
117 307
36 45
247 22
19 536
86 446
444 117
110 396
537 340
198 179
329 462
222 94
507 376
329 509
112 133
438 74
292 13
380 353
83 110
375 101
103 486
31 5
60 166
426 81
531 107
259 343
27 507
436 533
366 248
526 477
380 421
34 155
459 439
508 541
32 366
126 161
309 182
165 394
373 74
474 361
181 217
188 207
207 81
223 30
329 232
532 192
137 50
373 79
488 364
78 4
187 229
164 521
436 354
372 266
427 330
110 65
30 297
297 236
378 4
265 190
235 280
407 397
329 237
476 301
84 37
304 296
291 467
274 184
278 104
449 162
459 42
253 488
339 7
207 200
36 497
415 271
234 279
151 21
542 84
321 83
120 108
379 410
32 136
77 309
265 525
496 181
51 206
152 415
239 384
72 274
338 512
28 56
274 179
76 273
262 422
382 408
13 244
301 44
405 378
378 128
386 331
334 436
21 512
308 259
353 405
16 149
374 44
204 106
222 305
404 509
210 269
400 222
538 159
291 401
536 126
528 379
456 319
273 502
288 64
218 125
469 260
299 326
303 528
457 8
290 319
542 525
71 400
230 67
16 520
493 9
103 478
413 42
280 143
28 52
207 271
176 159
530 500
484 316
485 399
349 232
201 349
240 297
232 469
363 247
472 313
281 58
274 151
99 38
320 126
89 10
397 290
168 410
247 135
184 189
17 532
446 217
338 169
514 53
121 360
325 50
157 63
107 456
240 231
493 17
383 65
52 263
380 219
130 110
353 313
324 396
303 227
70 124
421 67
203 541
453 527
74 67
48 180
522 313
437 499
329 277
21 380
539 427
82 126
536 460
465 318
313 251
28 409
400 449
475 60
473 385
45 5
477 118
210 483
430 104
465 242
380 511
105 402
395 186
528 389
129 476
164 442
184 191
308 41
123 266
101 80
135 171
84 95
288 319
35 175
423 525
416 286
494 520
146 346
189 131
192 317
64 381
242 273
56 33
313 178
299 439
257 459
93 366
11 380
143 72
38 23
54 453
308 5
456 479
377 128
67 26
471 156
433 170
454 488
203 251
149 527
147 406
469 240
255 505
103 397
60 141
445 140
77 237
144 17
173 4
144 266
30 72
447 462
268 359
433 496
67 39
480 239
470 432
504 183
394 91
63 454
231 534
51 333
254 220
349 426
224 519
175 279
74 106
224 341
464 114
294 14
178 257
278 106
146 240
288 540
330 376
477 44
367 527
376 78
230 209
530 479
185 162
215 258
267 464
57 214
35 376
253 213
91 531
344 236
254 89
233 67
490 167
110 315
177 511
418 433
177 405
369 361
51 42
77 343
531 159
15 50
534 267
288 82
281 89
318 534
203 34
58 150
227 193
464 429
162 366
319 338
228 146
157 278
213 259
79 201
443 119
250 434
411 21
542 176
109 343
167 311
402 251
487 86
443 434
541 62
257 317
426 485
488 66
246 184
350 385
250 494
118 167
389 165
166 22
273 534
188 68
394 464
12 505
365 445
503 452
160 304
335 128
275 426
373 459
233 207
327 482
158 470
133 30
92 324
51 391
316 265
458 193
186 469
181 34
397 168
486 14
471 304
167 229
214 24
145 446
230 497
412 413
425 2
443 542
351 493
390 124
215 305
342 427
257 523
460 112
148 429
151 102
217 318
356 430
341 501
333 54
481 228
466 389
255 392
389 64
343 236
213 41
25 13
493 307
19 411
418 166
323 53
293 539
370 106
426 168
90 243
221 55
496 170
443 209
20 289
298 388
9 510
454 59
522 405
365 24
299 267
215 79
319 507
102 146
97 11
339 212
279 43
266 233
212 193
467 257
481 222
102 515
189 14
57 195
444 422
218 200
172 433
304 490
423 405
119 3
416 483
241 152
525 532
410 220
182 334
477 147
13 62
119 228
101 202
448 2
107 123
227 278
39 531
251 488
419 395
490 292
335 214
470 343
204 363
46 385
181 6
531 219
68 134
446 168
335 351
196 441
500 422
202 22
436 452
509 313
330 483
88 122
154 15
490 357
404 535
200 42
25 214
260 92
347 190
285 165
540 506
63 523
412 264
3 305
199 511
75 528
451 163
133 89
203 106
445 64
125 128
131 149
342 391
266 146
38 34
337 61
540 399
42 409
147 70
197 345
38 272
357 515
460 515
61 120
79 505
210 203
117 366
377 458
214 100
87 277
133 423
364 156
306 431
48 452
500 245
280 537
542 120
535 459
93 53
62 171
42 297
399 158
121 233
99 360
358 185
121 516
92 484
130 397
372 203
332 329
447 69
349 446
189 342
388 307
420 450
503 487
230 359
102 350
75 226
168 432
411 288
431 528
255 18
382 110
221 171
464 151
265 270
81 479
95 468
243 541
401 229
485 89
71 464
145 296
89 60
190 402
517 175
140 534
40 249
238 236
170 415
501 466
495 437
44 446
164 42
331 418
11 419
489 81
340 117
402 455
203 50
340 177
250 506
194 290
212 458
525 382
330 509
331 308
430 374
237 51
416 25
468 452
469 440
532 293
15 417
231 217
466 54
419 200
17 70
489 229
527 497
94 340
464 424
105 351
281 342
427 180
392 378
89 345
276 104
95 316
521 325
16 470
378 434
127 421
529 99
107 514
54 226
337 1
133 442
351 413
267 235
51 142
96 165
486 371
269 38
170 273
388 185
200 250
76 353
128 63
477 260
60 14
485 396
14 75
321 390
487 71
82 21
213 204
186 182
32 480
220 202
210 91
412 435
340 488
271 493
34 206
210 119
219 178
540 259
252 345
106 223
415 214
269 111
417 480
293 474
417 538
159 110
86 29
3 452
542 299
428 33
530 96
177 233
299 174
491 9
2 54
257 417
293 9
527 167
489 303
125 363
298 283
499 410
311 527
319 310
283 204
368 271
325 28
503 82
228 477
116 229
14 398
103 307
406 114
499 352
416 81
199 172
364 181
39 158
165 383
468 473
70 319
201 421
347 187
528 32
121 127
260 135
524 389
467 387
502 423
223 375
504 447
30 351
85 94
508 275
476 459
205 30
262 432
450 66
76 435
123 223
19 382
383 26
254 307
438 213
187 118
72 174
48 127
8 158
221 516
432 180
458 95
209 177
526 142
268 85
60 390
307 78
256 147
129 509
479 25
206 124
168 277
323 216
429 331
399 107
330 289
313 245
409 5
448 392
147 173
502 206
47 267
310 302
439 464
294 376
488 499
525 114
259 305
355 172
93 237
304 422
525 74
151 391
79 56
266 251
254 226
482 300
518 275
85 440
197 379
273 168
361 255
307 104
44 119
275 162
356 36
68 364
136 218
239 240
299 504
490 10
213 455
310 214
214 394
112 410
256 384
35 101
123 342
204 192
486 504
353 325
539 420
173 132
121 411
371 419
398 344
429 95
283 222
308 496
99 419
363 381
287 423
481 435
248 142
84 218
129 462
26 125
340 198
283 460
92 137
363 516
507 249
68 247
496 401
200 52
304 46
432 74
494 370
508 200
537 75
443 123
536 468
274 359
150 40
303 267
176 123
240 140
371 333
386 350
192 69
401 521
114 317
52 66
170 43
291 165
143 191
313 162
142 70
521 317
109 281
42 311
429 281
450 257
72 320
64 289
388 490
267 528
264 344
77 434
412 367
82 12
41 420
173 208
490 177
525 82
483 24
392 369
304 326
109 401
103 198
173 516
146 465
527 435
266 61
352 161
453 433
172 493
337 371
159 310
31 141
391 514
190 267
340 493
50 449
378 178
104 8
177 275
473 162
168 222
222 3
383 133
436 38
109 256
434 293
49 465
459 439
436 106
189 259
83 264
191 460
441 321
493 76
53 449
237 246
129 484
249 511
100 168
32 209
449 466
501 497
388 444
419 307
7 66
23 115
329 214
32 254
534 9
329 70
457 49
342 69
532 74
63 90
267 95
324 173
18 308
127 431
209 29
195 242
120 217
356 449
456 414
186 473
422 540
27 362
46 368
431 61
441 519
176 191
71 499
363 114
265 515
2 499
27 222
198 147
439 12
79 378
425 264
309 330
261 335
149 332
186 63
392 110
40 26
300 110
8 146
250 298
144 251
255 170
473 452
316 395
489 394
256 371
141 48
158 401
408 333
190 51
395 66
186 434
91 485
28 124
114 277
422 257
11 134
427 483
69 226
361 16
78 75
412 244
122 28
103 530
360 318
64 238
383 250
130 499
218 183
81 332
459 502
72 469
119 524
436 187
208 254
202 311
354 98
38 502
125 140
515 510
484 36
231 350
311 360
333 529
26 439
344 484
424 441
437 542
449 330
212 140
67 440
476 447
537 513
406 119
111 378
112 78
439 342
427 208
186 217
220 211
113 47
179 536
513 73
19 419
428 231
16 494
128 491
424 122
462 287
266 56
148 403
133 71
202 43
278 413
286 523
108 424
53 312
444 23
384 462
442 295
176 483
272 303
432 154
450 377
440 199
432 72
59 48
142 287
90 445
157 375
425 290
283 503
59 184
525 468
103 450
220 279
391 492
65 306
103 515
140 26
197 55
97 256
102 264
542 217
166 182
76 74
472 358
34 14
541 43
508 127
492 185
405 366
160 496
129 288
494 268
314 148
322 436
403 449
184 428
124 349
68 199
449 23
40 508
62 38
8 27
164 500
238 53
349 397
32 478
143 525
229 482
156 9
401 17
483 42
470 64
417 537
288 323
43 353
288 105
390 322
157 38
305 394
116 111
249 173
46 417
155 275
382 336
309 266
352 249
308 306
339 208
300 110
14 369
463 327
499 336
106 113
399 410
507 514
521 239
170 50
113 324
350 520
118 116
243 495
391 34
284 213
267 42
322 280
436 242
65 392
36 196
504 460
64 468
458 68
190 85
117 302
435 467
305 10
66 32
530 482
65 272
152 358
339 474
95 258
199 185
107 260
381 94
178 444
20 93
511 209
177 111
537 69
61 325
104 153
356 118
92 447
415 244
262 211
201 382
468 399
25 58
117 405
151 294
332 196
412 326
431 72
436 451
141 523
233 270
133 73
387 250
3 259
519 264
495 177
103 446
34 153
503 176
15 138
495 346
333 390
129 247
461 49
155 85
55 414
355 187
512 225
462 514
510 439
261 462
99 389
392 158
542 378
333 14
515 311
386 332
158 540
62 77
72 217
161 126
114 541
338 109
224 258
80 191
180 340
136 278
186 11
436 211
389 252
251 387
21 120
176 178
117 264
280 189
506 441
340 77
439 136
185 146
419 290
362 56
113 524
359 324
534 252
535 380
530 243
251 8
362 426
211 504
173 491
176 136
389 516
212 311
135 422
483 11
195 302
92 307
283 450
89 275
186 107
138 173
349 388
206 194
298 416
181 470
364 357
64 236
356 301
31 490
207 513
526 401
272 101
166 39
34 254
313 219
360 476
417 192
322 80
411 103
522 49
30 343
431 119
37 244
420 93
217 84
63 200
484 360
300 133
398 360
412 194
36 255
128 479
446 475
42 340
35 21
389 64
364 277
183 426
5 86
518 221
169 64
447 136
423 230
269 279
47 164
472 109
419 57
45 348
531 112
146 49
133 18
113 522
320 321
431 324
432 29
84 495
475 219
375 162
513 137
209 135
93 317
37 149
387 384
164 498
529 212
114 4
350 93
324 154
523 131
43 412
159 126
364 91
371 223
279 341
385 513
501 477
287 537
110 157
379 273
138 391
510 252
421 344
344 228
523 325
358 24
220 517
175 68
91 3
290 369
370 132
365 354
67 109
349 176
291 211
474 455
85 467
164 505
294 533
190 275
341 6
324 19
6 498
86 122
501 401
517 354
16 339
165 82
474 539
283 248
207 240
160 318
191 323
280 510
314 470
268 138
501 49
156 532
31 267
111 531
125 111
368 141
450 532
248 407
529 15
112 219
280 272
536 496
78 274
464 417
227 189
13 211
264 168
200 294
461 336
308 43
447 133
183 380
122 457
244 108
471 381
327 234
136 346
188 214
77 109
114 329
323 126
539 44
320 222
337 238
16 128
306 488
260 489
325 382
429 52
515 383
458 325
74 52
129 261
291 231
369 404
18 176
14 40
219 333
262 40
54 303
167 359
248 427
331 56
292 217
133 264
57 48
73 157
125 201
417 415
457 270
303 500
445 316
540 147
132 285
186 185
45 353
1 318
263 358
373 12
32 505
301 115
36 373
297 161
57 171
33 540
466 335
497 394
134 520
541 265
262 210
449 332
46 476
107 308
291 505
345 348
467 130
488 503
528 242
147 69
439 179
66 362
540 20
214 131
24 238
422 311
447 354
101 519
287 233
310 61
196 139
409 146
268 354
132 279
54 278
347 492
457 412
337 480
458 34
94 507
271 515
275 202
327 401
204 97
92 513
158 287
109 24
458 376
403 48
139 456
325 485
431 265
381 226
202 322
259 322
286 14
320 18
241 130
445 444
227 536
414 384
306 523
433 221
382 293
268 520
207 77
489 121
341 327
346 27
132 89
348 417
102 125
460 342
281 362
243 507
381 114
374 144
120 264
391 502
14 142
505 246
218 451
393 43
261 196
69 392
284 442
292 411
50 236
210 330
55 452
294 462
50 125
89 169
414 479
154 454
105 143
183 348
51 33
390 338
229 484
187 538
383 479
407 433
172 100
246 252
10 540
197 85
148 286
279 46
248 459
499 352
59 165
158 135
198 5
472 452
489 117
473 355
79 337
271 276
437 517
11 472
540 208
40 171
493 318
216 198
234 198
34 318
363 191
453 44
221 382
495 193
498 425
6 60
246 276
335 166
276 372
121 273
37 160
444 13
503 117
210 221
341 269
538 187
459 474
230 164
314 208
382 295
116 387
381 387
147 173
10 422
2 156
179 64
341 80
76 302
222 312
6 20
38 27
232 523
501 461
144 298
152 525
50 268
396 430
112 26
87 148
447 114
303 109
178 128
188 253
455 410
48 460
455 86
512 171
66 496
89 209
251 267
217 327
534 70
240 129
95 352
276 26
466 63
134 127
190 348
405 102
241 453
45 179
538 14
349 61
510 464
295 244
188 511
28 205
65 268
333 185
103 93
210 26
155 370
178 344
175 41
471 415
493 515
77 514
528 426
58 521
347 352
223 18
346 276
222 410
27 12
53 130
104 288
155 284
141 359
111 315
399 39
213 375
37 290
346 49
199 429
27 29
264 275
46 67
9 267
503 35
304 39
190 434
352 345
175 493
161 312
291 43
376 530
417 413
277 246
461 501
158 513
529 421
272 32
513 280
324 473
340 85
537 530
2 347
358 203
323 2
514 71
70 347
58 486
243 360
215 161
318 398
158 304
276 429
361 246
192 142
203 531
227 223
2 254
27 385
456 375
386 427
472 455
258 13
424 500
373 122
145 174
519 302
504 278
188 322
524 379
464 210
393 174
432 421
427 485
263 341
317 107
225 272
45 508
285 469
466 115
48 68
314 51
395 275
328 66
55 335
470 518
2 320
149 460
198 59
402 461
399 202
51 108
474 95
73 216
47 22
356 121
115 127
171 509
428 524
32 482
317 501
483 344
305 115
261 502
173 120
446 56
348 522
163 279
75 261
520 147
283 333
267 397
485 463
364 370
445 421
335 219
380 301
46 168
441 307
153 98
452 57
153 257
62 341
19 162
59 538
309 341
354 33
196 297
496 43
150 424
463 511
126 326
295 171
493 194
477 130
317 387
186 469
127 273
267 146
435 325
141 201
124 495
259 345
275 238
413 424
119 359
418 244
143 171
415 119
390 375
248 164
245 459
116 372
190 382
517 108
190 141
334 339
93 50
167 393
314 37
301 458
396 176
160 22
372 58
140 219
458 414
382 161
356 523
532 29
362 532
136 36
130 469
374 249
3 541
99 342
35 425
257 456
59 442
477 430
525 101
133 441
514 540
59 353
521 48
382 366
63 517
401 192
470 233
466 498
257 23
297 317
447 37
231 531
479 191
445 487
291 61
385 288
58 443
99 36
516 480
428 36
480 286
254 433
2 177
414 284
225 194
59 156
231 315
170 193
531 72
137 280
132 522
51 216
448 149
277 422
112 162
483 76
448 220
508 475
423 380
217 105
57 301
286 287
99 456
505 87
11 100
366 169
105 417
410 36
49 144
483 161
332 424
236 263
127 227
195 7
90 437
138 147
195 423
433 293
362 422
380 399
5 229
51 109
129 460
144 178
87 85
364 418
534 57
138 144
309 333
151 399
227 288
3 448
194 461
224 14
340 61
438 344
316 488
478 444
431 106
105 517
216 468
393 233
8 530
376 343
346 526
199 57
297 227
504 491
171 185
530 537
272 451
364 45
422 300
514 310
431 103
284 130
54 160
362 88
174 221
430 519
231 86
33 527
338 20
501 508
205 488
502 476
422 350
4 301
107 1
68 21
129 378
150 183
21 537
270 194
215 157
197 445
268 255
430 63
275 414
54 479
386 40
438 265
389 467
24 521
493 117
25 80
520 174
262 25
168 15
218 408
171 440
311 464
153 224
10 427
95 89
389 480
128 284
229 542
234 252
520 184
394 2
289 398
201 34
422 394
48 123
260 244
21 54
191 173
303 200
83 397
289 471
361 442
238 47
442 471
324 445
138 175
473 427
30 157
486 477
9 18
58 294
261 78
373 478
250 133
135 332
529 449
286 373
375 523
419 300
477 226
228 72
401 158
524 456
315 468
391 349
485 448
126 229
9 498
164 284
88 325
73 100
257 384
473 115
364 375
414 298
59 100
395 485
283 377
424 81
328 298
429 296
203 12
8 237
509 198
520 80
522 76
180 262
459 136
377 280
510 274
61 52
399 482
536 140
316 418
220 127
173 107
422 402
144 429
122 137
84 100
216 89
175 395
377 92
14 237
397 524
510 484
33 367
423 53
532 222
496 209
348 152
341 227
37 511
139 159
105 249
258 346
337 432
225 197
7 238
433 430
219 427
371 278
277 251
356 266
498 309
500 303
460 299
13 497
267 151
139 397
425 396
200 246
311 424
442 344
120 359
231 364
243 59
99 3
335 454
268 290
246 225
50 190
7 88
144 299
264 308
153 147
161 379
392 497
260 317
298 405
133 528
227 401
70 351
403 404
289 154
177 534
405 252
181 411
339 350
194 61
141 372
233 327
208 82
282 494
424 63
356 41
49 66
441 144
417 328
6 189
481 208
180 343
460 387
238 282
220 457
342 361
286 32
171 520
139 452
471 47
515 284
87 47
350 527
216 250
312 247
438 277
455 101
103 372
513 340
111 217
280 479
61 24
536 231
1 159
167 497
205 165
264 317
237 97
327 452
346 123
157 267
399 69
394 501
466 364
325 60
64 62
22 124
111 16
355 137
200 5
91 430
169 355
204 405
451 14
314 281
136 496
5 534
22 398
519 513
246 301
57 309
388 78
459 525
119 271
145 344
301 236
231 469
74 460
357 8
474 128
314 67
82 345
85 129
226 61
126 471
387 182
264 258
259 180
240 404
476 385
205 234
104 462
160 203
379 516
236 310
127 8
403 234
378 487
389 61
31 514
532 417
179 279
158 463
458 424
324 391
292 529
108 395
448 293
81 310
266 316
104 418
349 506
136 184
476 524
245 506
521 260
406 157
22 21
77 479
470 401
353 219
413 486
71 344
236 177
111 501
519 240
402 351
203 537
535 162
2 263
151 522
6 40
162 53
87 239
15 14
123 367
233 19
336 329
362 29
506 498
13 508
196 414
316 424
435 334
44 436
80 220
442 85
260 61
163 346
299 177
385 447
27 75
465 362
404 284
390 393
266 402
358 461
300 157
342 192
491 411
85 28
115 526
139 374
45 301
203 369
504 71
274 530
146 196
350 33
506 197
451 229
83 292
173 382
448 540
31 422
409 141
450 7
151 72
380 221
398 66
47 359
136 346
347 307
542 180
339 531
376 273
243 484
22 415
323 470
412 379
349 304
4 282
310 154
379 173
374 235
264 446
51 426
250 423
190 275
60 13
289 462
285 531
403 307
403 210
260 298
72 92
60 75
400 395
228 236
26 85
470 315
15 5
198 290
427 388
48 513
426 336
432 168
324 318
500 210
11 217
507 83
335 50
157 192
445 411
427 496
521 355
294 535
385 492
308 295
363 355
265 246
174 180
439 523
524 397
190 534
71 181
100 405
256 257
54 184
151 507
137 129
345 457
148 187
406 481
507 252
294 256
497 493
435 393
474 442
273 147
460 344
353 17
232 67
299 312
250 449
302 413
62 104
327 235
316 216
173 280
467 492
535 421
443 454
297 400
353 28
30 270
397 383
313 112
449 69
449 182
2 208
52 63
311 378
323 84
77 495
390 1
471 382
447 371
293 228
254 130
255 283
399 135
123 169
272 55
264 179
237 265
412 314
353 207
176 133
316 252
111 163
253 39
3 157
435 321
384 146
450 122
429 333
282 35
527 12
90 248
216 352
538 111
123 374
317 324
506 91
34 101
279 286
139 281
468 32
86 336
203 535
483 89
325 223
150 310
260 239
41 501
74 63
69 222
436 412
4 400
502 37
526 238
348 122
3 273
179 88
92 382
106 33
496 457
281 103
250 24
367 290
524 466
352 76
146 246
487 149
129 472
185 138
194 16
285 196
314 464
309 406
329 440
464 308
354 202
437 61
225 287
377 206
211 186
307 356
457 252
504 69
207 172
206 400
213 491
79 526
438 387
389 250
285 310
15 122
537 451
183 219
222 17
450 432
228 215
245 169
492 232
263 156
429 469
40 99
443 118
108 364
505 497
71 273
290 111
394 311
46 34
529 267
76 463
156 330
161 426
498 110
141 218
291 27
170 330
151 96
448 258
459 436
238 529
166 12
124 43
322 169
103 334
435 178
254 74
507 414
499 488
7 97
164 324
149 359
111 325
455 42
40 371
477 304
384 126
341 507
195 120
159 297
453 51
500 191
150 491
62 132
436 95
228 83
418 402
442 12
184 380
54 249
208 14
36 49
166 376
39 360
521 197
140 458
273 123
106 422
71 193
37 533
287 290
99 188
149 24
200 358
403 279
91 69
292 152
143 483
528 208
326 532
430 465
447 161
72 36
66 142
229 129
158 541
418 283
187 25
306 386
408 193
122 498
261 439
134 429
380 145
120 189
134 8
138 65
194 209
100 285
376 328
413 534
327 289
300 513
339 63
382 204
281 503
186 25
399 319
454 262
463 57
451 80
64 46
144 283
280 244
52 113
29 464
130 381
236 429
351 32
518 190
262 256
176 473
281 59
249 218
346 195
274 254
300 364
325 444
130 62
171 181
201 225
129 330
64 364
217 440
422 218
114 141
473 289
71 211
347 345
454 177
23 212
456 322
33 239
249 162
326 419
369 526
102 497
340 165
318 14
88 197
231 201
363 187
490 433
424 320
261 335
496 283
4 410
89 62
132 337
250 483
214 76
493 341
30 290
531 373
329 76
28 43
277 390
229 250
307 110
27 25
471 7
334 474
442 422
20 57
216 269
539 455
344 515
253 399
262 241
229 74
317 282
116 77
156 345
326 488
480 352
512 408
384 329
366 283
208 411
365 450
137 388
362 506
360 99
362 106
339 74
179 139
356 295
215 511
123 540
456 86
376 451
494 243
238 343
10 471
211 374
378 373
219 224
336 37
322 181
168 144
254 346
283 67
124 523
61 272
5 542
358 406
477 335
106 198
161 115
126 371
489 530
201 165
211 20
227 16
200 394
159 453
224 467
4 347
474 90
103 478
90 460
341 24
278 446
247 438
45 372
266 533
385 492
181 79
511 408
94 194
285 279
130 508
229 159
339 160
249 441
121 364
358 461
413 93
391 117
530 461
514 279
451 357
254 115
435 222
6 13
441 291
291 28
282 519
187 78
163 461
518 283
282 333
228 152
451 102
294 438
20 265
200 496
105 453
94 540
158 100
10 56
416 326
110 155
328 322
233 490
240 208
257 5
25 510
182 475
95 475
397 114
223 54
93 328
533 186
325 148
285 360
230 184
169 339
339 496
144 29
470 383
262 210
413 286
177 52
219 271
10 99
410 232
152 528
17 168
171 367
316 482
210 29
123 378
393 487
332 536
515 285
402 235
494 272
4 154
349 222
450 358
320 317
47 498
302 64
149 498
456 490
437 124
518 44
501 394
530 316
387 529
58 272
247 35
