769 3668
501 7
463 186
767 719
730 113
367 249
119 460
278 627
214 763
498 514
99 360
292 152
617 71
576 647
592 358
751 69
714 89
450 407
649 448
732 610
166 329
464 659
19 347
516 608
716 620
352 45
210 643
196 57
713 377
309 536
734 666
210 285
360 659
297 239
712 259
454 108
588 149
372 606
495 494
50 47
344 401
92 159
275 662
590 593
645 130
734 215
401 174
499 760
439 27
229 756
285 683
470 103
437 72
315 537
565 364
584 514
765 281
278 645
173 99
74 423
603 39
638 234
587 367
224 631
393 452
618 284
740 318
761 13
389 306
550 560
276 739
679 646
250 188
127 28
661 200
451 494
238 319
727 56
291 181
686 684
238 534
573 584
457 564
596 77
101 751
242 751
720 151
627 575
713 753
603 604
558 284
328 27
208 660
457 498
446 748
18 290
119 590
104 575
760 305
257 466
662 498
447 218
255 679
24 573
268 626
408 56
515 341
82 722
607 144
56 283
123 449
572 616
269 281
421 259
192 678
330 459
12 7
676 266
685 699
70 183
161 83
239 675
29 695
233 635
70 664
524 567
343 326
413 217
213 439
476 10
722 36
468 340
418 374
605 708
304 280
122 70
737 735
745 766
266 583
237 710
477 760
507 50
692 525
267 135
570 348
144 128
758 611
467 406
590 678
345 499
188 72
569 531
412 150
133 677
732 369
618 440
735 730
95 657
92 361
397 661
708 540
19 303
756 92
708 576
769 658
681 562
335 480
323 746
629 61
654 197
430 502
636 1
68 731
657 159
697 284
50 242
429 444
544 415
535 88
596 140
746 507
701 311
592 630
663 57
690 547
254 725
654 120
725 721
456 612
111 384
501 535
625 160
584 399
180 349
92 7
94 68
119 26
754 317
655 647
373 181
30 626
137 289
352 92
240 413
310 725
402 41
491 257
576 680
261 755
635 353
367 728
26 92
753 385
408 244
637 386
425 272
618 167
560 575
633 31
218 548
361 620
195 457
482 1
368 349
755 233
307 728
191 707
50 550
323 63
24 565
448 54
68 671
595 627
476 459
263 300
237 624
150 431
686 237
37 284
585 23
516 497
356 313
435 405
93 363
73 491
158 520
151 225
28 745
458 503
40 720
33 652
180 557
688 97
400 725
755 215
353 502
318 708
45 752
343 512
720 415
233 108
540 758
708 173
734 396
282 4
721 689
261 507
477 180
603 107
135 588
696 487
695 244
425 345
601 373
462 157
393 695
265 538
289 203
317 253
204 598
632 155
517 123
267 224
677 100
705 42
294 238
134 594
87 164
545 688
536 237
75 534
537 714
678 57
522 225
684 331
53 546
92 569
275 358
399 182
458 709
599 357
177 732
556 264
127 331
557 268
174 237
408 710
182 316
372 309
146 287
640 198
438 731
372 712
319 376
500 382
316 329
344 492
291 131
755 23
67 148
291 240
385 304
556 172
619 158
86 370
444 725
567 113
292 544
430 217
151 160
204 72
488 548
563 385
284 155
407 725
677 303
571 292
606 357
69 61
514 155
430 564
485 602
282 383
752 711
599 133
477 33
579 570
186 747
185 75
507 198
406 415
106 207
312 712
169 381
378 682
141 39
82 625
246 738
613 228
680 442
735 762
81 544
562 641
522 747
322 259
550 727
279 655
164 591
597 332
202 206
619 717
619 307
178 95
275 22
323 560
463 663
552 149
438 345
21 565
697 342
54 477
674 333
362 68
529 190
5 336
1 229
283 225
141 460
694 416
87 622
206 550
516 364
304 184
708 324
748 635
271 407
342 175
345 703
617 479
498 227
45 104
62 327
703 202
393 628
617 479
480 429
634 226
23 169
15 336
98 368
576 744
6 148
524 725
456 372
435 560
204 85
269 265
412 203
467 410
61 689
119 540
723 359
372 745
133 386
686 230
754 492
204 365
245 728
695 307
705 735
97 514
51 365
10 68
567 82
477 233
1 201
379 724
165 750
305 297
366 597
527 725
319 336
695 170
669 621
476 210
586 572
724 242
542 339
684 715
420 766
178 26
573 556
355 737
142 266
265 508
93 397
69 17
338 764
186 238
615 267
53 37
444 7
654 217
345 568
162 370
565 714
396 368
107 750
710 248
246 205
361 713
207 430
730 545
424 521
388 644
19 440
286 462
53 170
284 397
344 51
373 139
765 768
112 102
748 52
349 600
632 710
543 69
745 109
219 399
630 606
648 254
652 164
715 704
709 230
706 283
280 309
27 650
307 138
357 661
564 706
491 32
252 639
101 227
748 694
231 214
531 484
467 413
647 18
722 586
247 658
474 133
198 500
388 110
243 745
376 38
287 472
69 144
342 544
745 695
469 206
514 605
689 211
623 172
228 575
364 81
69 68
588 641
174 206
751 416
181 732
59 73
435 503
216 382
277 191
307 351
2 51
561 296
636 414
468 469
594 437
549 663
110 742
534 283
554 121
699 340
84 363
413 518
96 628
505 748
425 42
704 426
467 496
722 708
140 26
407 734
462 562
233 571
140 766
85 693
493 389
264 576
357 282
699 453
140 434
431 564
81 740
221 153
466 548
91 606
573 103
176 265
664 408
441 35
10 131
333 502
519 596
308 482
108 612
165 623
651 201
23 731
171 243
489 637
396 579
79 199
288 629
69 182
642 510
591 651
640 155
384 765
356 297
477 464
515 247
317 396
447 714
733 223
188 452
465 189
637 149
388 155
8 456
711 649
571 139
137 442
293 520
43 648
422 519
717 167
765 639
169 48
584 132
270 377
189 341
565 56
489 558
585 497
245 133
751 421
271 118
93 563
243 510
47 271
259 370
43 629
239 211
282 428
717 158
35 137
498 206
567 217
763 383
319 613
515 676
265 391
399 732
559 248
473 211
518 337
580 166
572 425
377 84
83 699
616 493
66 344
304 633
167 297
621 91
516 741
766 386
362 396
348 151
249 51
361 372
763 172
537 565
202 519
254 659
449 101
382 514
50 291
752 591
194 603
682 709
574 284
325 541
285 278
691 533
329 658
135 697
435 672
492 636
421 351
525 475
451 513
220 107
34 202
697 227
411 215
166 590
499 96
362 14
374 283
547 308
171 287
235 211
189 332
77 216
682 602
690 739
345 515
76 753
323 378
211 733
199 376
553 697
78 520
316 451
34 468
758 579
755 598
21 549
160 472
370 447
679 666
416 629
411 97
613 733
81 54
302 279
35 461
581 112
586 127
168 619
201 531
35 561
359 430
340 124
507 710
571 417
212 592
276 622
689 119
192 375
547 99
653 582
165 464
299 751
196 467
206 396
228 615
187 193
650 133
316 388
448 492
35 659
690 685
117 215
410 308
589 187
407 472
374 177
541 673
158 736
745 364
738 203
209 530
1 90
662 692
83 340
414 492
604 709
407 721
154 422
634 742
215 646
50 194
54 590
472 211
163 447
180 131
256 764
660 256
459 159
178 541
104 198
263 708
137 275
265 291
303 129
638 517
6 688
316 59
114 19
644 276
465 430
12 720
424 278
207 113
436 759
259 539
187 127
83 699
401 347
595 309
82 463
431 87
756 747
520 476
765 769
357 66
429 369
17 83
252 598
570 687
587 59
62 380
185 520
309 192
97 134
500 553
202 537
639 564
514 764
270 115
764 626
180 423
600 196
506 82
399 306
768 217
740 436
202 155
186 116
346 282
249 452
441 56
219 310
619 338
680 119
452 674
745 631
327 575
433 438
657 62
350 261
653 320
696 85
80 112
200 32
769 54
483 440
110 307
355 728
644 265
78 326
544 428
562 102
608 225
145 101
287 494
362 170
419 663
630 499
6 435
530 380
489 618
50 204
155 10
162 404
650 614
335 424
647 127
525 486
352 276
586 638
769 553
413 419
447 648
523 58
314 283
437 408
506 92
611 660
476 3
669 356
223 234
11 100
360 141
191 711
416 383
185 22
541 204
46 218
82 568
650 1
456 317
408 192
14 249
457 490
627 356
451 455
589 461
554 179
208 351
496 623
339 286
250 110
489 295
703 177
468 583
552 154
506 191
345 519
439 407
614 671
762 296
356 581
362 516
366 569
472 92
29 41
752 278
150 472
573 83
254 271
272 36
31 8
601 750
132 271
388 352
547 380
647 134
567 614
255 163
414 726
629 48
766 611
325 521
688 503
210 172
380 481
583 410
94 414
390 225
290 383
576 68
763 59
576 560
673 61
328 692
17 187
739 13
28 669
139 322
403 348
493 13
59 681
28 152
326 23
752 221
406 164
663 5
223 469
564 501
529 497
29 151
683 767
538 316
272 677
637 674
255 736
292 689
253 319
446 578
717 428
405 353
592 298
357 420
767 526
151 132
253 554
283 541
157 426
87 428
333 330
708 194
296 230
113 154
155 164
732 102
592 742
454 20
270 416
439 267
172 195
5 424
748 662
195 135
318 656
168 257
216 106
450 117
336 168
271 96
331 608
572 528
580 256
547 455
277 591
328 448
391 332
477 744
224 277
484 147
538 652
403 360
757 458
476 698
231 352
399 562
565 201
320 750
62 473
436 338
669 369
391 666
700 98
640 529
749 355
281 518
612 290
108 205
747 189
509 209
147 138
376 711
339 301
298 6
379 339
344 279
707 734
175 243
438 420
2 417
380 282
165 222
571 647
33 155
67 541
738 213
284 344
529 622
250 432
628 629
1 577
513 313
147 687
555 584
712 162
607 323
444 2
150 620
255 182
380 321
328 348
139 612
297 273
70 153
705 303
12 311
110 524
230 257
47 15
71 758
177 677
686 226
285 442
451 145
229 437
465 557
15 209
5 687
87 74
70 397
377 456
708 92
210 168
348 631
557 25
225 733
307 142
564 197
189 246
341 417
682 411
579 302
619 583
594 312
657 269
708 639
724 646
730 164
419 309
400 207
708 625
545 245
372 340
442 560
191 13
207 478
30 17
385 648
599 210
190 92
478 504
730 433
380 691
202 405
605 208
217 543
63 761
18 434
706 65
599 502
453 36
210 482
427 595
360 632
410 156
723 493
659 290
156 644
211 733
654 421
171 101
194 608
468 586
647 10
651 476
512 334
117 327
46 544
527 11
12 167
541 734
660 36
629 421
286 445
759 170
96 535
646 289
373 344
106 625
353 362
331 470
695 448
403 346
597 160
731 608
702 503
178 592
144 38
618 429
482 214
205 184
748 81
472 727
30 183
582 757
150 519
458 450
197 91
26 399
625 363
237 557
96 20
754 614
57 603
274 145
47 84
328 400
164 405
357 568
194 545
555 343
294 618
399 96
314 424
494 170
392 336
332 487
355 317
707 18
150 586
537 571
669 470
201 438
105 558
236 673
708 21
622 232
245 251
702 558
280 32
333 672
367 665
764 327
212 701
344 736
517 486
537 22
186 737
459 666
131 694
569 444
321 27
675 171
277 213
334 557
244 667
65 610
168 59
543 379
760 492
720 113
209 487
135 394
60 199
665 566
499 71
240 425
97 521
595 374
733 159
536 208
431 600
423 598
264 571
582 629
294 532
742 502
249 482
501 684
286 397
480 15
467 719
45 169
470 639
542 40
404 683
622 65
119 650
269 383
452 81
242 745
613 589
83 92
676 583
6 193
585 91
582 657
41 627
57 116
102 204
530 505
493 382
176 611
263 444
224 714
524 72
689 742
266 2
440 173
190 51
740 6
142 158
268 557
390 324
672 492
134 433
602 626
420 383
73 682
57 297
626 187
743 151
159 239
527 204
17 717
255 362
328 396
520 595
183 140
525 460
237 658
498 70
120 149
452 192
436 115
94 293
676 67
49 440
681 576
644 303
523 129
271 456
524 396
281 312
141 36
377 378
299 106
53 418
629 504
216 295
224 309
193 130
751 242
570 268
423 444
176 551
572 446
237 701
72 517
618 213
159 225
590 63
705 248
87 564
357 302
465 581
610 263
316 591
110 116
464 532
165 640
313 342
316 155
648 388
278 496
206 436
327 401
104 262
648 190
432 235
491 502
46 707
764 362
134 105
83 598
636 623
468 555
570 389
709 449
382 217
550 587
258 107
218 737
744 96
157 12
706 648
513 751
585 507
718 611
407 152
84 635
619 638
435 239
183 489
620 6
270 44
638 751
261 605
725 732
762 736
668 246
479 255
61 592
579 384
433 591
536 516
456 760
759 496
229 173
216 455
178 485
498 46
466 364
257 28
701 249
369 599
494 454
460 160
276 644
543 708
465 309
61 151
300 50
646 134
597 92
194 380
182 691
32 254
661 288
281 592
536 649
28 635
333 487
25 608
361 567
153 56
482 588
581 387
243 63
126 71
530 320
450 317
616 481
570 507
768 81
330 140
730 732
5 668
449 29
113 415
202 640
76 289
458 262
281 700
699 406
1 459
331 57
7 178
537 576
290 142
263 225
656 598
187 661
496 635
295 608
655 496
478 336
390 541
597 670
472 527
307 78
591 243
134 597
420 277
10 710
24 272
165 679
475 352
176 201
592 471
415 84
572 498
419 568
270 247
468 347
379 380
30 200
623 164
403 273
46 18
588 444
289 359
728 763
316 135
569 138
211 589
596 388
693 246
186 193
98 260
145 476
639 174
281 492
712 683
371 363
700 564
37 594
153 765
193 468
505 368
212 321
187 38
708 110
658 500
677 755
759 427
67 628
601 348
726 149
636 702
512 173
496 154
372 649
524 565
722 634
538 164
185 330
577 499
440 465
229 722
451 218
380 123
451 586
76 13
340 318
714 457
490 441
611 92
695 740
262 253
605 405
23 395
735 599
124 405
294 352
732 350
175 342
473 232
533 154
244 104
471 189
560 191
235 7
658 535
353 525
18 188
161 40
582 501
244 312
511 538
269 473
493 444
421 571
281 559
725 524
662 426
318 59
223 552
65 486
317 23
241 710
210 7
355 398
507 599
315 623
742 583
327 465
632 353
267 143
142 222
667 35
253 215
468 475
373 138
191 295
161 38
235 745
44 196
748 157
25 293
385 766
107 711
461 738
294 333
112 42
554 384
451 413
204 149
118 576
286 309
102 52
721 711
28 370
137 6
132 536
299 517
532 11
458 599
354 358
537 71
5 697
454 455
340 658
603 457
70 494
371 171
152 322
113 554
298 624
559 429
391 463
176 528
79 240
732 433
203 500
503 207
427 563
661 766
57 100
59 126
199 430
297 725
357 15
509 654
244 674
689 634
367 95
393 52
334 730
484 142
460 592
348 117
385 614
488 47
319 547
173 124
582 75
79 544
464 194
35 707
98 723
572 70
48 570
121 757
530 604
504 596
33 458
712 23
677 37
70 227
583 617
725 1
691 409
544 385
602 578
322 305
137 499
375 560
674 495
153 41
705 656
636 343
344 184
365 627
220 40
459 408
656 414
408 183
428 558
173 636
741 495
171 109
599 151
274 110
646 426
150 187
687 16
529 262
574 499
494 25
539 183
38 31
596 446
214 629
609 386
495 580
486 666
294 691
422 567
31 298
598 180
90 516
570 618
383 749
723 107
379 98
289 417
128 115
468 716
349 307
708 75
492 424
346 17
720 767
189 750
671 18
535 760
533 710
215 146
690 168
252 299
265 540
321 392
260 19
714 608
325 652
288 423
681 633
45 632
631 233
612 138
250 753
128 388
693 342
533 219
115 390
518 379
535 69
377 400
463 321
239 393
578 526
46 489
765 90
351 232
698 569
369 553
552 102
172 81
444 310
300 558
700 423
543 71
97 150
471 165
76 315
558 653
446 209
372 441
299 329
672 602
128 646
385 285
748 556
740 28
472 645
191 8
673 733
78 1
488 154
540 169
468 328
427 145
537 30
585 441
733 94
273 91
345 263
750 323
425 720
725 127
596 147
509 499
485 586
105 204
740 645
747 44
578 405
188 720
40 379
391 3
472 269
468 47
532 54
745 562
4 700
688 205
77 33
704 562
618 414
371 194
664 348
613 473
358 31
423 397
409 420
5 486
688 472
533 56
525 114
617 135
44 141
339 496
173 648
288 397
668 264
196 562
217 39
640 575
445 294
577 84
319 582
570 612
659 708
668 21
52 121
155 95
637 99
196 415
353 483
42 251
352 613
418 569
257 289
749 701
188 556
16 112
368 191
723 633
129 227
653 555
348 413
649 590
511 76
235 469
164 652
325 122
495 743
296 751
637 275
289 430
436 304
541 410
100 273
228 327
156 13
674 174
267 494
290 717
334 759
487 216
314 214
710 662
509 298
529 14
586 564
449 495
710 89
594 41
736 427
367 497
45 646
670 686
745 191
240 309
180 726
525 99
545 71
761 284
743 126
672 165
296 726
659 236
421 89
651 387
121 248
115 165
499 15
82 474
580 696
389 365
258 519
464 33
195 61
316 169
186 218
708 481
549 204
323 200
292 204
587 413
58 307
183 556
696 639
636 507
565 630
102 53
379 171
85 573
231 6
347 23
598 286
109 378
489 431
577 386
241 394
404 298
306 587
459 233
62 700
739 627
560 446
679 544
223 370
723 453
375 675
475 204
191 584
581 285
620 763
277 91
763 680
763 299
103 59
531 165
758 106
22 155
552 306
304 5
281 257
63 656
163 144
465 728
333 651
619 183
644 126
649 637
411 248
167 120
306 697
284 670
409 680
430 191
591 733
570 103
221 238
364 758
381 59
322 713
709 546
502 583
277 381
57 688
234 223
38 540
525 696
46 164
212 475
729 33
438 135
135 264
373 498
627 753
162 180
303 101
725 35
290 608
21 346
526 629
568 169
399 698
470 50
468 681
524 427
713 193
562 454
62 540
557 689
129 719
474 37
50 35
71 714
642 466
290 4
701 463
172 330
767 247
380 465
158 509
122 477
701 289
161 369
59 323
288 563
272 761
599 697
26 276
641 668
347 537
671 278
230 449
214 227
695 199
691 459
707 419
166 245
707 701
613 372
629 131
540 132
497 369
59 522
644 305
26 597
72 303
105 677
751 318
134 282
122 431
346 60
80 117
304 392
48 147
763 283
652 139
414 379
508 78
506 757
757 532
584 60
65 295
736 421
218 475
702 340
136 279
399 590
395 308
213 49
454 581
706 711
720 350
320 64
33 56
51 20
193 241
454 257
141 26
283 358
501 216
303 242
100 307
63 100
614 650
523 673
461 459
614 17
414 164
80 446
595 506
72 18
352 131
650 492
157 163
455 263
753 758
110 458
295 547
558 515
427 686
418 494
751 263
510 395
32 196
447 232
307 518
250 658
254 505
755 16
273 440
278 257
34 763
320 704
540 483
449 198
400 97
297 381
734 412
6 766
607 58
228 144
181 83
407 435
193 392
450 466
63 334
328 96
327 647
30 97
361 84
669 366
181 196
746 520
608 357
516 51
415 350
195 201
38 601
635 606
599 691
677 661
255 235
362 581
487 767
283 78
81 183
443 636
753 25
387 197
757 508
248 8
463 48
208 501
254 74
712 83
764 619
349 624
459 711
41 176
708 323
629 394
111 677
261 95
702 253
666 295
760 144
302 454
566 509
560 51
582 108
508 182
726 88
36 415
29 76
196 342
5 55
341 115
732 601
584 270
459 87
170 450
230 471
509 402
210 674
58 398
12 565
185 737
652 596
757 286
277 183
233 281
613 574
2 181
11 191
450 470
277 225
525 113
695 264
514 510
168 177
138 179
741 698
521 230
524 508
515 31
296 354
687 139
158 294
319 168
484 374
243 367
598 767
85 523
636 204
264 409
380 7
193 351
704 713
580 64
57 701
470 728
285 387
97 48
286 22
590 769
395 64
741 599
436 56
727 678
259 221
317 244
603 116
201 143
59 11
582 491
317 282
449 207
274 151
254 559
172 450
164 173
119 136
2 554
566 728
68 56
555 385
674 763
500 105
511 164
491 323
260 413
604 314
620 483
465 479
272 242
159 436
20 652
571 396
437 742
730 504
403 515
494 308
114 599
412 624
369 133
553 628
546 762
173 2
476 243
86 747
90 620
19 110
502 195
111 169
168 71
279 570
191 378
108 304
208 126
534 576
633 317
40 409
309 587
16 390
60 102
743 525
721 761
240 453
187 350
228 729
421 112
529 217
489 243
521 302
368 285
108 231
207 523
246 121
340 261
511 6
737 484
530 688
81 375
747 267
724 205
226 750
316 361
198 410
603 324
712 201
214 425
37 26
178 282
146 518
149 262
523 116
745 658
410 432
263 387
698 592
197 530
179 118
496 376
527 329
305 469
135 518
125 171
149 677
453 294
425 207
556 178
322 137
441 731
568 703
723 103
526 150
238 704
267 733
685 25
667 595
99 32
718 598
577 97
506 260
390 536
72 551
714 394
294 385
730 92
694 684
569 450
64 412
759 331
375 280
730 647
105 434
678 53
638 486
149 374
351 144
140 423
695 459
422 594
450 382
291 749
296 91
35 735
502 24
296 483
678 631
360 13
670 644
440 538
735 194
142 691
337 657
719 637
721 371
461 7
753 752
755 654
448 20
619 555
418 520
268 326
756 234
713 657
483 383
425 54
182 173
744 519
435 694
761 386
295 453
768 653
41 753
144 488
379 762
273 27
119 147
728 105
755 671
761 74
660 23
127 72
195 101
196 629
25 188
620 695
246 618
184 286
208 327
379 192
320 651
218 438
403 551
148 388
59 140
461 324
162 587
1 731
294 197
196 693
759 46
618 235
270 33
126 83
359 504
274 284
385 97
327 394
648 475
387 312
614 79
635 381
271 635
342 170
437 537
94 426
188 711
266 63
349 391
145 314
500 418
597 491
515 155
115 768
235 501
310 454
185 175
65 62
415 12
231 458
154 324
114 716
641 755
10 595
751 154
139 482
178 736
578 692
496 692
296 730
29 605
20 214
385 84
275 30
470 111
93 229
41 582
175 287
567 559
112 154
713 251
241 496
592 49
24 318
346 319
653 375
154 672
588 144
361 468
548 436
184 641
664 224
453 444
510 250
234 622
9 552
478 250
278 300
298 301
223 644
619 106
624 378
383 442
521 743
515 299
409 304
170 303
528 622
352 643
477 585
101 486
742 578
341 250
483 244
156 705
118 380
41 347
363 423
394 114
2 139
19 410
443 563
318 576
22 670
55 498
91 531
589 64
714 160
688 428
404 450
363 127
60 10
80 423
38 473
142 40
612 535
55 660
329 748
72 350
254 501
453 344
262 648
13 207
413 307
240 47
362 602
549 421
217 628
449 255
331 197
669 548
731 723
44 665
701 490
245 560
222 304
135 89
182 522
670 594
434 140
247 26
348 401
53 564
634 107
424 195
303 323
349 640
652 767
535 583
94 386
749 690
689 489
9 101
241 679
300 281
49 546
306 396
177 358
566 41
465 220
611 373
543 565
618 425
562 384
613 261
375 592
181 294
311 190
769 158
474 299
438 522
76 743
524 252
707 320
668 8
145 509
755 687
679 604
717 77
593 167
338 198
758 518
491 675
313 96
63 17
394 106
145 469
454 668
327 766
593 600
4 343
714 759
261 623
199 583
699 22
749 267
219 344
391 315
249 703
410 686
720 34
22 470
109 81
368 41
78 566
640 456
139 584
445 5
437 249
194 741
270 173
614 488
516 235
408 370
543 48
286 99
457 682
568 565
763 541
605 71
712 475
526 82
664 577
461 331
56 654
677 701
433 521
25 179
755 433
549 135
480 440
233 167
353 407
337 346
178 172
22 121
252 153
577 146
335 643
82 766
134 759
697 566
510 721
350 102
759 129
236 76
569 74
242 527
480 185
478 264
356 499
759 214
257 172
359 592
45 441
194 178
430 121
349 545
447 699
646 437
58 487
512 232
167 359
364 646
543 72
515 505
570 504
718 433
675 682
255 326
353 448
109 388
174 458
164 226
387 415
662 50
133 10
657 299
744 251
550 517
323 671
627 498
11 181
161 686
94 21
617 446
74 725
440 247
413 603
79 405
623 740
455 361
356 342
265 330
198 46
452 126
322 685
624 332
96 390
623 189
17 470
635 90
32 305
712 444
513 21
455 741
366 140
333 721
87 597
656 284
248 339
410 569
254 639
132 349
259 754
538 275
61 9
740 92
688 682
141 37
308 595
8 673
734 340
231 51
543 117
710 21
61 350
590 689
219 327
644 83
311 18
733 746
26 703
68 713
221 209
355 134
34 362
412 374
308 642
424 456
365 739
476 31
694 671
720 518
228 200
601 145
217 170
121 242
478 564
560 698
3 145
437 411
112 79
15 25
327 45
480 297
14 187
327 708
463 652
456 297
82 662
47 298
62 542
145 539
336 704
73 713
454 509
355 172
194 369
196 520
413 282
47 33
74 748
740 536
237 32
438 318
694 484
222 755
632 366
131 198
676 203
517 360
712 102
137 511
76 708
261 95
220 682
127 293
266 472
434 502
503 103
51 33
192 272
394 54
243 524
627 149
332 374
115 649
81 251
390 156
189 256
250 408
168 751
306 434
453 740
166 562
73 591
594 639
468 593
693 711
722 550
90 285
529 579
539 609
61 160
764 624
415 245
638 189
226 174
228 285
519 768
77 197
590 276
67 288
475 759
604 427
145 300
317 673
109 87
512 544
621 506
399 641
356 642
60 188
46 287
78 171
286 154
367 481
35 433
374 509
28 209
542 172
114 464
75 222
550 586
372 7
698 1
648 659
642 313
452 293
206 529
463 491
288 436
577 323
99 181
437 127
764 584
298 483
279 748
311 434
170 682
441 98
682 694
363 160
237 45
58 442
574 521
538 92
562 720
20 660
507 63
392 501
646 296
590 530
274 131
570 443
43 616
147 330
540 509
95 382
553 152
55 357
278 198
55 70
149 74
730 655
511 727
761 388
253 581
523 132
317 323
575 359
169 327
688 314
441 13
696 224
540 750
187 48
553 616
118 701
689 453
192 431
410 184
424 269
370 552
400 687
481 580
276 255
137 570
569 577
188 495
407 333
81 199
381 633
45 498
171 339
556 362
375 571
545 404
70 521
187 470
438 667
655 319
152 23
494 326
205 288
51 217
620 131
415 231
370 459
334 540
404 495
132 9
297 283
413 366
34 599
441 77
102 327
395 628
724 495
185 534
13 610
751 238
347 2
75 716
67 408
486 470
509 223
478 36
505 121
401 144
325 448
220 32
5 221
266 728
715 450
492 333
665 79
570 242
81 644
188 147
658 279
616 397
502 699
432 612
51 438
756 750
491 206
13 495
426 278
59 746
333 551
309 228
629 110
76 709
359 638
461 247
148 682
249 255
612 286
97 662
330 458
248 51
270 260
546 301
143 604
278 475
760 192
309 620
301 384
165 266
252 232
512 5
144 761
259 755
277 731
253 212
419 501
263 294
760 39
595 134
248 103
214 239
294 522
464 201
511 234
466 369
465 583
373 609
180 632
200 63
199 453
274 223
184 536
517 174
180 342
682 428
50 502
272 718
629 341
524 371
180 220
739 645
409 717
90 588
579 289
256 383
741 530
606 155
671 353
704 82
694 616
115 743
723 761
691 583
707 446
184 117
271 528
761 285
475 456
479 660
745 734
273 322
100 109
83 2
461 17
458 760
238 572
733 192
169 261
5 106
312 563
222 188
696 589
79 401
275 557
291 625
127 170
553 227
278 635
603 345
651 291
335 494
468 674
291 242
540 295
347 457
463 174
644 389
762 328
396 643
115 292
498 617
461 281
449 345
521 282
689 402
178 629
502 251
139 23
98 284
693 444
740 386
223 221
381 216
548 7
89 269
298 192
116 759
79 170
709 599
57 234
607 234
93 339
90 607
361 562
121 284
236 92
276 64
687 656
279 465
662 742
339 565
540 454
554 618
623 99
53 679
332 659
518 31
603 213
637 570
5 363
84 615
60 734
679 746
620 563
442 118
142 386
683 681
71 73
135 299
172 187
584 503
452 707
533 660
526 6
460 136
369 150
357 428
114 266
11 340
434 58
457 575
443 745
92 513
49 226
418 595
19 607
328 76
150 467
735 675
78 32
417 52
181 4
86 669
644 96
239 308
153 302
489 595
277 580
714 325
412 737
525 36
574 459
486 723
156 451
235 608
88 651
660 268
654 745
168 134
446 12
47 598
313 535
423 590
721 742
520 738
709 276
379 513
734 95
73 495
151 682
333 239
563 598
112 53
179 279
186 624
666 607
452 209
373 481
29 699
59 155
667 768
430 276
117 769
745 189
494 126
476 432
364 269
636 476
696 45
360 487
275 256
325 726
71 303
43 99
232 102
253 504
475 288
385 591
662 735
386 761
91 92
424 61
736 665
142 268
709 501
755 214
363 685
546 433
593 194
137 55
670 765
164 375
658 154
197 551
119 188
542 584
279 571
644 620
466 16
119 12
123 479
225 91
394 376
129 217
570 265
646 470
260 415
451 524
174 647
305 667
65 452
481 718
254 731
569 719
746 687
730 474
2 561
564 395
542 692
217 717
563 468
24 428
113 474
182 286
351 92
183 21
544 269
344 28
230 143
352 582
435 688
286 436
85 456
436 626
753 652
180 546
350 203
580 68
676 761
353 632
84 141
258 233
16 601
260 245
350 611
57 15
529 718
57 219
404 492
76 762
750 630
145 705
63 724
4 344
321 731
581 10
478 69
242 493
275 501
737 624
718 400
245 83
348 301
302 357
398 752
349 753
612 493
689 674
53 298
623 374
634 434
383 342
502 625
440 382
731 14
237 679
413 481
762 366
387 669
722 390
651 301
749 99
400 274
3 452
571 625
431 41
664 45
383 396
275 428
8 236
441 619
146 84
705 513
449 697
18 7
693 668
308 672
766 313
176 374
370 352
604 32
392 498
76 380
499 725
39 112
191 479
337 711
169 272
60 223
575 77
230 498
350 143
6 721
61 181
325 430
138 534
461 529
637 142
515 741
97 159
459 663
243 26
604 411
672 664
240 477
346 469
580 696
217 585
647 277
371 578
706 508
342 4
643 585
520 388
556 617
546 245
116 19
645 719
36 154
219 275
630 565
349 47
491 171
631 743
447 608
551 758
346 499
761 219
314 118
212 475
340 363
326 455
757 576
404 23
729 229
672 196
24 626
242 120
27 478
93 79
316 250
442 268
354 40
486 273
157 304
747 496
666 678
181 259
91 190
656 50
418 558
245 47
20 92
541 421
176 240
105 491
95 547
758 448
586 81
720 742
759 303
74 261
212 254
520 302
49 406
726 73
570 577
494 589
668 266
616 74
111 720
171 205
103 534
258 688
614 208
266 209
510 339
470 327
592 220
628 247
625 191
319 425
767 43
620 665
683 72
345 24
22 515
603 125
279 91
418 499
298 684
707 414
253 13
740 451
232 205
697 463
395 246
493 392
663 343
287 577
20 237
206 42
751 40
541 636
130 564
365 34
478 677
447 337
690 23
393 527
227 320
220 621
171 713
243 64
661 136
246 681
372 452
328 729
491 474
595 226
268 565
634 352
78 686
294 767
709 686
525 166
611 350
393 12
293 241
450 560
376 302
77 354
753 10
688 80
483 119
305 356
289 545
707 366
461 231
739 400
522 100
172 363
449 564
749 348
35 36
513 17
337 589
745 320
598 269
399 686
387 309
272 281
84 585
646 151
421 221
156 174
695 327
536 375
496 122
328 531
157 446
153 493
265 503
418 468
2 422
759 763
336 636
274 26
451 525
176 478
746 331
651 671
264 23
651 759
519 584
126 675
260 278
4 130
11 27
203 387
448 192
380 390
59 653
415 115
409 590
592 760
526 79
661 20
102 149
10 620
732 135
132 223
19 135
727 404
537 161
22 215
352 401
210 16
285 624
131 299
50 328
289 576
407 555
201 114
703 210
339 272
720 470
100 344
211 57
747 592
768 567
550 400
8 565
290 237
301 194
662 629
482 468
266 267
274 754
576 90
323 78
40 24
177 383
609 608
735 192
431 734
364 211
739 746
6 634
214 682
58 106
541 539
179 412
411 452
396 592
147 324
669 561
722 451
549 561
290 515
358 720
479 722
161 54
698 541
687 517
453 744
228 599
119 12
616 135
70 617
727 216
172 626
8 124
683 556
291 203
301 648
528 385
206 294
438 135
440 355
257 124
704 485
328 428
496 175
563 565
397 520
387 568
751 394
298 664
180 588
472 87
466 230
471 278
129 140
412 569
100 274
298 410
364 625
68 466
405 236
261 33
755 253
206 343
646 503
612 432
321 315
518 393
150 594
670 279
733 687
78 439
191 750
454 161
605 521
626 616
757 492
254 348
745 459
296 621
193 139
658 119
59 406
117 583
231 17
467 569
309 150
613 106
130 297
266 735
424 122
187 17
219 440
739 194
504 266
421 302
10 309
421 443
321 537
256 157
160 329
331 74
478 175
179 608
77 50
573 106
546 365
122 765
35 467
189 538
732 215
71 347
130 97
395 450
239 256
212 4
584 542
78 293
322 256
131 5
306 309
110 82
673 607
452 707
304 641
81 641
461 526
593 590
622 218
645 467
473 87
470 288
235 547
580 556
409 710
166 320
624 651
7 527
488 459
70 22
705 525
268 396
282 91
217 509
308 92
206 11
554 676
673 19
59 483
180 467
29 346
17 652
227 24
15 320
482 84
341 417
609 214
418 496
304 634
235 611
332 47
