770 1201
736 352
714 640
214 35
385 25
146 496
282 396
229 243
135 236
449 259
703 327
745 525
130 307
178 549
431 277
330 53
719 447
404 662
316 769
697 82
175 224
730 457
2 340
699 288
576 529
547 508
238 673
414 519
210 592
297 22
250 8
74 199
606 629
242 152
10 320
385 184
544 344
640 697
684 720
214 641
631 142
530 98
45 174
616 254
765 295
275 244
454 501
594 290
511 66
593 520
385 207
704 310
703 725
236 768
57 602
20 687
743 549
166 17
722 11
422 98
457 79
494 141
579 317
582 319
534 404
221 149
762 306
458 76
412 76
73 468
677 244
536 649
23 701
48 126
94 469
376 550
547 99
72 507
567 35
208 331
438 428
631 582
115 318
657 526
545 112
376 451
355 141
482 377
72 681
655 317
531 260
248 460
358 320
348 306
506 555
18 174
364 648
137 478
196 23
386 122
286 761
573 641
131 436
399 354
498 283
670 258
694 148
99 433
619 447
739 354
231 756
679 747
634 45
606 211
220 221
332 505
363 286
375 646
721 156
229 448
590 281
88 514
580 186
176 580
632 144
315 245
282 224
221 145
420 56
355 639
429 68
526 21
354 130
666 456
437 277
286 257
709 525
770 518
710 175
479 724
471 23
350 752
398 570
126 48
7 632
68 587
699 593
608 434
105 655
120 541
161 557
179 251
311 178
150 402
505 628
355 205
33 704
186 430
655 463
629 44
324 79
630 404
671 467
220 157
504 491
80 46
277 258
297 739
588 446
370 322
456 107
526 488
40 93
147 77
555 158
120 260
236 749
663 136
598 264
445 331
754 524
376 412
11 54
380 598
500 750
301 185
86 56
672 277
148 200
505 84
357 624
343 592
755 388
110 734
651 554
446 17
459 51
428 621
105 190
601 756
321 131
322 406
187 375
64 486
574 569
570 313
574 294
286 710
681 547
673 714
330 348
730 170
551 387
21 37
728 621
174 278
751 495
65 319
99 129
187 54
79 138
366 34
431 34
744 494
580 28
437 292
528 396
461 460
164 481
496 122
483 669
399 616
545 464
316 643
744 654
78 204
21 444
237 604
629 362
327 438
542 145
729 299
540 420
758 85
282 635
206 147
685 757
144 459
602 459
483 575
343 560
160 515
385 548
500 243
140 208
681 63
352 21
361 121
592 500
358 256
364 563
402 430
701 545
118 532
385 600
488 109
541 647
6 308
577 505
550 716
713 612
8 294
15 520
567 606
401 154
91 764
98 644
423 181
570 692
712 185
673 582
445 443
610 450
750 416
185 682
513 279
675 672
572 689
421 520
525 51
55 615
196 305
641 770
485 440
691 578
624 745
389 299
418 381
130 549
178 314
460 691
592 517
592 546
435 395
447 189
597 502
186 175
36 56
174 520
647 247
479 501
221 250
181 20
630 310
721 189
6 562
109 749
308 83
524 743
629 201
161 455
84 498
629 119
705 185
20 582
431 650
464 33
129 26
53 140
487 155
329 492
716 437
471 254
671 376
226 529
728 538
366 41
266 224
311 200
560 482
11 220
362 626
405 490
651 609
630 368
763 340
89 708
158 711
191 59
317 568
739 274
336 334
467 753
710 7
334 499
489 497
101 232
352 505
103 233
495 732
600 487
453 70
576 611
11 767
669 479
716 19
134 281
353 600
415 444
759 749
172 629
475 424
90 56
310 192
440 34
306 421
520 758
491 326
750 653
474 30
361 571
49 646
234 553
476 648
226 464
626 397
474 482
203 563
690 512
136 359
546 441
10 447
581 652
154 560
534 627
590 276
428 638
151 43
420 626
690 645
471 698
423 174
409 625
118 480
519 254
221 294
76 382
740 656
263 124
446 26
132 265
453 711
284 603
753 85
611 55
729 311
752 533
637 542
540 136
252 288
389 472
733 617
235 84
502 497
207 177
674 491
593 356
431 258
188 566
342 28
620 452
491 601
367 509
524 136
644 5
575 415
628 689
261 244
2 144
740 361
473 25
81 295
380 663
705 720
610 276
129 459
728 1
441 324
661 195
611 535
351 567
331 361
637 743
604 638
116 726
380 588
750 612
265 512
657 199
613 496
626 741
337 735
124 7
440 14
353 280
700 86
228 260
446 94
384 431
114 652
538 645
621 518
487 267
411 373
617 253
250 473
223 586
437 498
593 107
512 327
538 441
412 148
83 239
393 618
670 658
499 437
533 350
336 401
768 746
155 615
228 404
469 603
220 287
330 194
545 223
520 465
664 314
612 128
552 386
745 603
274 474
422 188
205 757
588 202
115 742
198 494
527 666
478 746
183 190
321 109
412 223
573 457
536 414
584 317
182 559
302 455
262 723
24 618
91 611
201 357
734 399
81 490
446 710
618 10
129 168
119 693
390 691
379 155
487 193
624 668
751 155
504 394
259 527
241 349
519 441
706 634
221 168
353 667
107 200
676 388
520 24
310 291
97 688
446 583
110 451
632 242
757 517
635 245
273 105
745 173
698 680
36 148
229 540
44 488
122 102
105 641
125 414
161 373
483 758
337 745
590 198
216 576
714 81
202 368
337 177
692 264
238 727
412 467
497 607
184 618
708 440
640 215
235 30
587 717
170 154
691 759
503 289
717 599
521 148
348 87
324 270
351 562
378 144
410 104
750 745
103 70
414 742
284 648
154 100
746 323
405 49
463 290
337 561
118 87
709 617
325 414
116 57
357 494
200 766
749 332
740 82
401 535
205 66
412 358
317 540
62 722
588 677
241 306
467 510
544 557
356 98
201 624
155 557
347 506
705 477
219 56
558 1
591 763
66 384
502 383
153 564
486 122
622 108
427 318
617 352
105 354
450 457
207 756
243 705
643 329
412 244
385 199
244 205
343 462
588 75
226 123
20 711
396 641
200 205
340 46
556 596
551 387
282 758
372 525
692 397
83 333
640 619
684 265
53 256
726 23
482 333
297 653
273 692
523 624
126 245
669 682
70 602
450 352
589 204
258 662
600 492
225 621
341 138
115 545
545 223
567 409
555 93
291 210
167 196
63 292
440 114
355 661
715 35
242 533
238 651
424 219
525 30
69 95
319 183
21 246
405 588
654 190
62 326
551 228
521 613
672 342
726 256
233 670
442 626
584 679
659 390
127 413
419 347
659 120
530 679
365 316
648 400
657 710
725 437
319 628
280 220
199 387
628 583
287 299
591 100
360 631
641 486
273 290
215 313
561 126
221 155
441 99
554 480
190 660
298 508
517 577
110 98
194 737
680 632
417 652
113 6
512 754
492 166
425 88
630 215
213 81
521 653
331 456
514 672
345 42
409 92
770 670
341 345
18 402
206 435
284 471
440 177
606 313
495 260
400 354
626 612
586 376
647 146
61 390
199 405
583 760
648 583
659 218
309 677
620 667
341 285
367 10
613 202
475 337
613 104
73 468
716 658
73 744
186 285
515 384
71 328
373 719
292 414
318 600
320 167
496 42
603 244
203 446
445 677
12 439
11 84
136 108
124 360
233 309
26 747
74 97
304 447
45 747
90 514
577 561
63 454
754 665
698 186
340 524
93 504
193 255
739 480
514 92
222 746
552 247
104 626
343 560
454 539
536 695
283 494
485 345
178 468
391 105
35 731
10 279
464 202
685 432
64 580
676 285
555 457
683 659
464 408
600 147
176 365
71 610
89 707
336 266
556 727
522 743
69 531
251 684
115 318
497 178
127 402
614 64
241 526
104 704
315 703
81 491
297 303
482 385
392 48
32 329
156 553
301 224
466 704
137 580
251 633
757 377
417 752
440 657
659 543
590 204
475 52
76 154
507 557
690 280
756 722
608 293
656 291
516 351
224 34
160 626
667 298
384 465
431 206
351 320
130 322
675 757
374 750
140 262
688 59
541 56
10 530
348 48
50 94
398 425
127 558
280 175
237 46
639 668
251 371
369 380
693 273
366 448
252 657
709 321
716 479
376 107
238 724
154 440
199 552
94 477
491 526
652 109
571 672
6 203
425 374
734 347
28 482
24 279
368 732
600 465
592 357
572 211
310 107
650 508
40 126
215 682
651 248
21 603
301 178
35 725
704 768
301 731
479 476
240 229
589 221
693 410
729 494
621 269
753 652
158 22
7 372
704 39
1 106
641 302
283 57
408 216
55 709
177 685
566 568
295 385
170 218
176 128
93 178
548 75
60 706
249 218
459 334
257 460
439 127
143 721
184 550
319 390
640 647
456 436
444 751
202 765
198 377
122 442
555 52
517 766
757 765
213 597
328 469
438 148
748 580
250 161
512 568
702 381
444 539
198 269
519 399
263 98
6 537
540 712
588 438
707 726
584 149
552 293
770 220
440 747
181 689
289 692
639 372
455 312
140 652
733 659
433 225
138 590
143 677
531 112
496 619
67 309
149 1
601 148
372 270
276 704
341 564
626 209
317 462
672 457
343 634
345 5
241 634
746 383
541 506
647 266
506 713
727 655
95 557
32 618
209 460
552 549
405 407
139 722
250 40
408 592
56 134
749 296
767 724
60 689
612 706
337 347
31 293
383 277
231 415
125 439
256 676
369 660
464 507
763 713
699 400
686 136
685 664
583 64
770 642
134 763
730 622
491 142
144 104
418 527
670 542
347 155
447 716
196 140
604 189
234 684
740 150
49 655
195 631
100 346
655 233
338 766
85 59
137 380
162 554
136 61
326 635
367 154
732 562
446 565
132 679
631 102
58 61
138 405
692 237
750 728
469 318
723 705
528 89
467 71
642 754
283 349
618 649
503 579
592 178
526 724
86 386
55 296
446 192
82 519
428 61
476 278
378 580
365 287
668 61
357 692
44 639
270 662
669 154
470 491
331 225
444 569
762 650
246 590
71 327
338 650
387 196
309 147
5 55
433 55
115 172
746 311
40 397
202 709
551 53
581 263
430 406
213 573
285 458
392 507
166 730
386 705
307 76
81 311
131 665
517 397
218 644
707 258
271 290
348 203
495 310
617 306
715 60
108 229
669 500
735 217
611 502
151 147
729 231
609 241
277 356
638 495
381 726
134 651
398 633
235 122
172 234
427 268
445 686
496 495
567 612
711 407
495 91
705 605
473 696
76 132
281 713
626 661
50 141
694 447
155 310
720 326
695 528
593 369
444 470
94 392
463 34
29 187
277 115
173 749
40 248
110 472
342 117
515 392
257 590
220 411
281 170
118 206
697 92
726 522
713 49
144 405
235 324
743 511
438 146
489 630
545 751
331 117
97 227
660 354
46 109
146 479
278 416
684 357
507 639
108 602
70 251
236 456
574 361
196 394
658 66
253 432
46 735
548 143
192 437
648 237
698 175
715 205
590 10
561 479
31 51
310 100
301 697
555 257
287 132
650 326
349 132
758 395
96 687
689 287
506 718
676 433
122 2
19 712
164 580
420 194
630 729
445 312
655 381
568 324
512 447
649 242
730 18
636 208
