868 1282
10 493
684 407
823 747
92 349
401 553
309 451
188 577
406 45
401 785
551 770
679 220
333 541
431 89
154 381
625 197
42 199
254 725
605 208
168 261
556 132
813 864
582 565
137 119
609 101
468 292
3 710
511 767
382 505
855 100
17 612
728 58
374 113
346 542
321 77
802 8
208 311
436 354
7 136
472 615
236 503
38 670
345 112
569 290
616 555
389 632
730 249
253 235
361 599
341 681
675 274
253 447
148 252
800 586
819 403
333 186
470 802
856 814
478 120
235 225
238 624
421 100
436 673
766 796
403 238
173 642
76 857
220 655
672 151
373 622
117 269
807 586
202 358
95 679
41 330
468 279
517 20
378 516
692 707
443 659
509 179
432 148
599 215
802 402
797 306
155 477
574 526
627 340
15 721
582 488
614 181
766 262
632 707
777 20
545 784
678 617
526 673
764 257
19 262
222 379
131 377
855 269
34 613
172 480
466 753
99 211
498 864
37 261
702 377
280 811
724 521
123 814
325 19
202 775
712 423
285 842
363 272
674 396
16 845
440 45
294 538
256 791
98 724
183 363
232 27
305 520
547 428
465 4
10 230
778 285
216 627
690 579
30 496
106 477
36 109
522 329
647 341
251 308
196 866
670 859
24 107
510 570
98 538
137 539
767 479
823 115
237 644
693 698
703 362
306 739
471 391
199 681
731 450
120 490
11 789
45 34
459 554
167 556
224 304
226 554
782 612
668 150
388 492
411 222
854 716
524 20
239 723
700 533
736 819
587 746
303 631
779 762
748 509
449 535
812 239
221 289
850 20
2 801
76 412
587 493
260 242
512 62
528 343
594 395
725 312
704 159
506 178
52 386
687 65
52 630
735 272
51 280
292 52
213 799
28 363
423 287
604 66
780 696
840 69
222 260
813 58
850 450
235 34
835 485
530 19
247 396
722 729
675 577
344 451
507 371
813 61
221 113
558 132
808 529
201 593
352 145
650 334
158 449
799 125
65 460
575 743
419 860
167 225
569 75
240 639
9 184
264 230
728 821
793 667
46 557
392 397
701 605
294 423
185 224
547 682
683 685
120 233
240 719
22 808
793 261
143 801
8 406
162 736
358 519
534 835
207 489
796 472
226 221
26 842
445 136
219 691
820 339
56 191
189 509
563 545
333 269
477 340
674 203
207 595
721 305
562 59
793 53
94 150
273 119
124 717
254 342
104 637
244 159
392 864
231 518
540 563
786 581
34 591
347 673
749 199
109 6
689 465
58 783
615 331
465 302
611 719
207 714
51 15
436 442
10 666
523 114
792 440
258 390
594 604
626 475
366 298
480 618
762 538
96 72
432 561
805 174
843 576
452 25
590 19
31 163
249 553
708 604
125 97
125 282
700 750
756 629
179 800
379 505
469 474
576 32
166 513
637 140
220 597
373 671
627 535
51 743
807 654
431 35
343 713
299 224
164 59
835 95
437 471
563 43
610 158
640 686
795 344
469 578
72 841
380 262
72 862
568 10
648 131
476 122
407 774
777 570
833 307
665 833
341 791
439 83
81 211
332 439
118 801
580 189
337 92
14 840
517 581
413 296
711 21
849 249
358 322
383 322
628 179
719 101
101 289
615 613
63 510
615 180
442 759
800 343
850 813
314 498
90 291
358 800
311 770
613 668
223 127
554 851
737 836
515 401
256 693
146 751
334 324
62 340
214 862
682 627
370 559
689 459
413 178
823 723
511 131
87 734
689 204
280 557
171 794
89 858
182 666
740 515
554 366
418 767
791 663
90 292
786 778
315 330
519 701
617 161
831 703
26 651
470 737
771 640
226 423
629 407
221 65
486 774
430 35
236 352
698 325
207 179
666 85
508 316
785 256
41 747
522 498
93 123
367 427
326 592
850 519
563 634
583 180
103 576
646 338
59 39
227 697
217 24
782 289
772 698
544 812
141 630
441 233
316 807
660 642
95 205
292 657
838 438
836 72
145 613
841 635
652 199
463 432
655 808
720 558
638 828
501 342
153 73
574 468
444 797
673 538
565 528
326 534
97 293
605 673
469 142
439 684
340 466
248 126
405 531
247 606
490 747
79 206
384 217
674 827
577 42
496 274
570 821
807 230
677 108
35 709
249 37
525 152
502 336
710 471
430 88
640 484
399 719
689 782
499 494
304 639
536 799
44 669
315 415
30 123
86 496
395 766
533 51
49 598
818 322
200 380
410 404
863 372
254 683
285 316
741 588
86 840
82 130
640 396
108 233
82 193
729 476
522 393
91 570
122 472
24 754
851 865
289 409
368 106
656 216
853 528
367 70
63 448
631 702
407 302
66 488
494 358
527 579
750 617
281 436
653 736
753 635
296 605
608 227
274 395
442 258
486 372
327 112
819 522
813 789
823 442
408 13
364 498
591 245
679 435
244 463
302 128
661 161
296 400
387 569
358 392
826 407
327 717
518 709
370 26
629 324
468 600
336 395
230 491
639 40
57 447
66 791
138 726
83 434
690 34
134 179
857 524
586 316
372 235
156 305
261 349
628 292
80 528
686 309
150 20
780 206
466 845
560 168
267 643
601 88
240 298
266 660
385 415
107 320
650 695
624 474
175 384
329 254
475 146
127 188
597 470
825 195
11 517
794 277
723 526
796 94
387 625
753 772
172 424
223 385
250 411
422 856
358 750
673 832
27 363
151 187
833 107
381 843
187 306
683 41
395 610
134 346
366 451
681 101
6 467
485 687
9 38
674 366
787 42
329 377
405 43
564 801
582 508
775 768
378 589
809 336
762 506
681 259
88 57
792 525
524 408
343 532
10 580
462 360
186 354
737 590
397 864
522 542
67 860
5 8
144 377
344 37
15 588
727 534
209 650
191 732
622 533
827 631
677 420
122 862
338 422
147 298
849 668
839 48
223 843
487 366
784 394
402 798
546 692
463 754
474 217
181 227
314 571
857 122
123 542
547 24
96 693
321 508
56 291
555 278
697 606
643 612
131 608
105 240
431 132
125 36
348 737
694 225
440 246
346 562
788 456
149 447
280 469
86 335
323 205
176 583
810 818
759 504
121 863
744 552
558 868
151 470
737 845
694 740
222 604
865 573
191 145
151 35
613 237
801 67
441 109
649 814
490 103
449 611
98 324
726 219
756 8
688 188
416 78
59 202
681 55
774 435
199 57
469 375
725 834
5 297
506 653
242 127
320 254
301 417
142 158
199 29
598 19
648 145
96 270
778 340
756 684
774 86
304 807
24 160
336 28
20 841
244 693
531 563
78 832
543 219
553 742
679 714
324 458
423 851
291 332
322 178
147 659
695 450
161 718
173 496
745 192
468 121
16 131
683 94
526 790
744 642
663 555
52 118
576 474
100 867
805 853
176 516
643 3
529 804
284 702
863 161
457 463
713 473
157 91
566 246
12 5
19 238
559 502
355 699
107 18
697 476
2 436
555 209
2 215
576 286
480 570
10 69
596 722
105 752
812 234
561 388
238 580
625 361
645 544
191 752
561 451
359 127
450 477
767 452
691 474
301 735
607 310
367 335
595 471
650 102
704 343
489 505
486 678
865 262
353 619
145 477
201 67
167 651
543 497
666 798
102 530
228 709
403 594
607 129
628 388
662 27
730 715
531 347
524 528
609 440
278 753
48 43
384 647
257 58
275 486
419 809
147 646
213 113
803 819
673 562
338 466
588 632
312 251
110 835
342 282
406 183
599 18
657 114
228 45
603 502
94 154
6 672
363 218
784 298
168 588
859 70
618 143
265 61
393 374
460 298
656 429
44 386
10 265
63 237
309 665
303 835
382 308
638 745
526 118
174 257
705 596
758 18
738 154
79 694
92 538
555 311
530 599
260 540
863 322
776 735
550 642
265 496
82 35
372 171
584 109
859 852
704 749
2 138
466 80
831 121
181 518
431 710
680 254
813 238
139 721
104 689
494 801
748 139
835 251
309 114
791 732
97 190
176 98
327 641
177 290
326 789
371 756
195 182
574 139
419 712
423 86
96 481
18 843
619 416
225 492
529 579
355 626
769 530
287 227
734 464
80 191
816 450
511 142
195 216
713 613
491 267
263 587
747 280
561 62
260 350
117 788
60 35
109 392
128 396
183 861
423 262
616 802
276 690
508 470
37 352
647 527
182 41
677 493
752 370
554 143
719 234
495 778
268 167
734 827
126 48
819 548
309 130
46 148
819 553
182 419
36 828
510 217
432 318
709 747
687 826
454 101
623 512
443 22
678 308
848 368
355 363
479 227
56 524
375 439
208 120
857 675
79 62
24 74
812 296
820 194
686 837
295 440
480 737
26 722
608 437
221 526
363 699
752 419
355 690
421 562
809 409
369 451
35 824
524 846
683 40
171 64
8 29
504 488
329 93
341 68
93 561
593 456
823 41
438 309
730 858
435 671
830 367
253 864
322 341
405 568
380 576
632 819
168 699
438 497
355 342
564 447
466 721
34 421
761 35
293 622
24 727
856 854
225 673
413 110
145 818
242 88
89 437
38 256
699 40
316 185
813 444
195 843
296 661
827 620
695 251
805 719
542 357
268 330
161 244
440 737
625 245
388 713
681 857
533 511
460 412
259 405
855 453
811 714
677 769
465 504
151 402
786 692
322 617
154 482
860 157
782 617
401 301
25 645
289 121
719 749
533 541
717 519
557 659
365 366
559 393
1 273
358 786
529 679
534 246
292 89
402 205
705 366
69 730
574 358
414 856
670 78
528 518
597 216
308 525
581 430
49 145
702 407
494 362
217 591
607 73
680 572
277 80
501 778
373 638
267 787
625 68
864 284
149 592
64 456
680 208
449 729
353 282
267 410
208 47
133 378
119 376
82 828
455 146
737 828
784 567
746 104
634 305
820 346
461 15
365 272
654 813
132 138
226 830
112 865
9 244
375 127
619 20
86 637
597 386
596 76
84 37
180 281
342 131
626 802
577 122
205 362
66 337
64 724
298 175
720 306
850 658
865 164
241 514
800 838
32 528
45 115
128 656
828 469
786 585
402 58
707 171
852 336
71 47
191 368
653 475
238 198
696 666
361 69
311 292
38 774
383 82
453 511
738 412
111 219
128 77
709 834
679 692
734 749
738 56
680 86
94 481
283 790
278 643
858 153
498 459
58 13
104 510
523 405
485 197
624 613
705 464
142 515
719 7
395 152
495 639
237 152
251 519
73 529
725 494
245 354
84 734
798 188
376 16
592 424
645 779
168 481
806 742
560 656
748 518
807 806
288 607
90 539
689 594
631 545
220 7
463 735
740 392
54 679
408 210
235 184
552 834
228 490
707 351
709 151
1 212
88 288
818 609
390 203
335 584
747 554
590 773
852 26
297 470
268 679
66 15
794 464
674 415
302 157
688 16
157 463
536 8
844 276
830 178
174 545
489 291
699 393
275 288
253 744
555 84
554 185
98 43
648 336
22 513
492 709
93 212
303 628
651 710
467 612
20 641
289 508
63 119
464 337
406 717
644 524
800 761
708 462
804 51
797 825
128 420
665 220
195 531
411 845
804 9
589 823
213 9
26 708
559 490
608 96
338 384
619 269
276 23
730 643
505 658
599 196
641 827
415 835
53 389
812 857
830 532
811 174
104 837
445 662
458 185
321 359
132 503
627 839
89 53
614 594
274 344
789 479
303 768
445 355
288 820
775 249
47 718
855 150
250 863
375 271
179 695
629 742
330 819
713 418
435 458
575 709
801 496
751 667
827 327
586 678
711 492
491 757
773 41
471 154
35 845
856 214
236 616
519 565
131 363
546 565
820 253
837 317
312 719
115 702
610 264
511 452
756 133
340 224
