948 3277
85 289
367 124
464 178
402 945
765 299
432 168
900 875
651 521
63 641
222 626
61 208
281 34
379 157
426 525
491 317
466 471
501 832
490 16
905 892
12 721
242 339
784 193
265 487
609 223
75 727
849 135
934 77
65 261
234 386
785 620
598 302
143 150
185 632
61 141
575 72
758 816
306 489
904 571
27 461
793 946
239 589
28 224
666 936
380 795
269 217
362 866
414 504
67 599
84 127
635 658
94 340
422 400
829 273
866 751
733 606
644 23
143 568
143 704
451 418
446 720
634 807
637 100
363 600
594 342
622 176
51 612
412 368
907 292
641 824
938 321
377 530
240 519
149 278
170 599
695 615
266 277
474 903
272 732
450 865
125 19
936 71
630 399
439 484
586 27
255 472
243 632
53 482
98 97
655 268
591 298
778 857
574 303
707 845
86 208
657 210
122 644
281 648
939 615
183 472
537 438
943 779
17 891
209 10
39 759
173 630
108 3
434 681
305 192
577 287
295 181
392 416
721 672
11 607
234 90
130 770
527 21
497 439
911 601
448 846
411 517
423 519
519 856
251 719
943 724
57 289
800 449
600 572
68 611
230 302
700 256
19 174
276 411
508 134
63 851
875 370
419 349
888 937
152 86
604 146
809 660
330 557
160 930
180 124
488 306
321 135
561 339
204 836
646 711
21 604
613 896
25 928
192 912
812 240
894 467
281 650
179 611
258 234
488 438
357 871
743 677
57 355
912 260
138 505
22 54
160 530
1 81
509 89
888 373
224 833
839 504
535 913
62 792
199 445
177 451
367 815
76 423
117 883
578 254
439 495
308 598
77 204
574 481
188 514
749 411
398 640
915 932
500 28
672 698
473 744
97 735
611 172
210 727
106 683
877 544
230 236
89 202
335 663
578 523
228 379
933 521
914 899
401 465
823 124
215 243
763 207
29 425
378 134
100 483
713 872
922 942
159 906
91 389
516 668
911 639
98 896
212 63
742 612
528 512
631 638
650 341
844 575
766 169
708 761
547 472
684 520
361 738
373 347
178 889
67 37
579 60
932 686
123 621
245 546
81 875
131 730
164 870
356 929
90 12
637 636
379 268
103 740
57 475
138 130
415 100
166 46
160 149
627 178
666 872
723 746
694 749
423 857
670 675
733 655
686 421
342 116
688 444
751 640
814 785
770 281
884 935
222 939
32 848
168 697
771 786
390 517
586 708
425 203
434 210
753 67
526 146
183 266
485 829
801 351
665 622
527 497
609 748
487 640
543 551
284 366
388 569
778 870
328 150
20 658
255 773
724 781
918 802
942 351
683 794
597 399
364 71
791 24
818 226
559 308
776 842
569 215
358 398
32 581
444 52
290 698
824 66
426 689
867 315
935 497
161 583
792 524
653 634
443 418
859 53
726 686
790 346
797 95
640 828
675 135
879 17
728 650
926 206
391 740
520 377
289 576
856 28
47 456
661 385
874 468
333 547
101 174
788 897
164 375
673 839
405 499
751 185
201 624
286 591
415 701
863 599
329 770
522 271
174 235
656 943
598 40
541 698
110 276
543 169
651 163
59 3
661 809
187 861
484 472
399 795
225 314
341 449
31 863
615 100
45 218
94 538
154 530
183 159
702 621
327 404
783 386
302 496
142 489
304 522
856 703
264 28
912 604
372 838
414 39
834 354
256 927
891 305
405 126
463 158
642 790
457 477
227 758
868 264
298 223
785 102
821 944
129 680
496 501
466 909
435 351
211 586
225 49
891 629
70 405
786 712
246 294
240 368
104 159
528 297
277 364
398 46
256 527
621 751
923 138
607 409
384 817
46 609
866 832
289 935
289 127
698 430
316 833
798 419
887 377
716 112
636 61
157 787
587 777
589 457
811 248
865 246
116 807
854 877
690 91
864 874
113 509
356 428
290 101
847 228
373 510
339 904
570 391
743 105
220 383
561 926
630 374
223 642
128 25
570 713
11 381
639 123
786 890
550 127
42 344
354 414
749 589
369 267
31 163
267 146
442 827
123 148
242 660
171 162
178 884
172 558
470 190
395 411
739 417
348 31
667 761
675 307
77 941
233 136
259 275
577 34
293 699
77 430
307 248
591 484
79 658
93 444
847 384
854 534
696 149
460 414
909 186
616 37
75 745
172 333
71 748
262 363
395 339
793 597
482 331
132 456
41 120
899 887
399 700
368 147
848 827
456 808
65 124
740 139
764 808
367 834
503 629
144 793
863 936
441 292
215 468
747 255
588 697
89 882
344 457
924 243
335 432
946 295
451 633
433 266
492 696
47 891
272 190
735 82
74 124
373 288
591 171
438 126
763 422
60 158
878 879
296 161
362 293
455 708
821 784
869 365
427 915
203 698
53 937
779 126
8 203
309 599
269 642
620 927
115 575
32 889
506 327
101 763
515 451
523 387
182 443
647 608
306 849
357 358
734 83
379 637
181 583
287 345
276 803
323 390
429 354
330 934
576 326
749 38
673 219
321 854
557 863
514 862
764 766
167 445
745 441
133 925
75 316
322 350
170 644
636 494
894 861
376 417
239 72
455 911
290 775
712 846
689 173
656 400
939 822
740 735
315 769
711 285
136 928
635 201
624 218
694 465
130 17
881 264
88 283
122 377
5 834
171 694
58 826
41 892
595 677
574 805
497 233
142 632
212 672
728 731
889 369
247 914
386 76
126 473
358 247
746 259
28 916
848 930
689 888
769 335
616 395
192 164
627 333
691 734
900 470
517 840
735 659
701 172
630 826
540 40
21 337
298 892
200 197
873 888
32 590
275 544
880 362
603 454
590 242
239 541
607 651
328 393
362 80
564 43
906 156
926 388
171 869
588 263
690 527
191 227
697 734
158 110
284 611
595 525
745 187
184 448
514 472
809 594
88 747
447 139
725 320
526 791
136 61
106 721
588 296
947 336
925 156
342 260
662 936
785 459
175 864
802 584
387 662
125 370
356 571
404 132
786 826
923 922
886 924
694 421
271 693
757 143
744 46
402 354
33 134
708 103
893 561
583 332
170 707
597 525
226 53
657 63
774 527
880 711
502 626
184 668
370 836
810 61
881 159
414 809
293 69
808 237
629 338
464 798
940 9
375 217
905 927
176 730
401 107
388 902
732 571
517 49
354 274
6 182
432 315
887 620
384 746
753 64
135 164
758 126
172 184
239 128
58 310
753 458
312 193
307 96
659 823
40 65
44 889
142 371
256 80
43 639
825 691
598 855
854 407
877 78
486 63
101 543
372 854
52 683
942 358
674 548
128 610
508 67
550 650
438 701
729 376
287 606
118 885
408 23
239 232
944 725
294 97
215 561
846 163
192 735
416 761
334 440
422 842
506 868
543 839
620 323
266 803
824 383
739 180
302 873
411 297
545 601
393 760
213 186
818 404
920 285
113 202
724 534
95 178
349 637
68 865
855 334
719 731
612 405
910 913
329 268
262 770
868 550
581 133
632 346
432 499
630 544
700 302
26 794
479 270
378 442
186 285
775 904
911 439
256 768
299 585
87 456
302 7
902 882
35 585
175 466
31 700
906 731
53 827
576 427
148 850
869 334
186 591
185 44
925 337
811 276
817 897
627 170
799 580
947 833
112 173
247 143
872 100
769 821
926 396
299 125
193 115
354 378
706 435
317 682
771 179
853 639
24 532
808 822
59 806
603 67
30 745
209 797
844 873
669 717
320 864
737 513
30 143
786 631
473 155
261 295
229 165
829 252
592 584
22 547
441 520
613 366
316 717
110 107
641 779
823 856
590 611
316 619
649 154
198 69
204 458
259 328
518 139
580 162
722 497
604 110
68 268
371 383
36 481
385 572
207 259
479 796
765 795
362 844
559 430
943 68
689 322
482 723
901 539
497 345
194 502
412 461
769 690
392 301
126 15
507 280
389 250
941 235
611 354
26 222
783 20
185 419
342 666
194 190
256 586
431 345
139 842
701 907
480 144
155 501
54 557
677 443
806 669
573 469
74 495
586 752
514 770
223 751
384 312
837 535
897 319
880 931
108 632
786 483
672 940
36 725
445 608
115 302
328 584
666 297
130 303
100 539
21 218
342 404
425 126
938 373
340 765
252 343
345 89
826 68
924 757
688 420
416 803
722 639
334 335
935 463
638 930
53 658
96 290
9 520
311 946
789 650
659 92
889 55
180 766
122 155
470 809
471 781
559 140
471 892
474 457
302 163
438 355
716 429
540 724
1 851
618 789
448 328
880 388
382 7
101 399
57 466
259 527
298 714
666 768
657 192
172 855
250 610
261 18
934 696
637 934
494 306
774 942
633 601
277 910
607 274
360 664
739 515
138 89
280 804
856 832
891 80
738 88
585 894
1 570
642 638
452 187
943 173
76 524
774 353
485 432
522 845
43 312
307 181
400 586
880 204
365 718
179 155
805 659
944 702
176 533
391 627
720 281
800 691
804 625
939 341
4 512
133 891
824 439
19 171
920 898
374 336
563 448
386 419
158 382
172 334
810 458
856 581
739 707
220 594
279 210
830 179
722 858
121 493
244 35
663 215
932 933
551 546
432 832
860 590
161 928
819 23
333 726
499 123
485 718
613 659
928 390
837 597
300 853
37 543
887 699
654 766
683 256
259 167
35 67
652 196
46 522
218 378
195 716
397 575
382 61
286 257
346 70
749 541
819 785
136 757
535 789
471 166
940 729
228 870
795 879
117 736
348 230
166 438
842 458
65 275
414 246
427 759
315 227
352 185
63 383
838 493
119 360
658 110
36 885
31 831
711 44
618 6
273 679
444 62
84 404
336 497
649 658
308 859
884 555
940 946
937 725
491 107
32 96
112 67
33 38
793 639
81 359
541 250
933 880
311 69
335 543
565 879
252 872
789 188
478 676
81 362
452 467
468 483
563 579
446 491
617 290
77 593
648 617
842 633
548 101
701 882
539 213
812 790
137 549
873 510
276 850
872 624
368 287
158 826
762 603
368 326
789 445
918 384
9 708
68 557
808 664
386 398
877 146
135 909
590 60
366 865
909 185
436 224
368 594
102 181
144 365
506 828
705 475
264 714
130 227
218 937
891 603
282 715
644 313
571 285
268 936
98 124
69 533
347 436
74 344
616 114
709 173
941 465
543 256
126 673
483 343
557 321
842 735
931 537
99 553
718 366
436 815
489 400
399 835
835 369
231 398
482 835
466 474
351 61
626 373
629 56
715 133
376 504
867 358
937 17
806 706
278 189
572 766
589 866
549 475
182 675
769 663
457 286
85 703
242 606
127 766
661 738
899 88
293 713
341 177
730 94
882 903
282 401
617 766
215 113
189 396
787 9
7 295
190 935
893 432
592 72
249 304
809 95
287 49
808 523
226 485
616 55
439 793
352 107
611 566
115 799
857 901
807 759
143 48
745 932
375 388
55 520
587 759
614 873
703 369
447 824
853 10
879 240
803 178
242 465
743 357
211 547
205 69
358 244
12 154
227 283
438 281
802 76
935 363
1 689
732 343
565 532
353 391
771 207
568 909
567 258
317 777
700 417
741 109
660 752
159 782
930 492
10 783
567 944
198 463
581 825
702 197
304 106
483 23
208 946
931 774
151 195
602 850
611 290
11 219
937 65
52 919
556 906
753 70
901 846
429 533
618 182
625 922
183 55
944 390
52 822
111 98
68 608
948 574
897 854
688 885
918 636
855 421
593 660
386 545
453 814
26 123
47 546
940 125
601 831
514 548
704 624
646 667
283 541
292 231
446 32
168 311
563 918
627 207
525 64
647 30
774 672
48 820
270 883
841 766
765 406
261 520
926 906
134 260
498 425
387 839
352 450
97 810
419 723
68 944
787 715
869 612
334 812
379 499
746 167
316 562
573 577
29 550
430 162
705 824
482 143
714 730
592 707
591 907
481 555
902 215
321 718
722 654
581 49
205 378
215 416
835 683
44 759
284 370
816 41
245 349
79 854
26 671
612 513
525 41
119 374
255 335
143 873
884 723
921 36
48 83
452 778
766 391
588 945
760 455
37 900
699 12
806 725
578 365
185 154
405 303
527 556
533 669
480 468
339 348
504 282
430 851
111 247
189 698
244 1
100 176
796 798
187 549
470 764
914 654
813 266
852 391
821 332
7 352
800 345
699 251
522 77
49 632
323 237
277 462
133 272
534 929
122 616
529 487
328 390
89 192
656 836
583 528
220 589
776 915
830 526
113 403
602 161
931 821
397 155
230 426
427 659
406 444
327 830
930 550
168 70
741 823
906 271
298 73
756 125
39 637
547 151
935 96
207 813
916 603
20 94
924 446
648 381
889 870
159 766
471 326
836 160
96 689
430 393
657 237
414 695
769 12
741 652
107 947
516 919
497 431
908 473
772 607
749 608
529 803
426 51
76 209
210 171
793 536
460 501
772 873
143 489
780 883
88 886
777 603
856 221
930 815
589 753
474 390
413 898
140 734
948 216
942 106
282 682
641 741
234 360
561 376
848 392
206 831
330 878
382 133
46 363
844 635
63 265
920 371
214 111
156 109
326 45
214 608
726 750
296 855
162 857
282 905
196 383
788 421
208 221
554 254
479 345
888 541
505 755
912 614
865 119
722 139
60 832
746 785
633 937
692 690
845 869
647 93
200 382
513 303
498 14
556 28
254 391
464 758
197 427
423 10
442 93
148 501
924 893
233 608
881 820
246 674
741 892
662 836
221 122
190 718
32 642
641 285
928 156
95 177
479 413
186 920
505 229
368 480
69 600
36 845
368 281
570 56
120 179
891 236
301 28
849 332
669 541
512 649
592 502
721 122
915 802
937 367
82 356
743 150
852 778
46 271
6 512
326 21
690 164
152 886
191 52
165 860
488 677
456 27
126 124
149 936
925 137
355 902
389 149
947 188
822 44
458 723
451 679
639 89
842 790
26 84
737 87
839 172
659 242
198 784
365 346
772 237
379 178
190 663
222 84
850 95
128 359
713 474
933 403
562 826
140 588
805 876
674 592
99 384
729 296
115 146
538 886
278 812
11 364
526 128
447 427
222 470
681 830
944 665
284 557
438 423
92 294
246 661
781 240
940 562
432 107
707 865
888 880
728 795
295 305
922 742
627 92
159 359
921 154
919 257
607 408
575 594
701 717
307 534
8 194
147 439
196 749
355 136
680 30
826 871
230 799
560 856
890 718
162 863
768 132
67 426
539 537
915 188
305 273
721 209
467 763
647 662
563 898
693 190
823 570
112 105
317 567
12 258
337 174
68 156
305 30
477 740
567 443
927 767
612 595
27 26
409 570
583 867
415 224
4 289
793 12
393 161
578 301
315 914
474 278
17 674
204 389
465 770
728 339
484 391
933 407
312 393
28 894
207 338
169 211
626 858
222 71
914 799
267 176
661 740
454 677
361 657
14 722
374 741
112 753
183 941
211 390
385 134
335 488
471 400
698 149
205 815
115 170
665 381
346 377
68 695
2 428
403 15
97 672
755 105
476 833
97 583
274 481
716 504
864 239
799 613
283 55
479 293
225 92
673 466
364 636
212 261
11 510
171 108
129 925
212 500
705 308
134 874
684 850
326 600
36 176
160 318
127 535
610 247
522 230
712 885
865 819
94 771
276 264
774 404
137 37
799 841
240 933
663 820
730 884
367 765
111 422
134 133
852 639
379 425
868 38
258 680
856 351
398 79
614 224
378 750
156 229
539 292
109 149
163 838
84 425
654 194
742 683
327 646
269 601
122 84
639 379
659 442
625 108
521 291
331 794
936 487
74 526
778 78
674 836
915 757
208 516
847 1
250 121
542 518
721 664
497 307
938 207
749 615
315 217
801 645
62 788
79 32
262 752
109 935
639 76
640 742
591 538
743 737
554 336
202 222
895 699
529 781
905 329
447 271
545 195
812 502
34 786
533 295
590 642
178 280
613 817
918 255
302 608
887 751
839 141
24 786
735 552
618 691
776 12
858 268
206 617
770 135
454 354
430 95
47 503
271 659
371 240
810 568
847 748
370 737
784 393
470 570
841 35
209 668
890 14
936 43
630 757
178 31
58 503
22 1
901 292
555 323
427 416
786 221
112 207
853 791
495 271
413 387
305 517
3 143
530 938
185 107
642 258
33 699
656 54
699 608
241 202
826 667
513 663
783 624
765 688
363 312
10 671
594 210
239 596
352 664
481 433
770 174
586 698
769 294
752 415
797 888
616 675
607 181
285 337
700 102
76 114
309 929
784 902
87 74
446 334
737 926
662 454
48 300
100 816
489 851
282 337
790 898
907 344
130 140
681 725
137 652
839 341
529 674
190 511
644 635
844 328
509 558
678 556
753 777
423 293
575 704
525 416
549 380
656 574
415 284
351 551
831 241
891 307
810 132
817 505
663 609
833 223
114 562
778 866
286 252
106 860
851 526
223 452
801 774
77 267
109 427
713 836
563 551
90 425
579 907
825 293
463 605
411 576
114 240
389 399
387 390
310 185
811 429
636 664
254 609
826 363
931 591
146 442
193 235
866 667
89 638
855 447
295 317
74 408
452 358
703 838
643 64
919 506
492 502
221 746
162 98
56 41
584 97
482 673
227 295
391 316
932 298
762 174
614 732
582 14
37 232
747 680
295 717
237 683
271 353
376 328
346 327
368 930
423 745
550 649
91 940
860 919
185 570
144 695
353 621
708 285
852 506
16 95
275 148
673 441
396 100
768 742
322 188
619 744
932 220
340 919
107 148
785 292
717 928
38 17
497 641
301 296
198 213
286 368
256 10
808 548
5 628
237 326
711 855
17 590
22 357
560 24
400 396
211 168
272 144
80 664
784 276
855 34
384 193
401 536
98 157
135 103
784 371
428 546
173 341
187 90
697 643
113 44
934 324
107 257
467 186
816 199
357 723
232 741
811 528
224 908
684 358
906 415
728 282
856 796
622 939
885 266
633 49
309 618
268 415
771 631
496 534
829 852
308 8
540 66
431 763
870 63
68 827
477 795
160 385
538 677
375 474
942 903
419 198
572 582
612 290
264 55
824 40
803 79
47 394
145 374
105 910
436 172
788 912
863 844
244 452
572 618
926 462
572 292
659 92
873 219
277 189
169 152
124 23
127 67
313 167
440 417
128 875
588 915
734 398
706 30
850 226
543 723
687 63
910 293
50 834
407 326
918 576
374 94
598 396
160 806
562 495
274 689
421 758
551 102
207 205
27 4
430 570
622 64
528 583
356 473
469 659
798 334
286 119
427 779
514 482
637 23
28 806
607 344
615 106
446 718
310 368
617 739
937 291
698 412
769 1
884 289
659 630
623 944
644 945
671 106
479 359
128 402
216 735
746 727
840 139
496 97
506 164
835 391
350 480
698 171
480 530
355 191
211 873
186 854
870 856
11 296
162 35
697 378
665 390
156 452
424 547
548 826
606 330
164 8
809 757
74 340
338 428
530 548
249 612
350 170
415 256
361 577
186 5
850 291
901 353
610 395
900 383
52 281
546 903
37 251
28 377
588 352
906 84
496 569
329 665
880 584
921 508
770 925
305 567
163 153
920 773
547 767
207 598
944 649
553 32
899 476
408 434
723 366
517 270
830 741
830 657
273 698
112 94
675 416
556 733
568 527
557 166
346 660
660 341
360 160
372 206
531 676
639 202
937 104
471 714
844 249
423 168
946 534
157 568
846 713
353 361
187 909
527 428
620 134
664 875
293 932
132 823
659 771
76 647
874 443
412 665
587 730
833 584
212 41
100 109
649 452
469 836
308 891
315 824
76 31
750 264
14 778
35 568
600 6
162 421
344 573
137 930
251 865
462 906
561 570
502 908
934 389
267 773
600 38
848 526
788 60
435 617
938 54
164 943
215 480
339 683
616 216
829 533
677 342
386 185
807 783
144 689
224 307
513 719
344 308
296 79
367 626
591 356
575 754
247 789
285 481
419 797
696 196
277 321
537 558
505 292
392 545
32 511
851 544
281 142
851 472
221 270
45 811
521 619
513 767
355 693
299 774
437 891
21 713
263 453
218 663
744 610
259 775
172 57
266 349
95 169
716 315
334 761
73 854
431 481
569 682
226 867
403 662
705 319
323 19
771 540
682 463
97 836
185 165
789 451
513 779
515 176
41 848
832 113
753 211
490 269
892 611
84 346
220 788
664 542
807 486
30 436
844 126
219 81
290 903
427 698
733 941
770 773
840 653
782 540
863 323
809 806
933 892
203 204
627 866
642 485
300 671
816 195
692 931
171 878
885 597
627 670
589 344
390 376
49 119
812 807
441 672
665 321
511 763
421 189
577 10
570 876
576 333
18 319
315 85
144 252
577 667
817 114
62 258
489 110
377 352
917 713
919 529
930 377
343 298
462 815
307 83
742 882
415 656
148 626
740 292
877 264
10 641
377 71
794 866
77 118
165 889
831 136
365 708
408 707
57 869
470 363
847 263
296 314
814 339
835 501
630 763
765 639
455 193
606 300
6 682
418 171
518 196
202 882
903 609
536 11
530 57
269 428
216 460
637 925
798 523
478 480
233 190
66 687
278 671
883 284
300 248
454 713
443 551
646 293
211 130
199 740
186 363
116 297
822 752
274 671
223 647
202 455
836 164
90 61
834 24
344 82
167 693
794 505
295 388
797 402
517 891
89 598
305 204
895 178
852 116
744 126
658 946
476 441
57 565
501 890
484 845
867 650
485 713
206 780
152 898
233 668
736 321
213 92
421 159
269 324
170 65
345 827
906 820
319 858
333 820
799 712
612 718
310 148
378 515
823 529
361 107
144 148
324 356
136 640
411 300
15 580
260 255
355 217
126 673
126 354
440 821
118 103
486 427
251 759
837 125
339 145
128 378
293 347
629 324
38 91
623 896
567 883
202 921
47 223
541 173
577 877
889 590
31 322
912 177
132 800
198 366
841 221
743 185
567 423
404 500
410 78
447 872
12 544
740 59
766 332
127 290
156 911
775 187
284 738
259 415
486 456
676 378
676 470
458 190
788 861
689 145
938 83
68 2
626 807
904 340
87 82
629 242
44 352
324 327
141 583
637 626
934 364
55 558
729 512
747 464
424 384
609 310
466 676
207 40
431 162
379 413
243 903
550 182
202 874
404 343
404 92
864 389
351 815
842 27
378 641
490 698
920 150
903 333
722 161
372 100
322 646
512 564
497 9
745 698
882 200
936 233
187 852
518 433
614 411
459 43
947 844
636 918
890 486
303 663
646 570
658 19
164 117
478 556
125 170
201 903
265 189
187 347
936 704
779 601
63 289
539 61
81 123
31 22
608 229
684 202
798 289
116 857
405 594
464 425
659 665
379 924
749 462
322 632
217 49
180 279
233 614
236 313
736 266
334 292
494 913
389 239
253 504
148 553
45 611
30 704
223 304
575 23
765 896
654 878
944 729
104 229
395 339
437 78
604 771
265 45
735 653
180 40
209 327
488 149
833 413
852 108
717 478
130 533
322 680
462 213
460 462
337 750
800 774
828 352
596 144
292 382
693 471
317 901
797 701
101 682
165 849
789 881
274 814
362 595
441 719
808 797
232 196
598 928
21 373
331 512
517 518
790 261
41 158
109 837
754 105
466 919
849 202
747 175
912 160
769 404
879 524
148 58
720 642
37 636
66 263
200 478
781 41
634 821
94 638
605 848
639 19
714 539
220 512
609 79
568 430
379 394
5 526
451 620
115 384
308 181
542 403
554 374
339 136
142 432
669 643
227 359
661 940
794 776
400 454
855 19
779 285
308 680
706 654
351 821
89 554
897 631
852 398
900 242
533 94
674 254
632 796
508 344
684 353
67 135
703 921
49 533
153 252
264 755
905 511
627 890
12 471
572 864
868 419
157 349
408 726
602 91
574 57
330 309
410 397
339 60
265 283
592 418
534 752
224 386
210 746
327 221
268 794
136 83
265 189
431 672
914 928
659 539
37 40
743 342
436 29
297 597
207 888
910 740
587 81
74 796
826 400
913 41
246 944
123 406
184 450
129 46
429 683
584 361
723 275
598 106
303 894
702 406
730 663
197 264
743 166
8 516
566 920
452 707
915 575
164 47
920 188
92 296
871 571
657 645
741 202
646 940
148 400
397 773
10 489
88 649
655 95
112 272
910 564
874 773
190 89
819 57
172 806
352 94
428 60
634 221
158 332
212 201
627 608
25 532
148 8
232 698
947 344
865 908
907 790
732 44
774 602
100 946
355 451
91 783
407 621
899 564
4 58
660 526
561 580
109 708
587 341
354 585
580 270
545 538
112 224
477 885
826 576
778 128
922 765
910 380
437 756
839 336
813 550
861 425
181 865
81 664
257 434
300 732
703 740
217 710
16 693
543 737
320 268
864 294
84 722
569 416
529 356
647 290
905 559
610 34
372 690
697 524
71 892
308 670
684 524
327 595
269 869
383 484
85 194
673 168
915 294
480 392
545 178
681 501
633 342
430 56
928 74
579 894
18 886
511 597
462 838
243 626
654 521
161 738
714 730
802 681
919 333
124 515
510 700
911 194
937 393
249 812
466 724
758 379
661 320
27 70
105 269
695 759
789 752
444 451
533 297
183 399
629 202
913 87
901 875
280 785
215 425
649 577
200 354
7 756
673 34
826 674
198 468
484 883
167 927
385 595
172 567
45 696
664 853
782 512
676 10
348 890
330 892
518 529
297 525
232 22
454 5
695 651
473 126
585 535
948 21
182 171
483 122
867 94
27 596
605 702
605 5
539 934
896 109
410 245
529 642
162 34
542 752
580 66
773 217
497 772
133 574
839 512
695 653
605 617
300 262
266 801
162 805
682 5
809 144
145 389
681 202
318 274
849 897
236 673
61 628
393 90
253 283
601 947
831 153
512 78
414 777
878 471
529 508
372 389
651 412
673 279
614 886
448 410
835 683
135 791
362 527
880 510
705 532
509 587
685 916
560 46
744 490
413 221
49 680
505 595
143 126
769 652
63 268
114 793
847 144
636 156
670 567
666 322
47 122
804 627
89 415
568 728
800 876
844 744
607 401
286 750
526 106
349 588
270 462
329 168
605 16
219 222
478 884
439 420
901 294
942 885
605 458
561 352
385 456
148 44
856 329
689 329
331 89
813 600
447 193
663 103
104 881
221 477
713 659
897 665
5 786
498 505
295 110
856 680
565 899
619 369
280 359
697 610
343 457
157 789
649 819
892 648
647 164
177 411
718 21
24 618
806 521
174 49
526 82
728 38
876 294
406 103
652 51
608 890
507 764
731 104
530 570
751 229
629 927
639 398
843 558
68 701
26 241
645 447
218 320
485 42
613 890
144 212
836 752
153 291
463 883
394 45
400 196
273 80
71 807
478 913
417 441
561 338
577 153
785 691
472 321
732 136
158 771
347 890
574 396
232 89
226 625
133 626
716 301
601 682
159 130
543 471
466 51
705 95
204 541
785 675
757 464
707 810
286 1
751 860
396 878
844 518
450 872
91 114
224 691
795 278
717 285
749 234
232 505
224 435
941 60
57 645
523 763
402 705
660 101
616 3
30 407
520 376
226 610
489 449
353 231
622 121
412 422
250 643
822 474
129 710
429 185
302 848
844 704
604 555
804 167
557 729
573 25
156 798
634 644
194 882
771 815
898 234
185 96
876 902
569 56
560 49
136 861
896 875
512 447
377 367
613 830
44 237
854 199
930 435
739 71
265 561
886 214
690 18
309 617
815 773
568 426
718 599
235 665
526 746
60 798
61 672
679 104
909 480
302 786
915 936
857 231
548 690
340 185
707 649
801 469
369 420
895 138
915 77
699 388
822 758
237 882
481 916
881 337
447 131
175 309
118 927
539 562
668 775
746 322
475 495
790 739
914 736
877 776
812 627
215 582
332 452
411 812
315 240
97 657
370 271
18 383
249 452
944 812
278 638
185 648
184 26
439 45
658 263
821 417
785 87
894 168
434 253
875 748
492 23
457 861
293 474
295 437
925 187
196 151
824 380
798 903
302 184
947 855
446 715
219 282
698 165
449 183
417 376
931 908
398 439
716 587
808 62
919 680
144 63
830 863
442 576
817 639
759 712
441 257
478 660
538 227
720 883
306 84
206 288
887 603
622 654
137 377
611 4
108 651
66 834
565 403
357 434
938 167
197 430
319 570
37 753
693 652
687 50
735 892
233 569
442 854
170 475
178 677
374 285
379 439
66 943
737 422
324 726
485 416
104 699
38 36
503 626
688 241
675 370
80 907
939 418
708 56
892 885
732 317
117 162
651 79
53 439
396 376
113 880
688 112
631 725
147 81
402 834
322 24
152 297
826 38
714 585
93 657
417 825
869 533
882 571
611 830
906 59
154 70
834 841
181 412
617 223
493 914
5 710
833 156
58 710
193 668
242 181
272 658
57 193
138 835
659 645
716 616
599 869
581 484
761 657
792 325
880 232
186 884
941 70
935 894
675 75
613 916
255 781
521 208
25 659
94 683
251 705
247 849
522 827
280 230
536 123
555 363
250 636
194 242
602 180
84 328
150 592
192 404
424 608
507 344
318 600
923 464
253 221
364 670
943 644
899 426
662 401
788 912
89 877
101 586
108 184
809 153
672 52
557 147
660 115
491 873
611 361
389 759
477 648
480 471
343 430
897 901
831 632
864 815
561 860
452 564
96 312
717 767
260 221
809 815
231 247
635 737
607 919
547 135
619 78
502 857
404 346
809 182
29 724
892 485
532 395
101 627
602 713
341 757
933 201
623 111
344 206
848 2
176 342
33 794
316 534
703 719
879 563
796 803
235 739
340 766
81 440
340 578
100 680
387 84
776 905
90 171
162 937
69 338
331 101
183 542
530 781
312 356
292 55
210 526
793 549
239 873
884 474
502 35
101 784
14 876
741 104
943 902
