133 142
126 80
22 99
11 96
27 123
126 73
87 118
5 45
39 112
9 82
39 12
111 37
21 32
89 55
106 42
76 39
58 122
118 79
8 128
95 88
117 87
81 70
126 86
36 85
64 44
34 23
109 65
114 130
17 69
105 123
31 101
28 89
10 12
88 72
60 104
26 43
57 107
34 103
113 69
55 97
33 88
40 63
73 20
113 90
10 84
79 40
106 27
49 36
92 58
107 18
28 133
114 5
27 68
108 6
3 29
23 90
37 62
19 109
82 131
119 12
2 118
51 28
11 21
64 23
132 37
94 26
90 75
30 37
9 58
96 66
86 118
76 43
101 94
19 49
12 4
114 67
122 31
95 53
105 25
76 103
115 36
49 126
31 133
29 40
57 125
26 64
109 101
106 76
115 45
45 47
49 25
113 91
110 128
64 2
19 6
105 55
96 74
47 126
73 75
86 130
66 32
60 96
53 86
38 88
131 4
1 100
82 35
111 58
29 41
60 102
101 85
77 63
25 123
55 98
118 62
15 51
93 128
67 80
104 21
131 28
76 97
110 31
74 88
113 115
68 81
82 19
78 65
98 67
40 116
52 101
130 23
115 45
89 48
45 113
122 43
62 64
60 38
94 1
125 74
36 60
75 38
132 74
23 96
