941 3971
123 411
751 68
367 690
505 626
683 390
863 407
619 17
363 746
562 704
164 812
906 838
397 266
79 226
455 715
934 877
259 116
347 750
865 454
498 429
139 239
559 742
386 236
758 748
722 119
511 627
930 475
523 127
481 343
352 935
116 344
871 115
459 17
864 383
470 420
552 608
399 169
149 785
145 906
332 607
765 842
292 754
117 556
880 597
898 290
332 754
374 261
869 833
277 791
15 487
11 307
836 150
216 43
934 101
690 325
707 513
907 740
325 764
95 263
420 51
293 751
804 667
752 472
299 87
322 54
573 73
360 467
222 575
251 897
675 940
21 181
511 927
920 836
750 73
839 910
805 191
460 409
598 11
880 896
97 1
8 410
755 108
618 36
682 868
673 156
866 693
77 435
419 738
70 909
551 909
618 415
840 818
564 496
828 502
450 665
244 198
134 57
305 492
774 727
159 505
623 765
938 699
940 416
495 69
124 105
718 742
260 616
618 823
170 505
124 360
228 367
557 102
424 861
334 256
387 233
761 68
56 498
507 55
913 61
805 778
847 322
578 847
937 936
728 847
240 851
265 209
277 821
51 700
481 385
14 608
617 515
416 673
72 922
468 725
723 72
302 628
393 879
533 388
615 60
34 854
911 298
121 928
859 172
427 139
297 181
746 913
696 220
385 508
882 593
32 664
405 334
91 797
12 365
925 626
424 17
280 134
55 141
120 913
53 287
792 349
468 337
62 904
297 187
470 238
521 242
642 925
316 732
781 328
155 505
694 320
522 32
453 576
173 314
289 225
600 821
315 808
899 376
770 254
303 39
232 823
281 873
807 596
405 387
664 300
891 417
619 471
189 813
788 102
867 817
68 266
437 382
133 394
498 902
648 800
941 620
682 21
293 288
616 697
674 80
737 623
496 156
835 425
709 681
527 634
297 594
640 733
716 772
868 272
474 574
130 214
934 552
234 285
839 590
722 571
669 518
935 905
414 828
389 181
308 915
555 345
308 253
818 82
766 744
94 298
117 905
511 110
516 744
135 154
392 857
466 120
174 459
765 587
86 212
508 393
867 121
478 233
373 354
55 197
157 148
235 273
112 745
382 368
288 258
521 680
173 45
540 87
244 363
414 329
316 921
462 241
100 939
215 213
352 10
410 508
840 644
521 692
189 903
118 476
901 379
896 132
165 235
900 408
339 372
478 654
92 939
635 191
937 849
403 88
600 553
595 498
256 174
248 185
817 106
660 776
225 615
648 389
590 606
538 928
718 74
640 809
71 334
740 748
923 202
835 581
754 488
819 750
403 125
675 19
912 394
536 196
749 242
325 397
589 862
384 106
935 764
915 747
156 454
553 820
655 188
200 209
675 78
699 818
884 433
578 855
567 172
791 115
413 856
252 742
777 635
848 511
199 562
57 95
74 351
914 470
538 173
419 12
250 176
830 874
349 466
787 656
378 377
770 790
33 81
332 550
456 920
801 654
540 858
490 354
267 462
564 545
375 41
556 365
899 185
298 47
391 825
703 768
2 272
358 34
93 430
583 549
408 442
2 688
358 491
782 365
694 405
650 127
445 265
233 402
190 530
449 581
413 892
148 414
222 246
447 56
675 770
345 141
271 346
569 369
578 410
734 71
814 442
879 317
447 170
460 637
699 649
17 853
340 846
66 302
151 254
357 825
82 701
707 352
788 334
721 165
743 254
235 356
436 172
414 883
83 873
319 781
321 76
433 660
921 499
702 130
752 118
696 574
559 461
926 405
535 446
310 78
440 544
433 875
457 846
557 539
518 875
119 838
691 293
297 671
791 58
541 342
857 295
656 474
496 381
620 90
826 929
167 324
273 340
940 470
245 555
749 762
230 608
400 920
900 437
390 490
235 931
572 150
25 287
365 521
408 725
351 293
453 517
357 466
856 355
935 841
910 483
403 880
832 543
858 531
38 48
80 273
719 392
163 743
419 527
63 827
310 413
860 504
670 16
28 326
371 704
225 80
245 368
18 135
910 616
666 7
404 486
20 181
618 182
924 96
450 45
663 759
199 581
62 868
596 90
252 707
793 218
527 96
585 285
913 554
901 378
301 104
604 320
285 280
501 8
116 9
734 778
509 932
158 570
600 495
400 592
260 251
550 787
88 876
812 741
229 771
177 529
616 780
848 900
800 148
648 916
839 440
752 147
172 910
457 771
204 857
162 463
166 712
49 253
646 861
734 874
431 910
461 787
489 108
745 348
937 451
322 575
632 814
721 803
782 237
373 726
152 534
930 58
304 719
52 8
379 785
881 551
495 141
396 42
930 200
130 926
391 451
559 763
324 80
624 846
316 55
631 208
589 619
265 892
137 57
641 516
842 580
125 395
462 520
177 450
460 307
175 592
757 734
413 821
813 96
467 869
832 156
135 479
515 140
171 651
197 811
907 779
190 90
232 392
610 408
842 810
455 75
460 271
549 873
832 161
709 357
88 599
253 904
819 508
785 730
900 40
340 865
818 270
14 790
662 364
938 562
232 452
377 692
463 926
364 94
145 131
451 915
470 444
877 347
11 720
817 910
500 215
574 117
485 328
906 205
691 644
507 664
154 883
155 357
608 518
450 753
648 641
467 858
144 402
264 154
863 139
804 421
95 177
279 579
505 243
524 936
627 771
658 521
712 553
877 120
129 127
613 517
767 138
434 910
280 438
804 201
317 407
363 411
584 641
48 147
624 312
823 310
141 281
571 594
833 248
713 21
374 384
278 199
262 452
850 541
889 453
742 265
860 845
675 502
285 464
389 908
516 270
17 657
550 588
50 183
835 762
203 8
886 221
888 206
673 796
746 620
49 287
625 908
190 359
209 474
563 338
182 137
348 880
534 639
526 583
821 160
144 764
167 88
43 114
293 715
650 780
135 439
807 759
405 56
858 354
270 220
691 192
98 780
131 631
477 397
14 356
557 157
178 464
927 220
318 19
676 709
798 810
206 664
368 352
460 285
705 470
504 196
403 601
34 533
32 251
929 45
606 285
883 524
490 868
484 807
628 218
574 484
768 521
888 195
872 147
479 376
358 723
571 760
383 345
351 155
595 79
881 941
105 822
523 594
490 66
200 176
24 515
400 792
94 88
727 24
234 5
399 332
727 711
150 850
796 241
63 191
320 2
190 165
565 454
758 113
519 16
29 283
530 428
815 364
515 600
387 490
604 527
821 390
37 30
298 573
11 102
763 330
785 694
235 408
206 51
520 465
749 548
747 78
717 621
442 31
20 569
520 624
836 141
754 613
170 792
245 180
893 748
251 737
500 485
203 705
277 464
910 766
752 716
843 268
136 84
299 155
394 818
519 288
699 331
901 868
182 886
789 133
692 780
610 251
64 554
696 81
76 665
846 568
180 489
836 315
313 875
210 706
492 729
53 250
118 694
858 299
638 705
173 388
284 782
379 89
394 134
169 210
798 756
778 36
303 413
91 615
346 300
380 837
769 173
827 887
866 744
926 303
248 157
431 532
680 810
620 132
2 529
342 540
343 860
316 645
72 406
60 417
446 180
53 15
352 880
642 17
423 626
60 670
524 490
1 262
358 361
393 100
890 475
380 291
134 695
677 205
841 736
362 87
656 156
101 66
776 742
764 257
167 823
926 690
112 668
10 470
87 144
310 35
618 690
326 752
184 743
697 766
278 118
852 933
273 11
739 789
493 302
104 659
183 770
408 294
496 158
504 583
301 555
617 660
44 683
211 227
225 907
51 502
765 643
493 778
394 31
625 886
332 728
345 255
298 752
290 793
650 793
175 10
147 533
410 190
274 620
158 240
326 890
741 150
333 34
927 726
746 352
671 137
138 74
391 435
566 680
28 274
273 202
24 160
734 433
350 749
793 248
47 178
878 528
68 269
302 735
54 107
145 465
243 24
279 374
199 844
113 226
858 126
428 623
285 902
114 375
709 648
363 496
566 300
83 374
309 384
167 103
231 53
567 214
76 845
588 274
488 441
500 405
307 668
86 591
628 881
707 137
328 128
632 893
168 714
325 218
839 233
320 810
285 887
83 360
531 411
374 760
851 614
223 216
340 49
547 709
670 312
845 57
181 535
690 348
49 756
565 628
47 626
496 72
312 319
172 842
729 545
660 379
218 623
335 298
412 882
747 823
934 650
620 173
926 368
262 715
182 567
142 910
251 378
40 562
697 211
463 225
497 863
604 714
286 938
752 438
619 558
319 612
7 938
784 673
106 104
446 28
671 328
679 662
706 718
283 202
670 486
426 907
148 88
420 433
767 230
612 444
528 671
114 535
409 639
266 255
483 453
282 894
780 19
615 544
478 897
745 888
441 912
853 588
740 331
762 565
301 173
750 829
843 604
422 51
301 428
305 525
880 587
477 719
346 832
62 564
787 807
510 27
777 162
356 575
233 858
881 534
89 689
421 672
92 583
723 393
69 86
917 8
413 193
467 759
84 528
381 611
393 632
379 910
793 734
285 767
650 906
359 479
394 779
209 485
161 672
618 229
758 593
918 911
527 443
728 351
30 850
20 163
281 398
814 872
839 639
321 803
56 799
255 575
749 739
735 479
416 705
36 749
681 6
75 865
474 425
635 382
186 797
662 324
410 535
255 307
232 575
168 29
433 163
603 922
643 138
459 799
842 495
347 322
241 422
245 714
587 879
155 772
476 557
155 885
832 150
251 805
724 159
833 897
322 235
618 23
372 136
821 13
371 226
76 611
388 320
124 34
940 19
805 215
576 700
158 207
590 149
70 373
308 643
69 629
619 687
651 49
563 271
744 674
496 819
343 884
879 207
658 618
226 262
832 542
21 731
748 610
879 559
723 245
1 533
614 619
278 64
409 581
334 211
313 571
770 396
254 448
602 911
125 827
231 15
168 933
486 657
343 424
274 124
668 274
397 82
893 415
145 360
54 479
311 366
790 139
761 102
327 163
71 451
730 42
207 898
34 692
613 117
174 627
922 583
900 378
664 592
792 549
692 846
86 743
11 875
622 513
717 8
675 787
458 463
570 405
160 344
156 513
460 70
198 440
393 839
817 797
489 409
405 922
313 231
723 323
165 404
576 881
152 309
468 609
513 778
755 413
180 910
926 380
720 182
819 854
79 436
709 309
844 854
30 897
144 493
19 49
896 595
670 106
903 878
456 215
714 269
628 634
919 612
72 438
534 891
350 613
126 800
662 710
453 432
665 596
924 683
644 620
77 114
725 721
50 921
935 764
930 621
456 648
32 269
827 566
218 917
919 84
775 380
793 287
811 257
623 793
680 67
471 757
180 937
536 229
657 270
733 387
632 930
93 663
257 919
28 215
895 687
298 469
125 831
496 676
146 178
528 566
244 739
381 164
475 657
392 191
927 866
318 617
854 410
79 169
129 789
383 764
534 421
32 659
310 528
134 196
446 402
761 689
200 883
852 415
598 43
346 583
908 663
940 820
814 760
729 1
607 170
505 199
331 536
598 381
804 732
576 308
192 137
55 132
78 647
288 675
431 633
58 397
355 738
17 227
556 745
909 221
656 472
161 727
748 758
167 611
289 742
918 222
619 714
94 696
160 381
171 590
73 910
46 168
706 744
135 62
288 102
23 684
314 183
470 120
682 636
730 711
177 448
673 796
220 767
291 379
206 202
28 19
170 755
868 617
298 61
419 585
844 441
328 216
365 797
77 787
232 806
556 408
312 29
3 272
795 35
651 741
236 419
760 147
914 427
504 270
488 922
854 390
162 922
347 526
777 423
112 749
28 668
898 81
437 900
352 290
675 743
89 911
220 589
798 192
75 360
202 303
81 115
692 242
95 779
768 613
260 879
161 288
346 117
368 782
758 460
812 491
262 901
201 222
289 57
155 363
157 356
406 237
211 839
479 47
676 46
659 936
665 819
282 70
677 390
592 493
849 463
42 851
163 243
132 451
40 286
555 879
382 19
856 593
857 393
639 333
179 97
327 844
915 349
654 391
479 45
883 386
507 925
296 410
908 168
602 688
453 215
366 834
915 281
485 572
414 864
904 593
19 30
495 675
378 889
124 856
933 66
41 240
731 77
649 438
244 50
184 696
5 291
330 661
571 555
291 43
478 935
635 496
23 870
229 141
558 353
737 550
159 777
530 889
854 919
385 156
28 309
593 32
340 922
692 910
535 723
12 753
716 387
308 479
57 277
619 614
370 414
904 528
932 492
216 844
470 341
740 238
391 10
730 371
702 440
647 224
451 458
681 578
506 218
634 524
578 48
893 732
10 221
463 243
177 365
453 259
164 690
649 295
699 178
666 200
617 112
165 808
310 845
445 816
803 819
139 180
607 772
653 617
51 174
600 910
280 111
227 184
800 616
478 298
534 884
239 210
54 403
758 105
306 2
661 849
821 799
88 227
629 481
843 421
654 501
389 933
352 356
175 210
30 653
249 563
336 487
513 390
889 330
494 935
72 213
583 633
752 411
860 439
891 502
859 604
744 47
336 154
402 511
105 172
904 353
476 298
839 729
428 527
799 662
261 871
615 843
562 425
313 480
605 262
41 263
606 784
310 1
678 452
252 782
365 214
193 840
252 772
627 421
98 485
141 358
155 497
260 716
662 572
937 325
833 718
588 239
560 638
239 37
830 490
819 253
444 752
151 436
324 519
856 421
744 738
779 898
293 779
413 695
409 408
79 41
184 407
279 484
785 517
521 673
747 139
926 249
890 817
685 272
394 340
693 196
136 271
834 169
108 306
864 257
713 683
38 638
148 317
862 673
574 182
404 121
320 129
110 269
5 535
281 139
875 714
335 69
43 909
920 832
273 842
147 727
583 185
164 471
242 84
202 815
266 605
676 326
475 786
335 479
379 616
617 312
388 692
122 172
660 100
62 673
682 891
199 323
134 362
793 116
187 53
671 193
398 406
518 872
250 594
150 628
268 767
681 396
258 802
567 658
642 370
131 382
319 329
445 452
691 296
567 618
89 296
810 227
442 127
840 691
720 48
119 728
555 799
183 813
400 490
270 782
859 400
904 236
729 407
428 219
443 735
577 272
772 445
498 272
312 396
704 773
185 822
559 739
420 482
351 560
31 621
400 889
761 103
866 548
509 352
507 692
146 142
22 917
327 260
247 639
397 9
211 581
571 769
119 49
51 470
349 81
831 489
710 650
591 634
939 840
45 504
590 190
387 611
847 713
612 834
151 67
584 361
388 213
871 506
3 921
716 351
60 346
840 510
737 489
203 734
388 247
37 718
177 423
129 764
877 740
656 86
547 298
447 934
252 117
239 254
96 696
604 837
100 243
405 577
473 607
369 601
594 147
377 511
310 505
333 245
44 730
72 590
768 518
323 78
375 562
331 470
57 676
365 156
659 510
474 190
858 842
790 510
729 908
762 98
471 835
342 256
623 413
845 450
671 227
268 104
529 340
314 585
756 419
481 473
929 13
404 845
596 252
154 383
900 656
480 171
550 563
426 913
716 329
162 187
296 430
31 824
510 345
208 324
763 689
796 491
442 258
135 96
251 289
220 209
3 440
379 293
61 804
6 518
874 167
704 228
337 734
793 846
819 59
228 382
488 765
872 671
81 66
507 72
95 726
281 779
907 400
813 708
4 818
284 877
725 728
845 803
262 696
707 139
496 676
520 42
240 192
453 320
939 19
133 774
744 413
611 450
553 223
217 556
99 500
491 565
287 136
426 548
831 873
427 385
607 688
168 846
879 620
907 617
638 98
449 182
251 800
631 544
764 847
159 862
147 390
226 433
525 651
721 156
583 206
540 930
893 448
576 571
127 541
928 505
379 176
686 370
35 117
913 798
704 812
459 850
2 685
82 526
135 802
681 717
749 21
447 441
468 81
753 335
362 739
840 481
915 325
850 690
182 562
287 886
174 486
794 175
911 617
700 105
477 181
562 25
883 67
207 150
147 18
226 249
497 124
729 470
189 378
900 112
940 245
56 172
472 590
87 441
265 786
286 483
707 848
248 389
655 454
539 543
471 764
791 27
628 320
237 557
697 196
668 436
181 464
348 652
795 434
834 800
20 178
341 726
766 330
174 221
783 453
763 54
16 353
762 643
672 739
940 428
675 667
863 597
871 270
48 724
444 881
583 463
800 664
248 624
52 162
844 576
355 406
370 759
872 753
230 669
751 657
403 217
320 740
147 330
787 611
773 727
252 36
585 916
283 8
708 185
593 342
280 57
452 649
556 382
201 786
110 10
242 253
909 302
51 796
372 837
465 886
363 458
921 688
432 3
696 880
187 88
22 466
144 473
855 441
855 114
26 705
805 267
698 772
310 748
626 681
384 150
625 488
607 604
234 779
606 670
458 533
757 479
739 642
693 652
141 347
506 848
110 370
173 548
200 482
354 567
904 478
457 587
24 804
932 940
382 596
668 839
870 225
118 667
866 551
378 747
897 883
653 747
52 566
353 934
789 447
559 751
665 74
137 430
618 127
428 58
464 836
637 392
119 495
799 725
104 235
271 741
859 923
287 651
289 380
643 136
567 260
627 291
74 504
461 432
631 629
489 835
523 867
26 383
420 824
166 265
800 437
746 458
159 774
167 447
894 810
323 520
810 690
551 625
253 70
115 624
698 345
517 20
270 542
402 430
165 309
435 23
745 922
480 644
495 647
832 447
256 213
25 806
644 575
489 896
385 345
578 141
689 835
843 699
435 303
869 599
611 104
363 155
766 842
799 319
288 689
765 284
642 531
149 85
846 378
39 290
722 357
171 210
250 72
649 425
116 577
765 467
421 186
622 245
768 479
304 797
908 809
139 349
398 28
434 44
406 213
333 868
570 244
137 560
57 785
726 172
161 549
638 322
475 59
307 42
278 610
838 244
478 718
334 616
486 767
659 891
720 732
818 348
35 695
649 773
279 433
685 440
722 381
502 937
181 809
37 458
477 616
443 695
133 776
370 618
342 769
309 120
560 185
209 335
620 598
166 898
89 850
137 810
30 639
805 892
506 582
409 723
256 851
477 129
426 587
747 508
414 114
368 714
39 317
789 399
914 695
355 61
344 233
611 374
871 215
65 176
797 473
898 793
123 174
922 289
760 468
796 915
322 905
428 360
280 276
758 935
29 853
54 373
144 406
487 755
620 551
671 216
83 369
68 887
542 730
235 361
938 771
75 318
475 502
677 755
777 234
489 806
827 283
919 712
688 464
525 108
73 937
323 837
364 131
524 905
601 499
65 597
328 139
914 803
641 390
357 217
364 586
763 250
868 740
20 615
3 285
722 758
280 785
394 643
916 917
348 316
474 412
913 543
292 626
145 673
757 242
889 179
827 452
428 753
932 188
426 935
473 888
751 493
732 885
877 447
861 283
762 134
435 733
676 726
159 561
457 915
802 146
152 687
597 321
240 587
508 406
321 721
353 812
273 825
756 208
330 416
490 832
549 665
624 25
450 523
585 906
496 187
792 388
873 447
708 853
775 275
318 154
736 670
25 67
553 780
15 623
254 245
513 543
910 877
567 418
458 893
123 694
138 915
141 751
161 848
663 935
863 39
148 658
449 854
465 742
692 480
423 686
724 935
287 692
612 595
850 810
546 32
563 424
687 703
233 847
350 636
582 13
415 470
411 863
382 875
663 132
154 144
817 619
820 844
110 231
497 19
99 783
732 402
265 218
163 239
123 254
615 445
266 89
914 676
692 354
350 414
226 245
298 783
863 858
686 31
147 923
49 928
506 521
388 511
738 292
490 602
545 164
787 551
934 760
26 684
854 375
156 139
619 195
921 540
111 406
312 940
129 101
926 634
622 372
203 159
404 693
501 7
597 347
557 589
165 582
331 759
698 228
897 116
422 618
397 273
82 708
271 892
549 937
584 911
109 528
129 512
279 370
519 616
716 816
263 621
198 334
439 636
302 135
751 464
752 888
737 575
395 748
525 3
744 168
913 852
436 782
163 714
211 681
129 667
297 391
347 494
465 526
188 767
660 679
289 212
626 766
786 79
573 369
763 116
277 735
708 712
575 870
225 526
351 353
252 647
484 339
881 8
864 809
515 323
546 803
534 912
369 378
732 682
488 553
797 505
87 304
276 662
232 241
928 323
594 238
28 136
317 908
825 239
516 398
303 121
1 836
773 369
14 563
791 501
175 387
64 2
690 80
663 662
321 391
44 655
369 71
790 686
720 415
665 294
812 26
155 553
603 928
662 616
290 511
857 205
897 661
207 645
741 610
366 802
59 150
515 428
902 104
854 421
518 577
456 130
344 610
682 5
337 403
620 627
654 276
572 610
936 778
54 476
447 160
336 246
309 850
414 270
13 326
690 271
644 204
400 46
555 823
50 891
284 410
317 937
685 889
346 420
466 400
896 653
559 31
899 868
622 112
196 375
438 626
645 140
830 786
185 443
667 916
133 9
384 191
686 809
820 91
287 344
231 923
738 789
13 436
456 634
547 651
67 725
77 452
864 647
296 789
830 21
763 21
711 887
211 197
754 771
28 782
856 258
763 652
105 516
146 561
890 433
11 15
217 87
208 821
474 503
410 362
265 913
383 34
859 334
230 412
846 257
252 760
255 756
470 360
330 356
661 279
788 671
34 63
499 241
625 31
485 93
134 749
64 516
523 922
590 494
393 494
491 385
312 746
199 522
846 270
877 565
289 724
35 322
527 274
304 210
46 788
302 179
336 366
435 599
87 83
151 220
318 383
605 629
187 544
892 91
554 827
396 842
350 171
223 618
445 267
827 490
795 870
409 189
35 843
528 803
925 679
82 42
120 427
671 47
711 621
819 324
247 273
224 338
443 187
14 628
453 581
858 47
509 325
917 284
226 504
146 892
241 909
933 101
394 403
829 845
764 706
227 70
719 192
407 902
378 420
589 572
59 505
618 309
571 594
333 796
156 478
487 137
186 479
919 320
881 806
224 704
311 191
514 770
382 661
730 501
821 118
131 620
364 489
928 934
141 61
788 37
538 334
855 465
553 832
784 233
437 66
677 488
257 249
316 379
909 105
879 788
904 68
467 326
298 194
318 438
254 847
216 533
921 129
56 532
702 839
764 879
646 500
426 643
489 741
80 198
586 700
44 290
508 251
615 805
186 933
43 439
579 258
712 558
127 767
830 828
406 652
766 792
892 932
493 181
472 313
378 799
71 162
147 579
413 761
442 598
493 484
777 130
482 548
428 609
114 316
236 260
709 742
110 400
732 343
580 4
656 698
802 467
860 7
786 72
508 28
669 742
252 245
612 734
533 99
142 647
155 377
647 863
178 757
63 909
840 383
653 295
140 513
762 58
260 606
129 509
633 538
309 626
523 920
418 115
759 559
502 914
935 207
576 853
704 379
562 603
762 273
897 901
786 458
699 786
805 568
353 237
846 661
862 427
381 338
282 198
637 783
170 372
731 487
283 234
865 844
836 685
176 533
385 702
49 142
546 853
450 640
149 354
359 751
522 480
148 803
678 525
386 588
896 857
133 238
149 739
822 44
482 738
317 608
239 365
749 526
18 940
224 848
352 323
657 873
803 545
476 539
129 602
867 765
517 59
743 665
797 624
449 78
161 765
685 400
871 234
925 629
232 889
276 324
270 932
256 813
277 472
410 146
132 77
910 648
135 712
112 672
135 302
490 36
807 234
435 477
208 159
164 439
106 180
762 117
171 758
929 188
29 139
333 160
215 42
548 90
494 401
502 369
702 50
405 308
24 580
785 231
739 689
410 585
869 913
442 780
470 430
26 499
309 99
399 523
140 688
353 634
147 854
61 589
644 206
896 668
786 739
639 583
487 790
908 414
761 409
934 30
579 18
528 887
116 927
209 937
673 561
370 560
214 172
207 857
377 161
324 221
641 704
544 186
552 511
340 112
660 332
141 297
90 669
924 887
395 191
623 808
492 52
426 705
223 373
361 599
274 685
820 914
447 422
840 739
673 920
850 132
310 49
428 140
458 151
85 593
82 449
459 573
500 625
336 722
56 697
120 71
181 939
43 627
161 883
424 574
861 73
706 912
121 874
792 320
84 618
912 165
125 171
738 624
795 814
145 592
310 264
662 490
3 445
857 845
127 339
477 729
152 241
699 14
174 290
333 939
907 303
844 90
214 381
454 68
254 598
400 563
603 802
794 605
305 709
249 432
789 725
219 940
707 658
12 621
6 344
618 654
388 261
484 601
642 938
409 895
335 549
257 937
409 791
341 455
559 589
627 406
114 586
404 820
43 157
499 730
241 857
442 369
176 926
29 817
663 178
511 56
727 509
52 876
358 133
389 916
463 74
380 576
400 525
454 442
422 11
231 662
867 672
90 101
397 800
659 118
718 228
174 503
736 907
438 153
780 567
809 301
382 930
876 781
513 388
282 675
139 253
395 64
924 225
847 121
765 564
238 542
791 152
103 327
117 281
220 897
589 87
938 711
75 873
550 328
60 572
743 199
824 197
262 548
162 849
668 927
471 646
527 62
798 370
129 655
392 348
351 721
175 348
490 932
20 98
59 79
411 802
277 34
739 539
581 900
187 48
626 658
694 211
460 291
322 329
4 713
676 96
233 591
443 722
581 462
560 381
540 29
241 817
63 38
155 384
678 341
432 363
739 866
314 939
215 635
326 900
147 742
54 379
133 496
159 713
698 460
834 297
229 133
854 32
852 749
416 589
830 588
692 369
512 64
366 467
699 433
425 845
915 479
24 106
715 864
560 472
382 452
509 611
585 162
642 236
910 798
824 798
444 315
225 696
379 332
221 136
764 387
721 478
865 744
584 379
667 202
591 107
653 840
458 37
60 159
273 710
697 837
308 200
211 532
895 589
604 857
465 167
302 244
645 225
47 287
344 454
229 935
560 881
833 759
659 893
658 931
402 413
567 709
612 777
41 307
165 644
222 629
552 523
873 255
488 660
282 831
172 510
565 472
190 457
289 848
149 687
578 550
159 204
59 770
721 99
817 627
483 97
314 93
619 927
88 847
386 369
737 298
619 101
770 550
557 799
197 446
545 775
737 703
719 795
272 239
893 148
865 434
244 920
268 604
646 355
250 91
465 727
388 824
828 898
432 184
756 370
630 100
885 166
802 662
19 814
641 652
20 306
826 5
284 152
349 929
507 598
78 30
384 207
594 11
163 85
194 918
195 564
76 138
729 618
540 747
491 239
198 251
544 83
937 568
234 85
556 481
424 374
510 548
580 845
558 743
670 751
460 864
374 536
60 161
894 599
649 184
578 846
435 863
669 171
489 903
938 103
442 420
218 693
26 797
337 583
339 65
133 799
928 247
134 46
408 86
385 797
270 21
442 445
624 170
356 172
813 352
15 54
771 232
487 537
770 823
178 167
887 52
24 873
298 839
659 446
925 784
301 935
805 484
179 487
394 534
399 265
886 414
59 456
386 287
52 896
168 911
122 796
21 827
468 319
725 868
505 449
710 547
442 314
89 620
801 482
894 940
487 838
153 286
94 539
572 145
493 481
114 355
76 817
923 543
876 447
469 439
895 920
44 136
292 814
496 833
95 448
832 322
86 43
608 179
322 920
323 556
459 177
910 275
52 632
818 668
137 86
166 772
64 891
907 97
764 202
929 858
650 819
239 476
603 587
654 924
565 717
279 765
634 930
98 427
620 656
153 757
483 59
328 287
9 294
383 513
495 112
429 885
930 408
160 332
735 813
56 100
329 334
864 22
322 702
189 683
158 341
239 381
400 566
408 149
859 791
661 154
643 830
779 372
38 939
704 772
551 759
871 880
833 534
642 896
36 830
637 193
911 875
573 110
499 39
258 158
570 659
52 271
548 830
384 326
568 146
156 178
645 768
798 277
360 498
231 395
127 608
328 96
541 641
888 781
421 204
938 731
604 730
743 892
618 185
276 927
330 172
163 715
939 701
50 99
939 281
234 124
888 562
901 229
2 847
750 422
792 487
212 454
275 13
404 633
197 420
618 267
591 521
40 330
280 89
428 277
110 402
141 739
22 783
708 24
688 516
186 279
61 397
473 335
150 617
26 346
95 385
612 427
905 392
756 244
222 924
261 331
384 143
810 147
925 576
170 412
832 96
691 892
493 904
26 642
580 52
729 415
436 140
841 140
532 396
124 753
378 385
824 762
527 693
908 251
68 818
662 900
913 152
850 205
797 617
847 435
668 375
590 844
514 231
724 104
626 848
597 63
32 480
565 299
913 272
549 39
830 10
679 801
162 329
747 699
4 393
874 671
767 522
314 339
752 778
184 437
684 521
240 715
59 545
72 712
816 361
492 445
371 229
45 273
557 791
30 560
242 903
30 749
224 84
829 35
862 71
212 604
591 192
119 391
477 872
843 351
292 393
536 403
622 580
416 237
430 445
538 412
147 567
220 370
651 107
145 312
859 97
656 249
288 774
380 764
705 282
855 737
415 449
198 95
770 354
73 258
798 610
410 685
917 629
795 367
476 940
678 134
777 393
124 907
244 628
670 525
283 206
940 472
144 775
300 497
847 298
94 256
708 778
232 136
373 339
353 371
76 227
206 209
350 70
174 594
439 585
859 721
790 598
933 675
173 33
230 760
330 65
75 778
583 47
655 14
385 66
125 201
33 72
409 124
141 324
717 320
908 375
781 497
714 773
230 886
805 201
704 875
265 519
712 847
306 425
602 691
231 726
632 4
797 782
127 679
164 584
57 812
18 579
108 472
410 79
416 14
279 860
888 284
438 399
871 743
564 531
233 535
57 606
539 853
446 665
331 350
308 129
902 66
707 750
278 857
828 693
611 847
352 557
189 530
697 801
332 319
131 305
854 187
651 192
781 837
856 852
927 904
39 887
710 486
696 46
142 323
479 752
229 831
109 158
419 805
17 491
182 830
537 776
757 246
26 596
142 623
248 127
585 27
755 95
513 250
140 654
572 619
206 800
508 314
17 926
177 715
217 99
603 753
616 419
57 641
755 880
63 743
748 389
770 561
483 82
551 622
735 181
299 940
722 547
53 479
273 229
252 489
328 596
41 2
755 779
383 309
718 187
111 524
575 621
825 116
702 175
478 236
96 518
917 817
123 28
95 136
257 88
624 325
683 664
67 237
243 190
545 19
376 396
283 9
75 848
806 776
81 84
71 858
601 46
734 464
755 569
600 70
656 23
135 138
428 201
374 670
391 660
688 507
114 711
516 189
617 121
705 438
204 516
354 545
302 828
68 116
456 667
867 852
689 61
49 175
261 163
585 392
822 331
899 936
782 214
865 198
75 369
635 20
885 730
564 245
357 631
101 553
97 27
464 527
87 253
442 88
415 86
221 296
157 860
31 939
814 636
195 888
745 571
907 688
100 271
674 197
642 774
750 739
800 13
65 627
265 506
456 420
332 676
456 489
594 227
486 466
862 421
153 407
732 801
153 831
130 567
87 771
141 577
309 681
589 114
367 594
620 822
72 10
297 269
498 890
495 724
155 157
886 307
563 676
166 456
566 295
82 393
807 222
28 856
643 616
29 68
9 389
630 762
398 926
89 637
615 584
160 769
740 104
135 361
780 300
816 145
336 638
537 883
600 305
797 302
661 566
369 669
13 740
489 152
724 578
529 398
902 688
225 700
533 100
801 112
141 675
256 217
113 533
158 712
837 695
72 297
320 182
706 73
921 253
224 444
571 752
841 272
240 807
30 772
647 830
883 787
305 879
62 158
470 901
869 106
655 941
143 715
863 848
787 842
159 752
344 471
562 926
742 801
532 513
372 237
142 313
83 187
932 826
344 460
786 272
306 240
12 448
695 874
354 540
515 254
91 858
465 394
583 6
253 173
518 366
151 660
419 915
587 410
799 931
869 384
2 916
364 695
163 117
368 517
398 882
511 488
539 34
881 863
39 875
776 298
40 926
698 458
899 343
867 498
73 536
622 756
510 45
509 413
843 617
929 299
298 239
528 837
13 208
499 734
823 333
90 862
318 787
379 16
870 304
513 2
580 194
757 830
920 325
302 821
682 30
861 39
269 447
616 281
395 173
755 277
505 844
197 563
689 316
579 359
620 832
360 940
766 175
829 485
240 189
365 922
900 284
19 227
471 634
249 865
547 62
882 110
647 138
414 135
453 733
493 813
364 852
812 189
768 440
414 66
369 778
728 327
802 746
295 72
179 543
678 725
345 618
576 50
755 48
867 8
521 418
820 884
70 431
813 837
611 286
902 38
804 689
365 665
234 659
736 413
1 472
878 86
831 512
818 644
300 743
651 820
901 271
763 29
442 634
865 794
660 826
831 523
314 936
246 288
394 722
441 394
935 378
480 824
889 97
267 930
839 659
808 798
670 370
827 852
745 750
704 463
375 335
44 429
329 30
717 723
493 898
175 227
334 395
791 23
491 116
11 129
774 559
668 243
929 553
154 732
102 598
253 218
932 38
387 320
749 844
101 300
801 16
526 193
152 375
897 383
232 907
512 746
525 920
48 253
531 883
43 373
539 36
331 530
73 718
590 563
620 431
862 220
446 188
413 338
303 109
721 534
75 32
80 340
10 127
592 281
750 375
394 347
410 725
617 224
242 265
786 602
695 447
822 882
634 34
19 678
142 480
270 898
511 90
296 261
216 628
282 706
61 676
112 471
200 469
435 441
734 279
783 228
466 663
850 159
437 869
577 320
148 587
276 400
677 313
660 892
940 683
657 742
158 509
12 357
36 446
538 510
465 379
479 930
783 128
829 278
737 464
597 885
110 614
343 786
926 743
477 665
484 874
206 641
182 217
738 900
403 334
209 867
713 428
597 554
556 225
572 351
430 910
35 539
582 377
124 307
179 341
30 403
15 918
103 196
193 840
836 596
915 104
262 427
531 858
721 145
824 351
237 312
319 271
591 641
648 455
6 567
795 718
28 550
694 812
746 886
452 381
281 425
484 543
851 74
200 630
900 82
721 195
393 781
207 42
480 595
496 227
220 91
3 929
640 696
541 185
381 51
566 403
216 790
4 807
863 885
495 563
708 15
757 159
795 704
883 75
357 178
301 317
9 303
46 649
739 586
574 860
636 880
321 851
729 65
457 391
691 10
12 457
706 510
615 301
272 297
375 370
475 675
686 483
718 731
872 256
375 246
174 751
184 236
401 653
41 857
103 731
607 114
246 372
623 602
672 636
898 787
64 172
520 490
396 37
280 67
292 395
53 206
887 237
441 87
630 482
3 732
271 350
587 258
462 9
859 874
644 556
719 707
728 38
938 864
74 276
671 106
411 724
312 356
701 752
184 389
33 186
862 45
535 507
302 738
515 219
670 900
774 448
406 301
226 402
905 300
418 635
405 829
158 457
925 858
9 167
46 41
93 907
85 369
472 386
165 728
345 834
686 178
81 150
219 307
293 865
347 710
558 492
597 456
8 322
372 16
229 158
738 322
124 823
431 336
8 595
804 353
228 289
271 50
439 230
97 472
153 443
240 451
675 578
906 423
640 77
438 868
235 917
930 99
798 419
175 546
754 38
639 723
326 650
772 505
880 609
35 773
792 275
283 525
593 929
7 291
747 185
217 722
160 206
820 698
365 735
303 860
772 941
641 839
391 212
402 329
820 178
160 670
452 183
253 103
853 941
134 658
867 350
179 85
296 739
783 402
532 826
320 363
566 19
1 15
230 402
84 108
579 926
518 771
167 511
614 760
511 747
217 436
838 395
261 874
192 784
334 724
668 653
827 293
412 827
48 382
28 132
230 348
116 747
177 23
317 532
524 568
78 740
744 656
194 63
589 126
847 922
849 314
375 475
606 527
360 395
909 129
526 197
476 382
3 393
145 60
665 668
627 743
467 170
457 401
232 786
526 137
508 175
451 623
649 797
208 68
932 175
196 257
113 412
638 797
804 524
856 528
250 282
70 457
451 267
857 423
112 442
301 360
616 492
41 323
88 248
131 79
164 67
335 276
219 714
813 82
296 727
609 286
749 419
743 940
685 399
421 796
840 721
214 255
12 936
319 100
243 190
178 147
257 253
163 216
25 34
