211 389
16 204
145 123
73 54
99 177
106 134
170 93
200 25
116 121
69 61
183 165
37 5
135 200
6 19
93 4
153 51
128 168
43 141
159 196
194 46
161 88
49 199
49 37
12 165
26 81
14 209
114 130
82 38
198 167
56 80
40 78
130 167
34 41
176 193
25 158
27 54
34 75
42 163
191 53
116 86
133 209
163 116
208 33
153 194
69 77
62 108
154 60
143 57
181 107
38 205
53 144
48 166
88 169
117 147
10 101
21 12
99 52
127 95
165 148
77 22
93 8
129 116
147 140
41 116
35 158
190 167
90 26
121 46
63 27
193 72
207 82
163 94
134 158
57 87
174 3
188 56
10 185
40 156
113 160
141 147
106 119
102 64
13 91
110 75
197 171
15 193
41 178
155 174
124 1
129 87
3 185
11 92
158 130
116 59
78 45
74 183
32 44
115 44
4 13
198 200
52 2
50 93
179 205
135 171
74 133
46 76
106 136
36 53
134 151
191 80
65 134
131 176
177 35
9 49
127 206
38 179
207 167
60 43
160 63
3 22
195 128
177 90
133 81
11 55
101 201
135 34
123 54
209 169
168 6
6 84
81 123
51 156
79 190
199 107
41 70
209 25
197 174
194 118
124 204
42 13
193 176
46 185
98 43
142 55
129 16
7 209
8 57
22 86
35 9
61 155
78 58
179 144
101 30
50 13
22 91
25 84
135 70
57 102
192 67
25 109
162 31
186 169
167 208
123 70
85 53
13 32
110 61
175 210
90 13
11 192
184 35
64 187
184 200
157 165
135 50
142 85
80 117
123 115
193 114
184 66
166 197
97 65
126 60
63 4
153 154
64 205
188 127
49 30
115 206
194 118
44 204
203 204
109 114
107 170
16 80
25 51
145 201
115 139
50 46
142 71
199 75
144 45
201 192
74 185
55 136
91 179
128 162
40 106
144 146
64 29
94 168
79 107
158 193
34 76
107 45
146 95
119 158
8 188
138 81
30 62
85 201
109 81
151 148
186 84
162 119
192 125
75 59
20 21
120 134
176 15
47 110
189 165
136 196
10 63
65 40
204 18
109 101
99 48
37 153
211 198
60 191
191 4
38 211
104 26
2 69
41 48
47 18
81 183
3 90
114 147
209 106
165 106
206 132
23 111
73 22
177 2
82 157
5 119
25 108
14 26
176 54
73 92
151 153
63 22
111 176
169 109
70 202
83 144
202 105
43 63
127 88
64 208
113 68
195 137
45 208
31 89
130 103
180 70
124 31
171 104
206 208
81 144
198 163
156 188
57 67
120 52
155 183
128 56
120 111
62 33
188 92
121 106
64 170
44 56
69 4
159 64
211 28
76 67
60 21
123 116
87 111
36 110
83 163
35 71
142 96
183 118
187 172
93 39
130 5
95 199
8 42
131 88
150 75
23 209
175 14
193 51
125 97
29 76
48 63
15 189
158 197
176 3
26 57
41 156
141 4
12 18
126 11
105 144
85 207
141 49
9 202
179 133
87 207
77 3
139 91
60 165
156 24
167 182
160 77
126 90
80 6
107 74
16 80
6 100
155 15
17 163
5 195
165 171
60 110
42 198
201 102
151 145
205 187
115 154
52 109
112 211
114 87
74 129
166 79
98 109
94 114
140 178
98 173
138 26
72 48
12 141
149 31
74 143
6 189
165 57
166 145
57 69
20 210
66 54
77 163
162 170
146 170
137 112
1 143
137 152
190 17
81 128
47 154
139 133
211 172
58 166
105 194
103 124
192 37
177 58
