169 2196
5 119
114 28
65 125
97 25
37 9
4 50
11 53
25 67
66 50
20 7
71 57
28 91
65 86
7 133
104 97
131 136
46 75
164 138
59 91
21 95
127 24
4 165
104 56
62 1
105 81
35 137
62 125
60 6
159 23
137 114
153 104
159 87
126 155
145 75
6 98
33 57
129 28
161 15
90 20
120 29
54 154
25 143
137 84
149 127
107 116
71 118
78 89
63 34
74 38
109 80
164 169
136 123
55 155
138 144
5 88
32 58
100 56
60 67
139 39
24 104
13 123
81 119
70 143
152 143
40 119
81 34
118 76
156 4
61 152
6 66
70 37
151 169
120 41
67 118
107 118
80 120
99 160
69 168
162 79
1 60
29 109
121 5
15 135
8 76
118 42
141 18
106 122
46 57
163 140
5 100
88 84
78 46
103 5
72 123
84 72
13 140
40 133
144 54
98 11
129 46
52 128
92 16
109 137
72 102
107 76
60 53
19 166
126 121
29 102
140 128
114 110
167 105
113 52
33 123
39 107
33 167
57 48
106 24
148 66
158 82
153 69
100 8
26 79
37 82
11 7
40 152
145 38
87 88
117 148
69 14
113 101
39 169
7 144
51 154
68 67
67 80
135 25
87 19
132 151
100 142
158 140
153 133
36 70
79 11
76 147
24 47
106 63
46 140
65 124
125 161
21 50
71 156
102 16
5 64
167 105
65 14
103 48
5 138
145 83
7 80
88 30
126 24
120 3
163 16
126 146
35 6
54 105
161 156
120 24
50 145
156 142
158 89
20 162
85 24
103 91
103 21
149 59
72 127
89 94
1 74
98 35
79 152
139 98
166 118
121 74
93 136
47 110
55 94
102 168
117 64
117 78
112 96
165 43
82 84
164 82
157 92
117 94
102 86
22 126
62 2
31 155
137 105
95 22
57 55
48 33
146 165
110 89
119 105
159 31
48 153
113 63
103 60
157 36
4 37
161 66
38 50
79 5
13 32
55 70
86 130
102 91
125 70
10 75
34 27
133 109
10 76
2 140
163 17
6 26
54 26
91 119
103 28
152 116
59 65
44 3
25 4
93 150
73 130
83 134
156 46
73 24
150 103
164 143
119 28
168 31
81 117
9 15
3 160
158 61
55 32
64 79
63 156
87 163
117 28
128 131
102 59
155 82
161 8
83 111
35 110
141 116
85 8
158 88
167 146
148 80
36 70
18 98
57 104
91 32
160 77
162 92
136 6
4 127
13 114
96 48
54 96
22 139
103 10
85 101
155 63
11 49
161 28
5 48
160 123
107 9
31 127
100 25
133 131
151 4
75 78
51 157
4 100
154 106
109 69
65 94
159 104
1 150
159 5
56 8
128 162
16 158
148 115
13 111
104 22
114 10
127 24
25 158
123 9
123 91
77 18
43 94
149 44
75 139
48 158
146 6
151 162
22 157
135 34
98 70
84 70
107 41
121 131
30 103
139 152
24 74
28 66
26 8
109 128
146 16
117 150
21 126
1 43
113 136
104 69
64 18
166 1
87 118
131 116
79 128
126 130
60 153
54 85
19 22
44 164
37 160
4 57
144 4
127 87
167 62
155 61
107 151
61 24
127 50
167 36
36 151
24 95
163 78
39 12
99 110
35 135
100 38
50 74
69 36
19 67
125 4
127 62
13 47
114 140
96 139
34 160
121 58
85 114
135 151
153 92
91 18
85 49
83 134
122 152
169 168
49 152
2 6
45 15
80 17
154 35
14 46
25 134
103 109
106 96
119 118
18 40
135 102
89 49
95 69
59 94
68 107
105 97
140 149
111 51
24 123
85 37
169 137
30 130
104 135
57 53
83 74
93 77
7 12
153 101
80 42
53 6
7 157
103 146
164 72
55 18
26 167
83 53
134 112
13 69
105 69
121 47
2 72
123 8
111 134
136 22
6 47
55 40
63 157
44 57
60 99
103 113
124 16
165 117
155 36
44 90
105 23
164 106
95 117
141 36
109 135
85 142
12 140
12 74
155 56
159 73
13 92
16 164
135 39
111 148
75 154
96 38
36 91
2 130
66 142
24 6
107 137
147 146
135 159
79 120
73 68
24 85
18 67
79 152
106 21
158 11
33 84
48 68
5 49
56 71
49 108
104 14
75 81
18 40
98 96
18 1
163 69
113 11
136 23
21 100
71 9
138 131
93 16
58 125
92 141
54 168
79 157
40 153
97 57
51 53
153 97
82 5
165 25
16 159
75 64
89 4
73 57
135 24
100 51
148 50
22 61
76 129
76 115
140 3
31 22
84 14
118 165
46 141
48 89
131 123
153 78
154 56
163 147
107 93
28 113
2 78
4 77
37 80
51 7
110 81
56 24
122 32
47 167
4 95
87 162
76 70
98 60
153 91
38 90
43 93
33 72
1 65
148 37
3 29
72 112
137 155
164 89
18 69
115 49
163 32
69 97
129 166
157 112
116 53
60 17
145 120
88 146
15 94
41 45
123 140
157 118
126 10
38 143
78 152
50 100
42 118
27 1
142 42
140 88
94 30
104 98
8 50
102 51
144 142
95 125
141 110
73 97
119 110
98 56
120 147
155 161
95 40
20 95
82 159
14 34
47 145
131 83
26 63
133 28
64 86
152 35
27 55
159 145
24 87
31 143
92 44
163 45
84 13
139 24
31 11
57 77
156 19
159 40
109 150
67 3
67 49
65 93
131 54
96 154
168 155
156 118
29 149
162 140
20 132
163 50
1 51
127 156
97 144
54 64
153 148
67 50
27 159
1 17
44 96
1 70
109 15
19 166
163 11
136 14
1 158
91 30
39 48
44 163
51 98
57 34
76 151
111 131
141 111
147 43
65 6
140 5
21 158
1 42
28 164
83 56
152 5
85 49
80 129
42 158
85 127
50 160
136 160
149 135
129 154
8 25
160 7
57 39
164 57
108 50
51 22
134 34
54 49
82 133
36 152
150 120
137 30
139 103
21 118
69 8
103 104
32 121
110 88
18 133
3 125
13 82
5 146
143 58
54 83
50 89
65 30
68 60
87 37
163 135
154 62
143 115
24 33
66 134
149 83
125 151
67 165
91 99
1 64
16 54
147 65
1 70
122 68
130 67
104 151
33 117
71 6
62 94
66 156
86 45
97 69
55 163
65 145
93 65
40 108
146 45
31 146
142 11
73 130
77 35
111 109
151 40
142 72
162 67
58 78
111 154
147 165
7 70
169 99
134 67
65 110
139 123
114 111
133 45
72 68
80 41
36 89
109 8
160 101
102 76
9 44
89 14
67 95
83 66
52 75
160 144
43 129
97 157
71 88
32 1
155 139
69 21
59 8
57 77
108 158
12 145
60 100
17 127
53 100
51 104
33 42
78 76
1 33
91 99
120 150
99 105
120 168
154 37
34 41
141 142
57 152
145 117
110 161
74 162
119 152
124 152
24 60
86 53
92 7
151 42
156 81
6 106
107 159
1 168
30 142
140 86
152 143
61 121
135 162
113 112
145 96
122 168
155 38
79 78
44 61
119 31
169 124
164 106
141 165
104 1
165 103
115 6
104 6
126 97
168 98
40 2
24 161
28 9
30 107
114 73
167 92
131 166
74 126
130 46
149 92
46 144
53 19
149 157
53 106
84 79
34 151
80 85
2 107
121 31
44 66
131 69
157 121
93 61
77 53
106 56
4 11
58 56
57 37
71 109
1 14
46 62
164 125
146 165
91 98
54 162
22 44
62 37
164 13
97 71
66 62
154 69
100 42
152 156
106 54
124 107
67 169
168 89
153 4
113 102
129 166
94 150
40 14
45 34
27 141
132 120
61 116
19 16
29 6
122 82
157 87
7 15
113 124
167 116
67 99
103 63
52 111
131 93
155 23
119 155
155 69
46 129
115 65
145 3
98 125
84 113
42 119
127 154
73 153
101 139
110 62
60 161
4 49
85 158
72 62
143 57
159 48
44 132
140 19
134 96
2 77
39 43
26 24
28 126
7 156
95 117
48 13
136 79
62 79
96 133
169 69
48 158
144 119
148 142
166 113
68 167
20 134
41 73
158 96
29 23
82 151
167 157
163 134
67 83
71 162
46 70
89 121
86 92
71 65
92 67
36 160
64 83
152 132
155 168
58 42
22 167
23 19
14 44
11 108
127 110
128 31
38 75
152 124
166 81
47 89
6 82
107 97
164 117
60 149
116 145
49 137
2 71
14 15
142 53
122 99
162 80
130 30
154 140
12 10
79 58
126 84
139 63
39 133
10 98
140 153
102 19
120 103
117 162
117 90
45 69
47 65
7 122
19 5
134 28
83 22
153 25
20 74
64 11
112 20
151 95
121 28
74 82
4 66
29 93
138 125
139 61
159 5
13 9
37 5
36 148
55 48
31 74
121 94
112 63
142 93
158 121
149 90
34 152
155 90
103 151
74 100
42 63
132 82
71 169
115 135
6 169
13 36
101 161
130 43
55 130
164 71
81 2
160 114
153 4
35 114
13 108
44 82
29 7
163 100
34 136
93 39
135 105
74 94
124 62
137 9
22 159
107 103
160 125
75 2
128 137
115 168
103 17
80 132
51 102
90 84
68 13
150 62
145 83
155 99
144 150
136 25
167 101
127 157
57 60
158 43
56 131
42 158
148 149
120 29
81 68
141 149
108 121
69 83
34 82
41 37
63 35
61 60
135 46
76 50
105 64
121 160
26 21
8 32
169 155
60 81
54 31
88 161
11 15
103 72
96 143
108 158
36 168
77 29
44 152
79 8
74 58
26 127
78 33
158 77
19 77
16 100
135 131
91 145
145 24
76 72
25 14
88 41
23 117
112 33
26 147
107 83
4 92
19 64
81 95
110 16
139 40
150 100
159 154
104 41
60 6
94 101
121 12
141 144
128 84
35 12
89 169
122 92
92 140
15 31
94 124
46 63
23 26
21 12
38 124
52 97
157 4
29 109
16 28
111 2
139 145
14 59
145 135
9 95
134 23
125 58
147 1
148 169
54 168
39 92
123 118
47 110
122 103
77 165
159 46
166 128
22 10
45 25
4 54
119 137
76 74
53 81
102 31
108 14
57 5
105 10
123 11
148 103
113 83
98 130
129 94
89 9
132 133
33 163
45 10
158 149
83 41
60 43
99 27
56 155
31 20
24 153
58 30
114 29
112 42
159 99
164 78
107 154
69 139
147 114
148 135
121 89
34 11
159 132
37 46
117 96
93 168
107 150
28 52
9 140
121 167
97 115
103 35
127 31
32 132
3 39
97 123
127 158
133 145
120 29
49 96
152 141
94 89
149 122
140 16
120 92
42 47
65 3
109 23
33 141
154 35
10 110
157 164
98 149
139 77
36 18
31 46
17 124
134 24
104 105
40 82
55 109
157 147
111 96
169 144
67 13
37 104
150 53
99 106
60 96
13 123
142 43
168 158
26 132
41 157
95 80
70 8
19 57
155 129
11 13
131 78
25 168
40 5
79 138
111 138
93 151
91 65
53 89
81 78
79 121
93 5
59 162
40 105
77 25
65 88
38 54
24 90
80 63
95 158
60 64
126 152
73 75
75 125
22 155
61 129
135 154
161 24
146 31
129 82
56 52
28 121
105 51
41 44
141 163
32 31
57 17
41 158
119 115
113 141
129 5
100 94
17 91
117 21
149 104
102 35
155 129
155 119
38 55
162 38
48 24
96 133
68 137
121 18
110 64
17 69
96 144
21 112
93 166
161 72
100 93
135 114
81 148
63 146
33 55
14 81
106 110
44 33
105 164
78 45
86 94
142 41
96 162
11 19
158 2
90 89
95 83
61 34
62 123
10 94
36 52
33 169
161 76
32 124
98 137
168 43
61 168
83 156
161 93
33 8
95 151
124 48
64 15
109 125
165 146
78 31
28 138
59 47
45 90
1 86
169 43
146 26
153 161
17 77
24 53
30 5
7 105
69 50
72 52
45 48
157 76
76 126
134 122
29 82
123 57
167 150
100 3
6 83
22 51
18 45
103 75
78 137
10 5
45 81
84 90
129 72
24 63
56 16
15 112
125 137
168 151
145 98
153 151
40 5
60 57
77 21
160 154
157 169
158 33
109 73
150 96
3 4
158 86
19 31
28 143
27 26
124 2
152 135
11 50
167 70
134 75
90 124
87 106
152 104
138 91
35 118
45 37
149 33
122 26
91 149
27 117
33 10
119 43
144 129
92 1
58 57
103 147
39 20
83 21
123 79
139 157
55 14
52 34
74 32
59 165
39 86
112 72
95 61
142 97
49 65
97 106
149 30
111 18
78 25
39 59
103 8
75 17
50 126
50 123
158 137
118 55
81 61
126 34
149 127
130 56
22 86
161 29
143 103
46 79
155 112
138 116
148 43
132 28
27 13
9 43
8 127
98 88
46 82
121 53
39 109
109 88
53 128
116 27
61 21
105 74
160 101
21 138
2 152
24 57
23 33
127 58
18 83
145 63
165 124
115 62
92 82
9 144
41 152
29 129
3 162
34 22
93 54
18 95
64 42
10 115
102 136
3 119
50 7
40 73
158 154
162 80
95 1
83 135
153 111
94 14
103 127
35 55
39 53
8 103
122 17
48 54
152 78
31 60
84 70
132 73
82 125
11 7
153 93
141 164
35 66
37 165
51 99
50 90
151 57
51 131
73 126
43 84
34 73
143 146
1 134
49 83
89 87
117 100
11 117
95 73
41 159
68 91
88 118
39 98
33 89
59 106
45 130
48 107
33 21
83 62
154 159
144 101
76 119
60 114
66 13
17 106
2 85
28 89
61 66
17 93
14 104
57 86
64 104
23 124
125 105
16 137
122 18
97 57
137 156
1 33
168 18
167 169
130 53
116 49
146 133
141 159
95 29
76 158
160 126
112 115
90 128
111 42
145 38
98 140
24 127
32 22
144 29
49 132
81 164
11 85
155 10
75 80
38 9
68 29
134 39
2 54
25 140
124 28
8 52
168 31
37 30
80 11
86 156
1 25
10 11
109 164
21 42
103 86
50 29
142 43
67 3
124 91
142 78
147 150
158 145
39 25
33 147
64 118
161 92
1 103
109 24
151 10
126 95
87 13
68 129
80 98
112 29
70 48
6 78
36 9
145 89
41 122
11 17
113 102
17 142
63 154
165 44
163 149
167 80
161 93
68 99
21 10
128 118
57 161
27 121
29 2
68 69
151 78
114 94
10 130
94 73
142 89
144 135
96 141
74 88
64 141
17 112
9 3
61 93
23 115
72 51
116 139
147 97
75 91
49 85
80 143
16 52
90 18
46 17
18 119
132 109
118 7
52 154
38 140
105 88
85 8
138 59
5 115
14 80
65 90
23 144
91 66
54 12
83 99
56 100
76 46
68 52
52 119
36 117
117 169
35 60
7 31
118 39
146 131
118 69
79 140
71 1
36 124
40 147
82 123
105 157
168 3
40 78
149 103
26 96
130 88
155 164
119 131
34 123
120 151
22 30
150 92
30 44
74 97
21 155
50 154
143 48
156 41
153 136
2 37
90 160
125 104
154 102
65 18
55 44
28 104
73 8
54 130
51 127
57 100
141 134
84 142
40 98
41 23
92 42
88 41
60 71
144 45
3 67
62 85
110 89
19 41
124 100
29 34
85 113
133 56
77 75
28 116
31 68
167 123
138 85
163 28
155 165
72 16
90 162
100 31
109 146
99 64
76 128
97 160
71 88
75 148
21 102
122 51
29 119
32 166
62 53
52 75
48 152
90 166
144 48
27 83
24 153
146 127
111 101
146 41
19 51
47 39
11 168
118 39
146 149
63 66
33 115
141 108
97 89
132 71
137 17
12 19
1 17
146 139
117 122
10 164
31 56
61 41
83 9
108 59
17 1
124 77
115 123
15 42
71 147
140 38
22 11
84 22
27 60
161 2
40 1
24 70
85 139
167 93
77 56
109 77
38 16
51 20
59 120
90 64
119 155
85 129
69 107
14 157
126 43
27 154
67 125
69 151
94 66
102 29
149 42
105 46
85 155
93 2
134 13
65 83
26 9
42 94
143 83
81 99
125 136
111 50
91 11
31 43
104 133
71 112
33 34
16 117
48 108
119 12
148 42
94 4
50 163
125 23
76 65
149 59
31 91
109 121
129 139
22 63
130 92
33 162
125 48
138 31
14 115
42 161
156 135
23 65
156 148
115 62
43 95
149 101
44 88
80 31
85 101
93 74
23 154
94 6
60 62
37 74
7 106
65 22
100 116
86 122
59 7
23 12
155 123
55 101
33 113
16 133
37 89
14 49
14 19
108 103
83 12
138 20
105 159
119 51
103 63
31 20
69 53
32 54
6 114
154 66
58 29
29 122
145 42
1 17
88 108
120 30
148 116
77 83
133 26
161 94
116 50
113 16
102 144
97 135
89 82
31 5
138 59
126 113
128 126
158 74
92 136
103 98
82 10
39 45
63 58
166 10
107 109
25 39
112 121
32 31
61 62
63 57
148 19
29 106
3 17
11 122
152 113
51 64
151 89
136 44
147 132
53 84
99 105
151 41
57 13
99 145
103 161
33 81
10 61
46 12
77 56
134 87
27 15
9 8
131 144
52 108
134 132
51 63
68 60
104 152
100 33
127 33
25 18
142 62
106 18
102 41
101 66
127 155
108 135
163 97
137 73
64 129
63 114
23 130
32 154
112 131
45 98
23 69
143 23
159 80
40 91
120 168
15 78
153 150
71 5
77 67
105 140
26 168
84 48
156 143
60 127
133 105
55 14
32 56
36 21
135 103
139 86
101 153
22 112
133 120
145 41
17 80
11 71
106 123
146 93
124 37
50 87
141 132
100 31
18 135
80 12
96 49
125 55
33 5
167 24
124 142
64 169
80 103
70 17
84 46
109 38
82 17
125 81
7 83
140 52
77 50
63 3
126 18
58 158
50 55
41 5
55 104
32 134
65 101
9 148
5 145
45 115
161 169
54 26
110 24
78 17
101 168
20 58
45 77
74 94
159 114
126 72
77 16
64 141
144 73
148 149
48 23
122 68
50 6
93 159
58 29
7 158
28 54
46 100
158 148
24 6
92 9
77 168
24 140
168 43
5 147
119 27
99 17
76 132
109 93
20 166
127 37
24 11
82 151
27 88
5 32
11 41
136 37
65 107
63 8
67 68
154 93
25 1
27 156
138 148
35 134
105 71
16 144
11 166
1 99
29 33
137 70
168 32
134 133
95 55
169 161
150 153
113 5
13 167
19 150
145 81
142 81
151 16
55 162
40 83
119 68
115 86
165 142
117 157
133 70
70 160
62 50
3 33
82 15
30 101
23 6
40 23
114 22
38 27
42 77
109 19
3 83
132 27
83 79
42 46
8 112
65 69
161 67
129 74
81 158
33 103
22 72
125 135
121 21
20 21
125 129
39 155
70 1
12 152
108 54
56 115
165 120
42 15
17 1
116 97
17 7
58 67
79 41
60 58
61 80
107 16
67 145
30 136
5 41
118 140
122 4
113 145
124 154
160 168
13 134
96 57
141 12
123 78
53 14
135 113
121 72
157 18
76 17
153 108
85 129
78 38
160 21
41 142
33 31
141 45
165 95
129 136
106 83
44 158
124 37
130 75
137 145
92 71
161 103
9 104
90 86
141 80
134 13
53 166
71 24
69 94
146 28
88 82
138 159
71 120
55 59
25 22
34 144
120 53
105 128
156 25
72 156
105 36
27 16
60 97
67 128
50 43
14 165
124 11
155 53
130 40
139 155
89 3
157 39
55 93
25 42
145 96
28 80
131 82
123 21
37 20
7 86
90 20
82 45
30 95
125 19
162 95
32 109
125 19
147 11
139 30
80 115
125 135
53 114
47 7
134 83
54 168
28 144
18 137
47 76
62 2
94 54
124 125
21 80
2 26
118 141
55 56
86 10
21 166
123 95
3 115
8 57
113 63
31 158
30 77
92 91
106 44
3 89
