541 4275
103 335
501 184
387 267
309 437
440 409
188 202
487 540
90 14
99 85
244 135
482 101
125 441
246 430
471 18
71 51
201 336
7 323
519 393
49 449
288 488
316 476
312 261
96 401
275 357
108 140
491 48
403 237
110 107
125 202
288 196
416 110
531 422
432 131
437 102
38 346
212 354
280 523
236 375
4 510
190 111
271 302
321 133
538 53
402 285
254 148
480 128
420 91
172 474
221 67
34 422
412 408
234 314
389 91
310 15
60 122
125 493
45 68
84 42
120 486
489 373
255 427
123 134
139 457
229 360
523 425
240 15
292 95
491 139
185 260
153 407
3 441
359 47
130 442
251 249
386 198
243 100
83 365
396 385
280 83
203 424
507 64
61 257
158 10
18 505
432 333
534 56
395 351
103 524
414 353
231 422
10 96
143 255
460 538
98 362
242 463
407 370
526 89
86 305
99 266
432 152
220 424
208 74
396 473
219 268
284 72
148 456
167 290
333 248
449 430
231 312
515 97
141 121
185 389
48 446
276 479
220 495
524 49
190 378
521 31
104 263
102 415
341 431
326 132
137 397
183 368
167 156
86 307
440 433
317 487
501 51
46 179
5 28
227 357
405 369
387 130
253 110
3 52
540 492
183 136
347 529
125 513
306 373
442 204
264 217
149 223
268 194
23 435
221 412
413 247
239 422
377 492
531 1
2 530
492 348
287 297
335 33
432 262
405 332
466 290
170 73
135 437
430 320
493 272
191 365
141 51
408 517
1 397
139 166
385 90
135 293
8 91
488 439
352 514
392 276
263 21
512 19
79 22
501 194
456 150
180 55
364 46
193 527
442 332
151 449
43 448
363 213
538 310
274 512
282 124
409 166
307 1
347 8
22 307
201 100
456 2
154 441
47 347
427 110
300 36
180 342
106 2
13 265
474 286
235 214
32 266
380 501
266 185
508 451
113 330
9 191
331 325
90 540
293 516
272 51
11 451
14 279
74 190
2 6
475 400
220 128
124 221
88 11
27 217
461 140
6 91
330 499
38 419
120 330
16 391
3 26
463 16
467 537
205 468
164 302
489 5
51 71
225 138
82 415
355 164
176 523
418 127
102 455
167 221
406 182
70 408
370 155
424 295
150 250
385 313
173 332
481 224
25 327
524 106
200 500
432 538
481 308
286 42
384 453
425 249
256 117
278 248
271 323
1 42
32 7
517 367
339 456
49 526
242 32
90 63
153 143
60 93
73 345
297 78
419 180
326 297
296 226
3 25
7 166
229 201
336 205
27 133
119 238
117 360
269 369
423 44
133 482
136 205
448 54
283 489
396 230
244 314
77 409
338 84
196 26
284 531
393 473
285 511
170 23
330 60
391 211
103 146
314 401
513 383
454 417
330 309
106 195
81 182
225 40
428 421
228 334
410 79
265 154
212 434
176 541
494 189
373 218
334 145
78 468
149 531
344 101
461 449
458 163
252 142
366 302
184 215
94 215
457 358
368 127
414 166
126 529
517 120
205 472
427 282
398 34
435 200
134 517
270 51
302 144
355 289
445 538
503 160
211 418
139 201
166 11
529 291
161 504
32 366
434 458
269 290
492 325
112 84
464 381
297 224
524 273
134 49
432 95
208 102
135 347
465 300
357 452
213 140
36 244
505 469
161 395
380 111
342 113
357 264
494 276
109 98
7 242
147 61
499 354
325 92
322 248
392 138
321 63
440 356
469 403
446 88
419 447
361 219
19 340
482 134
237 212
231 406
75 540
466 33
353 249
124 133
496 137
433 438
362 331
415 290
355 319
540 396
388 360
73 28
321 177
324 16
388 13
421 85
175 346
117 149
53 240
444 171
377 499
67 197
451 482
108 265
422 107
119 431
88 354
80 408
530 403
45 540
38 465
83 212
432 362
360 107
60 262
277 58
219 506
418 129
68 525
15 112
90 296
1 340
271 81
206 423
105 250
421 142
337 125
353 227
486 171
496 167
55 231
388 436
359 264
186 426
410 363
159 122
280 323
461 10
403 289
432 129
160 474
271 496
220 82
345 327
416 299
493 92
152 502
527 510
224 335
16 256
156 175
377 436
119 459
67 143
206 498
271 366
52 541
483 271
82 449
56 119
370 170
210 143
131 358
274 517
151 289
231 470
85 66
527 203
147 52
345 352
171 75
339 222
237 281
492 318
351 169
58 179
338 267
321 468
247 216
444 19
505 296
488 211
525 473
36 130
146 2
103 316
239 442
159 476
344 272
415 153
440 473
495 400
361 437
326 66
112 391
85 238
309 31
70 292
126 105
43 271
270 145
209 508
45 367
64 388
261 479
163 159
410 116
17 229
174 506
458 285
518 1
144 285
194 214
35 482
318 240
375 209
385 205
176 429
193 402
439 453
339 60
71 370
338 250
221 511
214 137
418 191
300 20
97 115
233 295
56 173
534 52
381 377
256 178
265 448
39 325
360 540
384 52
369 180
301 48
312 515
347 188
327 105
371 45
382 62
339 59
397 332
110 400
330 365
199 216
272 400
540 253
399 382
304 389
183 63
58 495
199 404
304 147
130 133
192 511
358 152
29 213
105 138
234 435
125 433
109 18
454 271
270 311
111 195
321 457
257 378
32 78
240 335
224 532
90 37
502 447
189 152
281 456
452 515
349 198
28 80
215 481
350 106
414 82
300 193
160 179
30 191
256 432
148 101
423 237
138 5
305 489
319 44
25 229
180 374
427 370
75 263
310 46
369 345
290 537
450 468
188 262
182 79
409 446
123 267
205 290
30 315
67 237
339 458
38 334
506 408
408 228
339 75
218 305
365 507
300 436
434 110
156 237
351 187
141 473
75 345
384 268
118 450
504 457
366 163
249 331
192 279
180 152
353 397
456 176
362 378
70 417
487 389
113 296
34 253
390 108
220 232
375 337
303 500
415 290
285 123
79 476
401 421
87 375
276 164
10 260
541 242
135 486
89 410
403 285
285 414
15 504
267 11
462 28
133 336
481 417
80 181
514 102
61 222
476 336
386 107
217 385
512 515
493 222
5 517
507 289
390 143
414 278
316 498
469 448
455 408
486 156
47 459
257 107
302 354
65 146
83 444
153 53
417 267
274 422
405 402
332 416
166 368
153 482
324 80
388 237
487 496
392 155
35 270
262 336
82 489
482 164
391 256
379 267
522 112
310 385
135 100
260 301
89 34
241 412
113 250
107 221
204 120
375 238
389 258
33 93
205 136
419 55
13 257
484 156
531 252
162 124
514 43
424 62
76 286
95 351
536 365
193 198
484 190
58 495
447 253
46 111
10 86
328 22
505 270
177 494
143 338
240 278
381 285
502 78
30 56
429 24
420 80
384 525
269 63
478 338
315 145
70 324
231 397
508 194
288 143
310 52
103 8
492 483
292 453
182 484
130 69
507 171
312 513
154 202
34 254
539 512
398 67
294 250
85 424
66 535
25 375
45 127
4 159
231 458
70 35
401 362
103 366
532 36
500 307
238 534
19 398
504 417
87 419
125 171
301 190
328 489
186 372
237 189
152 90
106 221
124 128
204 389
115 194
425 74
501 284
66 141
303 191
16 389
231 304
182 154
115 509
264 301
502 500
111 113
211 379
496 334
506 159
345 80
515 391
153 474
133 381
237 435
193 252
446 45
177 86
198 455
53 461
377 176
42 487
288 415
488 243
208 74
23 174
153 537
23 468
92 318
470 328
211 121
38 278
329 378
363 526
291 37
68 126
213 272
234 122
145 180
527 515
254 8
147 28
4 169
118 95
486 46
422 319
330 81
55 117
458 40
264 370
239 494
117 451
224 351
195 369
152 180
342 27
188 489
218 354
279 335
448 387
2 491
164 494
30 381
232 110
42 496
479 281
448 55
353 294
27 6
121 178
186 84
368 536
194 44
348 473
378 417
318 1
529 103
495 17
105 185
289 147
302 390
49 372
66 401
124 92
407 432
214 490
258 371
143 301
340 237
300 378
176 301
365 441
417 381
4 223
292 313
147 140
524 140
205 384
426 459
412 291
349 84
402 229
76 166
151 415
402 451
251 199
373 74
98 411
76 265
92 367
199 401
506 182
540 332
24 424
412 435
173 220
140 197
70 378
362 220
251 223
292 123
43 286
196 141
155 434
405 410
260 225
269 387
406 268
341 429
313 211
485 486
52 246
304 121
82 124
504 495
509 254
76 11
540 434
151 316
327 177
184 208
401 453
53 429
342 15
316 113
226 423
220 440
290 523
20 535
106 523
488 236
398 186
246 18
78 18
334 26
357 517
233 217
50 449
104 391
463 41
126 310
85 345
209 538
490 391
531 217
535 99
452 391
284 157
409 525
337 201
9 153
339 242
532 389
149 257
401 233
460 526
2 167
493 373
163 441
222 315
116 215
413 189
64 156
345 94
139 304
457 147
456 255
10 68
265 158
324 287
391 405
435 14
30 386
386 192
448 229
506 185
443 541
373 128
155 340
385 456
102 300
224 179
176 234
246 440
13 191
349 403
217 242
38 247
86 45
60 155
273 188
339 174
187 170
465 504
509 308
40 232
66 263
410 405
118 277
466 131
89 273
155 306
514 193
174 221
237 233
375 132
42 335
468 391
505 391
353 94
320 14
326 8
440 357
412 16
93 336
146 344
68 301
108 203
115 281
424 514
136 420
104 177
214 31
27 340
43 1
433 363
178 380
370 76
196 403
91 451
197 237
416 427
159 524
89 273
426 134
408 20
175 512
360 388
164 8
186 206
171 241
190 348
79 181
423 437
42 136
509 402
372 384
287 152
529 538
46 413
293 453
55 468
423 36
477 45
206 285
414 376
525 225
346 225
406 227
284 69
525 251
470 518
256 379
128 243
375 173
278 290
85 332
379 129
530 314
174 194
57 209
28 203
55 373
50 460
222 333
529 205
205 79
182 461
457 472
325 454
104 61
202 188
392 39
316 380
515 111
32 194
482 223
18 537
217 67
77 438
21 227
265 389
306 68
308 384
539 254
296 264
315 119
451 328
320 389
330 294
121 524
109 225
205 126
383 422
356 459
481 376
308 367
223 235
434 152
77 54
406 536
317 179
113 390
128 433
400 457
348 142
440 78
366 266
366 370
309 180
451 412
15 217
237 400
451 293
174 527
509 38
521 284
379 256
295 506
310 153
44 279
295 105
356 282
370 180
111 301
523 20
171 159
236 29
17 308
484 190
456 451
390 436
357 390
313 110
518 81
263 20
522 179
124 336
460 115
137 192
415 118
211 207
276 68
236 456
375 341
267 290
251 279
347 229
127 118
338 103
361 222
285 341
400 30
298 482
145 56
132 181
174 343
388 71
32 245
148 407
44 415
155 457
152 123
144 441
403 104
166 222
325 450
184 347
480 481
287 246
536 40
426 331
4 435
24 36
138 171
442 345
207 218
260 358
503 26
421 364
129 45
44 75
116 227
421 217
329 462
323 369
510 276
372 403
299 29
163 469
92 129
135 309
10 114
270 35
156 92
326 200
298 401
479 146
280 154
474 68
75 419
58 206
153 51
230 451
80 392
541 171
520 297
102 530
411 534
186 25
248 512
388 4
534 325
150 272
478 245
502 174
122 181
379 437
232 68
346 474
81 509
103 223
264 367
374 296
360 18
321 66
151 330
232 143
113 3
37 212
248 160
8 532
341 8
428 194
75 232
126 319
362 391
541 85
217 536
380 198
175 322
263 326
110 494
90 385
119 126
219 366
449 226
356 248
233 242
63 471
96 188
248 457
200 410
163 38
404 2
235 37
486 119
525 218
235 74
61 353
362 279
340 269
504 154
138 359
18 200
288 276
9 535
354 372
25 517
409 50
140 266
86 84
384 233
464 240
469 525
51 289
425 390
180 10
166 480
368 346
302 114
80 473
270 433
303 457
30 334
506 332
221 213
416 226
445 501
466 372
484 138
283 531
150 84
540 315
185 366
282 486
101 524
40 533
415 342
448 67
297 412
398 517
83 435
365 150
395 289
143 500
48 47
489 197
293 487
133 478
474 414
44 33
396 83
24 433
47 471
121 343
504 518
482 209
34 305
358 428
215 122
8 262
332 497
81 83
442 213
19 538
249 63
29 266
145 216
320 191
145 440
156 271
39 259
479 72
185 458
121 21
201 128
282 532
83 525
74 147
197 92
143 67
317 334
332 84
8 111
437 316
172 51
45 210
472 145
444 115
61 23
135 261
314 39
252 18
22 488
327 381
201 469
69 518
425 401
223 54
133 118
369 467
332 35
136 262
179 38
377 402
224 133
285 537
171 158
13 193
267 503
195 467
52 264
443 476
286 287
530 40
405 520
506 195
14 100
456 355
301 454
379 146
46 285
141 216
442 316
30 167
277 225
255 329
110 320
426 395
65 414
434 469
393 398
285 28
120 200
382 42
275 219
187 320
125 490
158 25
264 350
354 163
196 231
113 305
9 538
321 73
33 213
1 47
233 285
74 515
106 77
15 381
459 201
322 42
149 101
230 34
451 205
359 105
435 471
32 443
90 352
516 285
24 516
331 419
422 404
392 150
102 406
152 19
228 473
61 539
196 290
31 105
494 12
372 388
104 403
452 193
377 426
477 22
22 429
440 444
454 290
215 15
317 366
33 3
460 256
541 114
167 193
381 283
367 212
292 471
236 202
285 71
87 384
92 271
271 153
173 184
442 9
198 380
374 393
382 293
271 3
28 59
359 409
341 184
242 254
113 99
456 398
333 164
240 424
434 510
199 229
315 99
237 134
479 70
149 482
525 419
485 174
477 465
41 440
107 445
152 220
3 66
239 335
229 478
380 285
68 37
513 5
299 208
138 399
440 286
339 45
163 445
219 262
368 422
160 475
326 311
316 491
540 13
284 390
112 285
133 342
322 267
346 79
97 484
477 536
228 437
203 13
341 43
274 330
464 55
263 411
365 200
360 526
212 102
375 323
387 129
287 330
396 91
30 492
33 128
108 424
23 310
436 526
352 168
315 438
222 199
307 208
399 289
193 69
12 189
14 398
317 300
349 171
390 378
121 45
505 392
468 150
160 362
134 151
448 193
535 106
121 364
504 409
15 194
421 366
207 440
142 128
248 475
140 247
55 184
374 68
273 523
227 256
115 523
406 185
337 21
453 458
384 415
325 21
230 367
386 59
266 527
186 135
461 488
381 137
293 213
204 24
357 52
279 94
197 306
278 533
489 189
449 332
225 396
352 454
221 359
134 486
508 483
79 427
429 82
185 181
457 10
367 273
224 268
529 420
195 265
412 143
75 482
96 462
336 69
537 179
427 130
123 393
71 365
441 499
68 84
301 146
256 290
40 480
16 27
521 210
454 391
352 528
495 69
70 452
137 66
89 23
358 375
415 428
361 478
7 50
20 471
195 439
219 235
377 234
261 356
65 174
369 39
323 485
107 393
395 244
80 106
266 437
102 302
323 84
238 492
133 421
421 327
318 98
183 316
494 444
130 18
239 120
56 183
63 162
34 80
27 113
348 455
8 449
216 493
154 75
66 286
117 486
234 56
206 39
371 321
104 123
338 342
242 15
524 468
340 180
6 366
455 516
443 463
423 280
36 198
354 101
483 93
209 338
148 414
376 141
356 479
263 316
442 126
330 47
215 291
226 383
279 139
357 180
223 401
459 422
57 434
522 539
526 189
499 296
224 496
436 202
434 320
517 497
67 468
2 282
381 227
123 118
529 480
460 210
339 540
90 18
54 234
178 39
44 135
497 431
253 13
91 145
332 66
263 398
155 265
301 535
113 424
274 100
525 192
473 485
353 184
502 407
39 139
67 83
436 22
135 147
34 225
454 528
453 176
6 229
62 307
223 174
189 496
437 335
310 531
278 121
336 402
527 375
162 52
79 56
236 213
366 432
59 441
418 133
75 424
361 299
189 42
95 540
160 153
496 469
142 395
211 477
255 197
473 38
411 10
257 269
222 81
159 443
521 199
34 218
81 395
138 432
58 232
52 217
384 169
307 147
22 518
246 440
336 177
477 368
187 192
95 30
435 417
473 37
74 128
417 317
522 13
370 39
245 43
418 250
211 347
397 232
323 101
130 280
440 229
269 85
42 527
278 477
402 372
135 97
499 10
413 102
22 404
140 429
446 179
301 115
525 156
509 469
419 261
370 317
111 98
24 152
246 464
250 106
294 384
365 414
15 399
515 200
261 276
87 328
455 387
64 60
164 31
529 204
454 520
143 23
76 166
175 484
251 46
211 166
430 34
38 444
432 12
102 314
450 352
263 363
360 326
45 524
520 195
349 432
173 491
77 412
115 251
354 528
296 24
152 347
220 190
413 111
364 136
46 272
487 309
257 469
256 301
73 234
495 421
288 289
371 364
159 107
236 135
94 153
158 245
500 377
56 371
109 419
128 318
150 74
248 28
1 125
328 73
359 444
115 268
354 485
90 135
51 488
269 307
99 48
10 220
46 229
212 155
106 340
94 418
413 504
445 35
87 394
270 445
459 384
334 272
491 45
406 163
532 296
469 253
343 100
472 388
328 143
164 434
482 420
473 516
382 377
172 469
392 63
535 310
68 328
203 17
372 230
179 526
147 269
237 489
369 330
498 155
472 284
210 34
162 142
171 3
140 342
471 153
26 464
84 94
413 449
110 407
137 452
391 446
179 249
15 6
37 513
324 131
418 155
164 38
459 498
40 220
298 132
373 324
218 456
39 89
364 311
495 122
221 344
190 22
214 204
190 414
338 513
3 214
127 329
252 207
285 454
427 205
208 258
150 425
335 188
513 320
498 467
64 341
432 253
362 105
456 10
518 253
145 142
466 271
92 339
477 377
415 525
203 81
241 352
505 198
161 476
517 280
23 39
79 455
454 440
181 369
72 320
243 216
83 330
108 174
128 206
9 164
190 374
244 430
184 370
86 507
304 225
246 490
263 324
25 176
386 368
166 457
146 408
294 228
359 401
401 486
65 32
271 254
405 514
306 211
342 13
339 268
237 43
379 122
530 403
460 374
229 247
452 537
276 204
386 93
226 408
201 290
61 471
166 88
66 93
461 407
268 258
296 127
301 133
248 289
535 329
284 385
197 357
2 472
182 9
23 407
417 386
318 99
316 105
186 381
360 105
409 87
526 164
213 285
459 82
195 75
32 100
459 228
78 83
158 259
91 343
287 129
188 226
391 125
331 35
127 149
303 535
398 287
320 232
193 238
313 9
312 344
108 392
193 348
474 350
65 187
315 514
478 502
198 327
85 528
362 211
299 286
367 155
194 146
9 386
5 321
16 316
287 286
166 479
92 262
451 156
448 224
128 6
184 325
333 431
475 316
263 395
60 251
171 416
18 179
260 22
500 275
337 408
19 125
345 110
386 417
428 455
99 177
460 445
123 251
497 219
188 381
72 410
91 243
284 108
43 165
130 1
439 88
30 79
212 538
351 56
413 400
510 512
198 51
37 484
464 534
161 111
536 396
520 85
260 263
356 302
49 107
466 488
194 495
188 406
113 161
83 526
19 215
118 380
265 154
322 350
309 104
460 304
499 61
10 380
486 528
141 534
93 228
102 287
344 290
314 457
72 396
441 90
69 180
91 496
496 412
305 264
516 386
189 95
446 361
475 390
348 237
5 440
464 106
348 266
17 120
181 88
138 243
341 369
422 431
487 377
302 250
262 439
94 450
155 162
432 251
173 238
487 177
300 31
283 106
460 299
389 99
387 148
505 186
516 385
238 461
383 539
332 103
58 48
174 376
209 65
85 381
465 194
180 223
387 462
492 305
219 502
404 227
108 367
34 245
373 272
328 215
432 118
317 112
328 113
487 158
177 193
161 100
8 340
486 395
260 58
158 100
181 183
327 451
8 523
154 3
253 103
217 144
384 155
418 170
267 363
328 65
177 488
328 185
286 435
38 167
492 195
266 294
378 214
203 7
196 519
172 70
81 10
376 464
165 252
255 53
236 41
118 413
150 67
56 57
501 256
223 73
72 111
366 71
324 190
241 141
167 412
374 410
422 208
495 208
82 209
423 317
412 162
188 21
228 406
240 187
283 463
422 355
195 246
425 140
57 124
281 224
158 276
92 38
483 46
408 186
417 289
503 287
451 312
470 137
177 169
487 81
253 530
435 447
235 482
45 291
64 488
136 221
222 391
421 327
58 450
134 474
198 95
382 270
407 311
28 205
101 514
285 353
503 342
421 359
282 87
271 508
34 29
188 418
419 230
366 98
139 500
193 499
216 33
227 81
506 254
448 65
390 355
39 514
155 81
494 58
168 386
24 364
414 374
240 454
226 228
173 364
349 365
484 23
398 332
267 525
44 336
49 55
149 250
190 466
331 142
523 498
150 169
320 185
1 181
98 226
30 433
211 378
257 153
23 276
484 289
259 150
83 307
367 395
179 16
482 509
320 464
87 469
254 28
113 254
371 373
480 401
264 312
400 142
87 422
417 29
332 135
341 415
63 330
268 241
345 208
371 286
293 457
377 5
106 111
422 477
483 523
499 368
293 520
510 379
401 385
30 191
141 533
227 204
321 116
66 287
487 437
195 401
515 30
28 80
140 449
178 244
52 298
233 344
276 201
345 298
208 537
111 348
150 337
173 93
453 239
1 398
297 195
420 433
387 447
134 148
354 311
13 405
230 246
371 506
68 337
425 438
332 535
408 103
331 39
195 405
440 196
424 358
12 302
250 399
208 383
168 183
316 181
210 4
48 39
131 115
375 15
12 328
8 419
52 501
79 247
364 519
64 246
335 75
170 43
95 540
48 263
181 363
65 390
366 112
50 497
226 46
133 400
373 140
277 425
100 356
293 85
496 356
494 452
52 122
117 310
120 164
31 463
148 258
312 513
369 524
90 216
29 222
75 401
525 514
447 246
491 361
330 67
338 282
519 390
403 94
321 144
420 514
66 26
230 540
160 220
522 413
435 9
256 509
32 239
104 100
484 53
83 273
120 420
176 260
431 201
516 210
344 394
182 31
41 33
192 363
252 173
234 146
344 490
276 538
350 379
260 456
54 342
350 336
383 525
54 273
184 28
104 150
43 286
180 246
481 372
67 192
166 301
500 131
412 234
291 220
235 9
297 451
350 105
245 191
252 461
85 57
110 189
206 315
96 8
19 35
1 85
389 329
385 347
459 418
40 208
260 437
379 15
346 187
283 212
541 534
294 84
49 403
435 418
176 530
425 357
187 425
441 34
212 448
381 292
324 42
122 42
478 500
57 445
309 339
115 308
494 30
13 1
432 70
418 229
221 301
44 407
347 106
63 180
12 65
472 336
269 215
377 205
173 55
271 481
15 7
410 508
36 45
509 89
114 7
317 334
471 523
363 439
87 425
78 99
111 171
56 379
385 54
205 179
109 475
282 123
103 150
253 138
194 220
389 470
389 327
426 318
308 247
216 16
293 456
277 403
85 332
403 91
386 66
269 116
162 172
401 264
322 112
23 137
494 411
229 342
359 113
281 125
359 118
303 110
32 39
134 279
533 536
532 377
223 423
114 384
53 515
269 537
85 291
296 38
323 524
1 140
95 281
427 75
399 188
347 52
389 480
494 381
96 106
379 318
528 493
323 203
466 50
361 172
340 115
209 284
97 209
45 191
112 471
428 132
280 233
346 128
334 461
508 429
26 345
368 175
459 149
540 383
198 360
14 159
474 385
442 30
216 486
383 327
37 270
80 317
124 425
66 458
345 195
345 533
539 335
166 457
483 165
461 140
524 96
298 78
481 362
107 155
469 112
103 506
3 182
444 126
228 509
42 31
162 9
185 322
343 351
400 284
137 320
45 282
37 343
359 517
326 88
293 253
199 17
217 364
198 119
489 48
249 531
78 410
161 426
354 503
235 212
245 534
153 453
274 190
254 328
201 341
243 453
161 259
292 524
79 32
94 126
281 246
366 149
406 250
124 367
106 336
233 98
110 144
534 299
19 410
249 219
372 491
294 533
208 44
137 449
75 393
33 355
97 399
126 502
270 412
327 376
206 182
95 316
488 88
236 129
497 484
347 327
55 262
481 426
468 240
333 2
91 529
519 188
386 266
311 277
137 97
111 505
441 206
442 387
456 137
515 33
242 484
359 460
367 462
344 294
160 298
458 413
285 435
222 292
323 533
28 81
251 138
44 150
506 486
158 42
244 295
74 107
400 55
25 225
516 531
518 297
288 434
331 31
491 12
323 435
3 350
515 416
109 180
24 237
287 344
278 152
97 352
259 496
406 446
343 2
436 482
298 345
375 250
375 487
261 319
2 426
290 138
300 399
317 323
257 226
289 534
377 7
507 257
125 534
162 467
535 219
407 454
22 403
163 18
511 423
500 512
308 248
108 229
268 47
174 524
435 462
139 270
468 104
149 51
97 473
139 90
150 5
166 334
29 328
514 162
372 472
132 301
179 403
530 446
71 162
51 505
245 189
396 171
455 3
385 10
475 523
263 246
149 50
38 341
377 174
502 370
104 255
130 282
116 118
350 349
442 22
312 145
210 167
478 286
169 321
296 266
466 180
511 236
229 171
35 227
344 158
55 447
413 184
351 150
464 322
499 527
343 432
130 174
57 230
81 389
172 376
113 96
177 245
495 27
415 151
253 217
309 308
286 343
113 258
492 199
201 71
184 165
503 477
338 181
328 40
191 499
416 303
54 214
170 241
43 320
115 423
250 44
330 51
157 46
165 518
246 235
323 410
359 421
369 162
207 408
352 165
445 277
381 281
446 9
521 488
491 257
532 200
301 320
250 79
528 414
55 395
271 540
426 251
420 416
412 85
446 386
412 349
121 414
251 25
422 393
512 372
109 503
30 409
444 442
487 431
478 163
284 370
161 332
79 39
206 113
287 110
498 320
81 77
193 331
101 73
183 234
66 291
358 258
158 261
159 103
313 258
265 218
86 47
8 164
86 214
439 535
323 395
313 403
471 127
193 363
538 427
50 287
406 308
444 125
88 168
59 345
54 440
52 100
447 215
348 282
276 504
64 129
439 88
222 24
443 414
8 439
462 58
347 327
365 412
73 74
38 295
40 254
193 91
517 98
468 486
2 202
449 65
331 509
315 174
532 217
209 540
277 130
219 83
78 42
494 313
278 154
229 317
29 421
407 4
141 496
112 142
157 19
369 109
149 142
282 139
521 490
300 420
241 518
502 481
181 76
253 458
392 481
396 421
524 261
46 123
216 320
427 535
338 254
102 108
17 383
247 538
494 168
38 194
308 161
133 110
236 7
190 250
110 44
292 92
468 337
377 305
116 262
298 75
137 399
183 153
403 51
312 355
381 349
7 310
509 303
420 204
309 68
75 418
111 366
131 200
161 507
504 439
390 260
136 526
117 481
138 141
153 449
496 155
257 124
465 224
426 506
49 357
32 123
233 305
110 527
505 271
114 467
331 504
349 88
110 87
190 247
228 342
318 182
497 196
468 420
41 353
384 253
168 37
375 22
504 485
170 467
377 284
15 329
246 363
39 518
449 228
224 298
29 163
479 147
358 406
25 398
380 30
109 169
229 106
190 191
212 360
280 210
265 294
538 132
278 198
108 348
426 331
105 76
115 205
222 472
232 409
492 70
438 59
238 125
327 50
315 538
31 53
206 295
509 366
426 245
185 533
52 69
486 156
144 59
360 365
531 51
232 481
283 291
161 143
37 488
192 515
106 385
26 475
138 157
299 22
23 105
176 74
174 120
392 480
179 374
467 331
46 320
433 491
70 215
92 106
161 446
79 430
289 268
363 48
46 283
69 68
387 408
305 19
527 318
121 327
150 46
279 358
365 333
308 56
7 21
162 167
467 403
218 377
292 39
425 337
321 115
405 167
522 168
348 130
485 468
78 257
135 357
236 500
148 2
14 154
186 338
484 274
363 160
272 113
362 155
450 141
433 313
470 413
480 440
164 45
529 242
301 123
220 537
244 367
160 420
143 508
217 248
240 38
29 512
150 390
288 221
531 179
533 81
214 93
520 377
138 508
77 60
252 296
218 495
285 378
373 49
507 211
296 206
411 324
339 183
173 248
403 325
427 395
405 99
487 384
97 246
513 337
469 223
254 145
176 538
144 170
45 110
3 503
478 413
449 275
54 80
144 457
404 29
310 430
290 418
272 9
286 243
345 213
87 57
357 425
217 501
54 261
232 56
386 168
90 293
64 144
535 207
59 397
399 531
448 147
29 179
155 314
43 121
148 130
178 127
13 394
249 229
276 480
447 120
106 537
34 169
139 27
375 360
45 232
349 493
1 540
293 318
476 498
439 82
86 238
371 262
90 78
112 365
16 18
107 284
13 303
74 314
330 449
132 537
302 102
488 465
100 402
242 197
359 302
279 66
539 271
327 250
349 61
236 527
78 342
433 253
267 506
25 55
35 319
213 337
42 323
423 141
183 286
501 163
46 401
229 206
130 177
455 478
237 150
86 477
113 518
188 379
482 375
55 517
315 268
475 356
212 356
119 394
101 78
16 309
478 244
515 66
42 50
166 279
362 251
214 475
390 24
475 493
398 152
468 172
41 23
527 252
379 267
104 101
344 282
31 280
147 4
346 189
217 133
89 37
383 302
133 394
488 230
345 381
272 138
421 457
286 131
457 12
397 16
355 301
47 257
447 213
61 257
51 193
345 88
197 269
383 49
215 71
393 18
73 286
318 115
365 226
245 280
237 264
296 213
23 505
469 91
339 151
511 390
506 314
99 161
41 481
372 256
174 387
436 246
294 376
361 117
60 227
397 459
112 314
293 297
440 221
10 237
534 520
85 499
292 183
281 496
286 275
373 459
283 430
326 198
264 308
315 486
535 333
25 268
268 318
24 166
160 196
24 152
174 109
272 87
454 175
41 198
449 35
278 353
465 63
9 187
370 486
295 526
277 319
416 166
95 61
331 254
256 355
28 429
85 462
515 160
95 178
358 165
212 257
517 135
319 526
485 311
470 401
458 369
178 332
534 273
392 487
148 269
463 338
156 169
259 293
328 353
92 307
140 303
23 115
60 504
262 166
436 354
25 353
344 202
306 336
96 320
444 407
47 365
203 366
533 461
117 320
436 208
85 34
132 270
311 191
233 32
356 127
7 2
101 350
204 29
307 299
348 210
327 16
33 530
381 188
71 119
129 506
489 376
161 80
105 472
433 500
125 411
248 131
412 349
480 74
377 245
536 346
76 321
361 272
472 364
459 2
482 209
129 430
43 290
131 310
220 22
268 507
432 516
96 466
486 197
161 484
441 155
288 139
98 270
410 28
92 327
192 196
157 321
247 199
232 377
131 73
20 398
38 452
535 133
539 101
329 158
43 391
313 493
529 32
222 397
222 476
345 36
130 501
356 376
322 46
374 452
118 394
471 318
467 87
450 464
187 400
80 230
249 14
344 400
45 24
418 430
122 385
465 414
344 442
412 287
109 244
197 389
96 290
165 184
376 73
106 184
94 349
35 505
362 379
363 29
24 403
458 145
246 3
18 211
444 429
498 174
131 316
21 390
64 185
32 61
420 301
245 513
108 279
476 91
116 461
119 303
322 198
447 26
363 86
399 428
514 355
60 267
293 80
278 519
427 472
39 305
394 446
439 501
346 374
51 84
293 332
386 236
152 291
424 514
377 281
401 512
95 460
400 9
162 136
527 47
67 187
515 82
91 412
42 437
244 255
520 158
208 527
15 359
439 438
332 274
178 354
408 435
435 266
443 55
402 428
102 90
74 75
171 327
108 375
385 515
251 526
294 459
511 309
439 409
205 392
304 4
204 170
438 98
436 502
152 459
11 416
170 84
112 503
32 220
500 417
356 209
401 108
289 371
416 187
401 243
37 163
246 241
333 306
501 390
266 111
470 276
149 261
522 260
222 13
101 343
51 456
11 451
23 299
443 60
107 465
302 144
87 7
6 41
312 506
52 199
238 521
475 386
240 77
268 83
252 368
426 302
446 58
375 90
519 439
149 85
363 451
228 449
79 396
111 12
360 162
210 56
141 306
64 2
383 331
84 93
320 131
395 224
188 391
313 166
288 84
413 109
534 262
179 234
116 289
245 475
450 76
152 212
382 215
213 223
4 460
478 324
212 494
169 400
343 482
187 90
24 221
361 179
482 162
34 56
72 441
152 144
516 303
355 356
140 190
200 143
271 137
88 482
89 257
503 54
360 311
143 383
531 125
183 471
449 216
148 521
278 299
123 252
224 99
67 363
288 429
127 180
24 215
121 276
471 245
329 289
15 93
293 167
380 97
260 288
475 407
430 211
328 11
462 10
109 150
535 19
38 120
198 224
334 481
121 426
185 449
336 362
163 87
528 2
183 246
289 279
275 340
489 61
350 410
233 80
181 226
261 381
345 459
64 301
398 184
348 204
255 143
24 417
392 11
418 197
419 328
475 152
126 423
212 97
454 444
177 93
291 59
474 258
517 159
17 537
505 364
199 218
128 223
94 520
396 133
175 273
461 108
425 208
530 95
305 64
161 103
320 451
161 252
330 300
32 346
458 536
332 115
213 81
500 469
59 354
60 233
249 142
504 132
350 114
389 276
178 171
541 497
244 160
370 32
81 401
541 538
395 494
112 229
33 233
156 92
209 379
487 457
520 449
47 491
22 57
388 362
228 387
480 471
6 308
124 249
167 123
246 183
75 520
34 108
374 352
362 41
189 307
497 331
378 165
443 21
222 290
382 71
135 320
163 303
86 286
11 415
409 419
219 105
19 252
212 392
226 32
433 414
502 388
366 338
175 431
358 18
179 361
88 476
139 250
401 387
157 411
423 187
451 100
292 469
515 125
319 199
157 210
234 280
220 222
239 394
111 55
411 452
37 120
386 175
532 245
20 147
277 442
334 186
163 84
276 136
208 54
497 527
426 190
428 267
411 125
282 521
342 314
53 378
433 438
11 45
305 193
192 40
256 147
389 41
230 286
176 59
502 132
208 387
484 94
275 353
382 16
495 182
329 6
19 384
65 192
428 369
7 241
31 425
387 419
465 238
326 263
297 287
16 126
132 499
219 406
473 59
43 48
404 535
53 422
377 280
235 426
108 404
126 138
451 512
178 374
209 503
258 127
248 436
252 1
15 92
29 487
151 234
534 176
227 208
56 62
488 453
110 217
479 235
354 388
368 153
383 35
277 100
324 525
535 34
147 9
126 338
117 439
31 273
73 257
102 291
482 48
365 50
427 302
447 402
148 273
13 531
471 290
252 253
436 408
450 204
38 197
1 155
94 31
49 329
287 150
78 390
361 64
439 246
366 507
107 135
239 282
287 331
30 538
42 87
405 113
291 442
309 291
218 402
484 266
189 229
416 429
78 398
493 138
102 480
104 371
73 505
112 360
294 304
519 335
391 382
70 303
446 378
215 122
402 157
10 212
385 47
100 84
444 214
385 167
152 488
160 387
73 271
205 366
33 183
322 45
186 391
347 253
228 183
538 88
339 6
299 346
215 20
51 280
396 435
446 169
3 227
15 75
497 382
440 152
186 221
359 372
233 328
246 460
510 242
169 308
410 90
112 83
109 162
362 127
219 430
295 221
115 309
296 234
150 357
7 335
199 365
328 432
151 196
350 120
437 141
427 469
230 160
10 501
484 535
86 161
45 381
4 322
148 299
177 460
277 183
417 476
7 366
366 157
20 337
439 79
477 487
6 165
105 15
125 211
171 373
371 378
212 537
159 523
457 498
441 193
140 316
127 309
304 492
87 323
287 526
401 386
471 406
9 198
43 296
408 376
128 400
213 502
18 534
483 474
490 5
125 251
483 251
18 245
364 105
27 273
89 49
117 181
77 288
541 119
206 29
116 496
51 328
456 68
483 20
541 432
24 125
304 506
538 322
373 361
48 399
255 299
69 371
479 145
280 101
426 485
129 1
439 179
491 517
246 433
536 246
323 181
533 248
145 529
28 517
511 75
537 224
373 228
216 474
372 118
33 420
61 324
420 122
503 369
260 370
423 254
237 367
434 228
74 200
379 101
339 511
339 497
194 333
183 31
265 177
311 460
218 372
243 259
115 367
86 374
195 131
249 432
497 304
281 29
125 281
293 463
251 90
41 66
422 386
259 309
184 29
227 401
22 91
118 136
457 367
131 111
497 1
164 452
304 66
103 428
347 395
513 219
484 175
284 527
19 1
294 203
192 143
225 213
396 343
511 312
331 263
44 286
263 370
359 188
435 461
75 403
314 209
80 419
383 526
405 23
149 320
388 340
84 72
12 480
36 144
413 529
407 456
273 128
284 253
316 340
173 12
365 108
383 66
149 387
51 12
409 362
494 419
160 37
112 334
516 147
478 387
134 506
464 28
255 369
443 192
167 74
366 153
345 207
219 493
52 432
126 83
252 78
501 411
114 71
367 251
380 466
259 135
52 344
162 306
171 63
498 501
300 322
112 266
151 330
380 202
220 505
284 93
41 406
126 318
476 492
190 477
38 71
70 89
414 394
394 207
457 513
166 378
457 277
102 66
229 481
267 70
66 173
163 269
200 288
208 298
401 398
233 438
90 303
148 503
155 541
331 233
135 496
69 50
395 333
115 245
435 381
477 122
175 98
391 375
7 57
131 29
76 526
88 165
287 235
290 64
235 79
296 369
197 528
40 50
482 154
457 539
156 392
119 331
112 509
327 118
188 79
310 263
63 397
50 350
91 339
35 488
39 330
478 235
479 517
447 42
129 362
39 284
213 320
73 324
451 21
63 97
99 372
522 162
228 30
133 318
368 167
427 29
118 363
263 56
338 169
97 466
530 298
208 201
76 444
146 526
464 209
244 185
202 225
509 429
254 100
368 244
429 253
272 5
74 534
223 411
324 482
335 313
401 165
135 477
230 281
83 152
111 327
499 312
10 466
363 426
187 189
128 74
64 399
242 137
14 86
170 337
27 126
108 49
453 406
525 141
308 230
456 418
15 413
351 187
501 172
71 146
361 199
383 46
219 246
345 232
331 514
28 520
262 298
28 173
162 174
314 91
403 228
508 417
262 318
62 221
111 133
530 93
494 371
138 171
75 483
403 405
77 430
6 338
349 33
133 206
68 223
68 295
353 106
178 129
331 399
239 463
387 495
415 379
91 44
453 32
68 479
272 119
106 231
468 138
363 59
507 430
444 196
346 255
301 524
383 90
381 244
174 389
197 210
226 450
417 300
104 484
237 375
62 343
64 151
102 427
209 230
478 111
425 283
366 348
428 370
59 267
235 396
277 53
64 124
125 480
423 228
45 281
61 106
245 287
419 347
172 86
198 272
359 82
13 346
51 440
338 109
328 194
504 226
410 190
349 534
291 230
220 335
510 443
62 377
188 480
345 523
187 1
253 168
82 428
513 295
489 472
26 275
