679 2296
528 114
31 624
60 125
548 554
299 62
135 416
596 350
97 661
71 451
392 587
291 509
340 139
666 349
376 451
310 19
95 158
648 642
618 28
87 486
418 222
548 389
637 301
575 571
283 646
179 674
553 469
340 51
444 163
236 140
613 546
674 545
540 479
507 316
343 430
122 81
488 506
306 283
128 202
174 410
168 352
241 557
141 580
444 421
64 1
561 513
383 555
215 80
192 558
395 534
308 517
452 117
343 78
399 307
279 409
37 283
81 114
677 58
15 441
478 594
441 196
264 660
588 479
61 100
357 292
633 502
129 405
618 309
483 174
615 598
419 489
202 499
602 199
393 453
476 28
367 75
61 631
55 648
267 631
68 623
244 537
445 209
263 220
517 582
230 290
500 648
99 538
304 21
573 533
474 370
398 677
444 458
465 498
426 52
287 330
512 530
187 277
59 286
334 413
188 400
23 525
369 637
383 509
494 277
363 288
646 81
123 247
538 587
581 121
639 188
450 471
554 473
584 613
596 75
183 620
475 42
465 1
678 6
509 492
282 192
617 85
109 60
331 646
483 69
603 442
257 210
70 131
4 491
580 436
565 599
376 197
640 162
197 475
4 543
288 122
571 62
206 1
637 373
483 440
441 407
40 534
616 109
665 456
436 402
212 159
322 588
355 282
586 389
78 426
252 202
547 143
100 589
659 57
282 463
496 559
190 535
414 642
481 236
419 237
474 467
395 116
212 587
235 634
296 149
380 384
187 247
363 286
156 343
179 274
642 674
154 668
367 404
630 5
476 206
241 270
673 473
223 42
380 294
676 512
279 376
53 465
623 415
587 615
594 86
210 556
596 200
544 120
603 332
124 236
374 202
342 367
674 401
246 211
531 242
559 130
617 611
431 397
346 338
333 98
260 379
653 177
578 355
296 338
523 420
573 217
458 72
421 289
473 666
499 324
228 215
291 2
146 42
236 328
217 405
425 476
104 236
652 2
427 106
176 270
362 585
323 140
656 64
428 286
566 84
447 114
298 58
632 280
99 188
444 152
592 190
628 532
262 437
370 9
379 545
115 61
450 437
37 263
338 301
386 224
384 153
175 518
210 127
634 145
151 399
134 63
425 82
431 7
355 121
531 55
665 645
115 272
239 668
371 576
289 77
121 510
66 295
185 112
258 140
94 408
538 227
307 120
308 58
126 499
15 493
553 679
458 505
108 17
493 315
430 102
392 550
448 457
2 633
406 96
93 499
503 467
46 646
423 190
540 385
9 554
198 562
390 655
387 334
508 37
648 258
654 197
644 423
491 482
376 217
577 305
36 237
608 81
40 351
270 579
56 115
290 253
676 679
65 220
333 409
256 302
504 231
335 305
653 146
624 186
362 521
327 234
595 255
314 471
442 420
371 334
535 660
423 368
497 324
588 150
53 164
288 393
231 623
19 41
605 642
226 125
320 389
358 72
480 672
543 242
249 71
412 620
51 155
309 384
478 217
534 368
217 658
81 448
438 615
488 201
577 551
325 55
97 3
642 577
511 505
655 597
575 388
537 463
379 166
4 15
219 537
382 436
353 299
41 627
235 365
148 648
73 472
539 170
312 502
583 143
164 558
60 576
103 597
359 482
599 199
333 139
573 35
411 246
170 288
30 404
489 178
210 562
649 69
568 118
407 471
261 571
186 157
467 126
74 662
444 510
181 97
485 74
647 53
156 137
177 186
378 665
363 587
384 169
492 109
287 220
416 384
111 602
540 414
48 451
396 491
281 576
424 602
487 391
654 642
527 151
148 62
136 510
648 357
516 298
465 123
517 202
343 464
640 203
198 8
653 593
335 254
326 79
176 133
306 666
612 153
137 80
52 110
427 536
466 263
154 88
222 507
289 564
128 249
603 325
93 577
75 264
667 238
179 1
370 484
666 139
474 640
219 525
70 645
381 372
65 372
459 123
199 585
523 327
670 446
488 84
180 563
184 168
637 363
168 164
167 670
303 640
630 521
485 536
323 24
65 224
395 524
346 593
266 26
77 256
308 565
176 488
285 360
655 242
559 659
405 46
649 28
523 437
385 165
293 28
188 358
251 582
39 433
333 304
295 409
396 603
294 409
411 415
605 223
656 484
202 219
366 8
246 209
444 631
374 58
495 561
252 583
301 290
173 633
430 468
199 146
228 493
554 638
65 316
181 42
120 219
97 486
226 342
531 670
130 225
564 462
623 136
365 244
425 374
34 12
162 232
157 226
561 548
184 626
184 201
504 141
256 600
463 482
99 314
309 229
539 193
527 482
328 49
562 589
422 595
600 421
147 593
646 29
298 667
491 319
25 315
296 281
235 79
83 333
392 228
398 251
420 245
569 584
130 288
493 552
203 250
130 187
679 96
52 298
83 542
453 624
14 69
225 248
147 144
417 538
371 652
626 111
217 352
531 184
640 344
56 679
430 185
186 429
117 74
563 37
452 336
660 465
404 205
549 387
348 287
246 555
259 29
665 312
380 516
495 340
17 387
340 283
408 362
32 525
436 595
398 45
88 378
510 329
419 379
36 603
502 118
478 81
146 300
393 526
652 45
23 505
432 199
108 160
561 655
521 154
407 239
198 495
453 28
144 192
244 179
631 66
297 429
663 279
565 376
125 374
257 664
199 525
183 143
6 64
119 363
54 525
602 252
340 212
116 320
404 196
336 192
262 469
458 245
68 343
457 30
554 550
14 73
396 196
53 238
97 171
600 150
532 359
238 30
571 191
186 132
386 521
323 484
310 101
49 378
281 342
407 155
213 257
64 608
289 116
166 385
123 602
372 492
282 446
521 173
473 27
141 180
385 463
663 15
401 549
392 2
211 635
672 260
212 572
25 501
525 190
43 647
629 251
296 231
534 653
240 327
517 380
506 222
679 327
236 237
33 465
75 80
420 67
340 469
639 364
127 484
391 6
288 340
257 584
407 627
557 646
274 394
183 617
452 19
264 9
256 296
473 330
375 50
234 551
355 30
236 481
350 463
324 474
123 417
378 366
364 93
332 637
323 351
574 96
369 674
620 461
127 250
628 339
136 182
210 491
211 282
129 397
65 452
191 24
189 406
226 552
335 394
347 657
65 78
589 271
73 366
568 36
615 516
374 588
18 584
399 65
23 527
298 604
300 489
464 325
215 11
198 549
404 544
363 306
458 110
576 530
475 464
566 248
138 97
156 671
517 391
57 540
238 354
464 374
679 248
20 214
258 54
599 499
434 283
125 212
229 21
63 24
321 465
108 458
398 100
450 236
490 343
96 565
533 559
259 533
643 115
583 59
168 503
557 601
622 2
134 171
538 33
31 179
334 655
474 52
75 81
287 402
260 382
124 113
98 382
482 578
334 386
636 501
209 513
423 667
514 393
158 209
425 188
387 595
679 18
646 75
98 91
313 357
472 436
307 407
654 109
305 308
494 98
130 539
447 389
526 118
102 4
326 363
29 33
278 28
567 81
618 664
171 88
179 480
523 485
207 335
593 348
642 408
282 608
104 49
154 630
166 92
470 491
454 498
360 568
363 247
649 138
69 140
63 84
619 422
568 662
77 318
167 556
46 448
321 150
333 475
616 498
566 406
146 178
62 343
582 261
426 551
398 494
528 297
577 304
40 302
124 116
620 290
508 502
575 150
488 228
461 424
563 347
151 29
361 212
371 264
472 118
651 27
448 336
324 183
640 200
484 84
152 424
210 660
247 621
646 55
170 427
479 53
610 466
597 292
514 126
392 306
80 200
169 364
536 329
546 333
528 351
253 517
611 462
497 178
404 463
70 410
210 385
299 656
171 53
105 5
178 496
147 94
533 152
458 389
318 324
558 3
511 131
519 443
429 173
457 669
635 526
236 2
68 534
658 75
587 83
79 601
416 62
16 106
51 310
494 205
633 209
207 465
339 47
65 604
219 521
594 12
205 150
529 272
521 344
347 265
264 262
186 679
161 38
105 48
347 435
252 138
643 458
439 139
341 503
63 397
181 493
408 385
480 257
657 321
601 161
422 22
259 607
21 419
482 641
466 665
233 554
123 33
333 561
8 510
384 586
227 402
400 471
107 37
49 600
357 486
81 615
507 177
542 364
595 181
162 219
167 231
93 289
263 262
8 107
609 228
13 156
629 249
627 57
285 512
493 478
155 574
413 498
71 113
182 502
293 180
557 459
410 487
585 509
585 429
615 514
656 627
670 606
197 454
499 481
123 312
117 277
43 529
95 629
641 113
289 92
129 166
387 538
652 292
204 395
557 139
229 534
602 56
297 119
346 632
437 468
264 553
65 144
239 675
609 38
624 218
129 73
384 515
610 193
644 650
587 521
109 653
375 32
29 508
666 375
460 260
163 561
649 65
25 209
576 633
246 521
9 374
593 229
46 361
258 10
331 166
531 440
655 63
308 4
571 294
215 351
554 215
69 523
279 93
568 175
563 134
532 408
344 446
636 390
643 214
236 294
216 87
570 191
666 35
32 557
329 246
65 40
297 650
399 575
579 125
587 462
95 439
27 439
42 662
665 5
197 221
136 249
145 26
440 647
61 308
361 226
390 262
102 8
232 337
419 132
461 163
430 556
439 457
152 480
439 137
322 472
194 457
558 175
319 155
142 216
462 502
441 172
85 379
16 153
37 435
284 497
597 551
210 356
328 361
673 603
497 315
233 528
92 111
23 247
265 2
463 563
503 224
571 424
440 587
414 476
342 18
130 96
405 340
452 569
21 445
493 355
80 562
203 8
509 62
254 610
63 37
493 403
98 221
663 374
128 397
170 469
252 136
565 493
312 174
383 170
618 33
524 534
594 563
378 260
461 468
190 361
342 519
600 276
60 420
649 25
654 655
493 226
111 215
555 260
388 258
429 163
290 110
533 41
509 68
300 290
536 326
487 35
2 407
310 578
148 279
602 638
91 415
21 201
467 575
297 12
154 46
175 280
155 544
321 500
449 457
627 305
104 434
176 621
678 485
519 662
600 441
620 11
14 640
48 480
535 345
328 525
227 339
126 219
204 446
39 652
60 665
114 163
257 289
105 255
610 460
74 530
222 14
377 235
490 424
551 182
605 199
28 153
538 153
208 578
435 246
387 494
69 500
494 325
625 435
416 392
215 489
242 436
339 455
507 149
199 215
330 641
414 194
630 109
183 158
523 617
240 230
269 308
566 83
469 348
354 42
60 568
530 138
162 26
592 668
11 627
204 341
425 454
371 375
399 554
532 79
491 609
308 596
74 31
515 543
378 189
584 274
594 272
411 76
134 160
580 145
107 620
322 532
231 13
64 466
566 596
544 215
362 172
647 435
39 483
298 253
508 40
526 422
148 94
334 118
253 235
262 197
12 420
49 243
433 112
29 156
544 573
207 226
581 175
498 620
494 632
30 159
508 556
418 655
486 72
610 60
143 192
256 155
612 141
397 202
89 425
194 470
155 401
532 57
412 350
513 63
303 542
221 131
255 475
623 62
547 553
637 526
581 50
1 350
27 234
551 115
659 582
584 650
140 274
543 551
623 376
450 83
76 507
51 167
303 673
228 7
383 22
532 284
587 533
471 613
87 179
49 582
81 469
553 220
63 416
607 523
629 377
605 25
42 655
191 344
485 256
350 25
114 202
146 22
571 616
634 658
115 519
397 196
146 107
415 45
360 180
404 309
556 330
170 597
142 197
98 464
289 284
488 403
486 633
261 214
569 215
29 5
571 426
37 553
532 288
434 212
467 159
357 181
325 526
614 466
560 549
87 169
153 575
408 475
365 668
10 255
41 38
96 448
463 648
321 153
256 75
201 560
70 558
577 394
241 511
18 637
380 104
127 370
515 534
165 201
360 174
292 400
212 224
5 511
192 325
500 284
236 22
1 306
416 577
536 493
409 553
451 625
657 414
315 329
105 480
529 464
490 657
21 538
201 25
370 229
186 27
513 259
564 513
564 300
248 420
630 656
131 401
438 624
651 590
273 76
227 639
540 37
616 397
575 654
422 102
203 607
644 36
186 529
386 586
665 633
164 615
446 294
173 41
75 144
467 347
220 14
306 596
567 80
313 299
54 571
237 256
499 201
129 521
50 351
265 36
141 265
487 423
395 497
463 469
640 251
136 17
101 279
449 667
195 83
286 248
653 522
340 309
560 468
667 609
655 89
481 116
353 289
538 68
622 322
536 419
409 508
436 509
623 42
334 138
124 456
385 614
136 562
80 16
350 583
624 326
671 263
278 344
388 137
248 330
295 104
69 540
449 341
206 392
383 539
530 343
153 72
114 288
633 194
303 141
613 84
303 605
346 417
106 570
553 354
220 5
457 126
544 226
466 71
455 6
446 305
349 598
213 299
206 4
492 345
660 426
266 120
188 448
536 293
339 410
646 395
251 261
520 116
486 144
23 98
665 305
239 171
61 452
470 103
292 119
448 272
544 34
391 568
318 247
182 656
493 148
372 581
408 49
17 52
29 555
149 531
17 388
22 77
676 491
180 288
610 464
396 311
334 623
200 651
27 218
628 357
365 157
258 610
42 111
498 587
502 483
438 518
191 296
432 24
108 611
311 554
232 543
22 565
323 221
536 350
275 321
27 640
314 121
407 193
231 62
616 53
544 374
407 56
506 159
79 450
606 227
324 158
606 346
559 250
403 416
436 678
573 462
475 45
419 39
74 649
100 10
538 643
220 265
535 46
424 451
496 350
514 656
345 440
322 224
10 562
476 282
397 207
64 192
251 319
67 324
288 166
333 146
645 389
248 501
434 508
272 87
15 106
64 359
382 222
583 229
104 379
510 500
422 411
528 672
50 594
153 175
596 322
157 562
31 404
383 302
232 491
388 247
433 451
442 135
510 345
363 613
561 31
271 303
441 635
133 327
550 285
501 466
444 658
185 311
219 567
612 451
215 321
534 647
608 133
619 438
478 139
209 196
169 479
335 446
271 467
94 141
589 594
444 190
409 465
500 628
190 433
236 404
590 606
209 518
59 664
114 373
123 322
405 129
637 61
411 228
364 504
206 110
256 486
299 664
271 636
449 460
389 521
22 136
447 67
490 506
51 603
36 10
245 441
138 39
338 386
267 22
210 309
648 302
631 104
124 222
60 572
519 285
414 377
420 18
443 231
360 330
670 396
339 73
157 314
111 331
20 214
352 66
359 157
368 310
261 328
369 157
220 208
442 470
421 19
325 21
86 5
350 77
400 525
149 393
159 259
44 15
310 233
597 668
389 285
299 486
612 667
643 668
32 405
296 289
260 620
309 346
624 658
422 182
340 407
574 336
502 455
350 132
8 104
637 233
388 93
40 157
80 3
662 627
244 115
236 503
571 544
6 352
359 427
533 535
670 265
191 493
40 378
461 563
481 418
116 27
510 155
20 426
673 2
210 237
632 445
577 523
146 582
196 341
167 49
197 157
150 387
486 189
601 268
588 403
522 25
429 190
16 448
615 10
287 146
83 239
427 496
83 410
399 115
71 402
679 104
558 150
491 202
338 249
469 247
651 148
108 237
337 123
522 273
648 645
255 568
41 518
384 639
248 103
74 319
341 74
422 220
223 70
258 397
156 47
480 643
194 587
201 368
547 559
640 352
361 52
240 401
569 624
361 138
563 434
293 225
344 551
281 566
621 538
284 97
421 600
60 451
508 97
139 212
492 615
563 173
666 124
574 393
584 255
367 304
525 659
528 190
530 645
592 308
340 33
241 597
633 301
369 298
234 344
509 47
280 392
56 103
352 629
332 256
41 19
560 403
514 245
592 365
48 341
509 387
374 71
305 164
208 510
461 441
174 290
324 290
518 380
230 191
166 561
283 44
580 679
446 414
245 195
615 129
535 445
352 66
515 493
229 43
323 10
320 334
136 481
623 491
18 173
2 183
55 284
63 471
284 508
205 365
23 657
493 395
422 2
460 94
495 526
652 138
372 129
471 508
609 252
319 626
424 157
646 315
277 29
106 397
374 148
82 233
125 411
627 383
413 245
476 228
91 285
202 462
413 510
127 343
82 282
126 342
275 92
657 552
637 599
269 331
583 188
563 544
598 348
247 168
592 559
232 519
164 434
301 577
101 265
77 182
383 202
523 658
131 337
530 88
94 635
255 676
143 654
541 578
322 624
582 234
504 135
73 504
405 211
238 505
312 314
523 15
353 366
509 320
540 359
244 633
152 498
629 294
472 327
29 631
272 611
185 612
66 95
436 307
142 674
648 453
145 491
304 334
14 134
653 553
329 217
506 480
35 293
95 344
619 123
295 48
570 316
659 472
247 416
99 388
247 67
677 228
557 139
562 571
272 535
281 600
73 108
238 623
237 332
287 13
291 418
61 19
55 40
490 138
292 589
363 375
492 360
603 370
498 485
98 606
177 378
364 249
322 601
193 558
90 316
571 217
55 631
235 625
507 46
83 636
634 445
331 446
642 254
652 297
575 70
224 589
285 587
158 606
345 187
322 434
340 213
650 231
1 206
176 507
251 95
463 42
377 631
324 176
42 134
472 454
203 532
363 324
276 357
251 620
544 572
211 41
621 182
271 621
224 446
285 311
377 585
352 590
536 512
86 577
645 395
351 6
84 34
329 360
391 416
137 92
145 348
132 602
529 402
543 73
5 665
220 218
570 571
129 426
240 51
160 206
445 511
211 529
381 376
209 92
113 182
183 94
529 151
17 215
552 396
124 393
381 343
611 271
71 60
533 311
110 14
516 392
524 47
241 225
259 286
154 371
467 173
302 154
324 318
368 33
34 492
263 252
155 194
522 226
90 213
536 199
226 209
590 586
92 667
647 350
110 637
558 577
131 180
567 291
497 255
160 367
583 422
618 59
615 298
121 541
510 493
61 56
538 487
478 629
312 282
299 421
240 177
155 370
356 42
497 10
297 656
377 200
236 152
95 8
449 52
549 279
381 446
171 239
90 648
25 401
251 324
659 490
337 134
17 530
176 350
376 309
163 73
345 398
225 277
243 673
328 112
110 546
394 280
621 483
249 646
42 336
290 21
662 463
670 515
313 166
185 10
311 184
598 493
419 659
90 661
490 254
609 599
120 323
199 62
642 284
28 520
619 154
540 438
453 368
273 87
370 294
612 2
478 367
494 54
347 583
35 673
673 643
592 114
123 111
12 601
232 555
442 8
545 139
446 318
506 555
241 197
7 173
35 321
377 528
374 560
268 408
553 98
208 465
211 167
412 59
88 643
613 366
651 478
505 254
117 168
645 194
201 651
367 235
129 580
599 502
460 24
67 333
122 111
634 169
277 366
228 202
167 677
567 654
313 229
228 266
234 30
459 434
2 662
669 646
562 425
469 342
449 372
511 570
483 465
575 80
152 639
118 318
474 6
129 107
71 193
209 304
222 504
575 60
487 564
27 206
146 495
385 594
24 216
321 506
2 217
586 669
176 540
144 486
382 272
592 453
464 637
593 6
462 488
66 106
209 608
311 355
260 532
106 283
69 427
110 586
480 532
575 492
392 39
299 95
310 48
547 610
6 297
615 304
106 517
409 151
445 556
342 25
409 448
145 314
32 254
220 511
106 115
323 497
153 458
428 299
506 132
229 348
429 1
651 371
355 217
358 636
609 21
498 338
468 642
488 499
216 28
167 158
142 326
491 131
105 240
266 447
208 331
631 636
332 602
164 523
655 522
479 584
379 297
80 4
259 567
339 311
595 505
468 573
151 117
541 92
193 127
375 400
458 326
357 626
85 357
469 60
36 268
481 414
402 560
417 497
284 76
129 36
417 433
609 568
386 470
496 578
433 192
299 211
354 492
157 439
169 462
498 205
51 299
455 289
16 30
106 137
105 71
172 522
341 617
247 47
244 579
625 677
607 81
45 282
572 202
41 577
500 375
618 550
511 394
159 526
423 102
662 364
172 671
43 512
608 126
396 173
26 178
170 632
258 214
71 666
252 111
563 73
486 502
459 154
53 455
516 312
556 336
512 564
327 555
234 255
517 466
427 379
643 433
169 221
484 239
44 572
187 606
481 509
265 261
662 317
552 498
465 265
154 298
149 480
10 219
572 363
5 156
63 647
589 231
25 230
306 584
122 492
511 603
321 612
21 303
250 572
122 551
157 112
6 142
592 15
198 321
378 202
476 277
7 222
507 547
451 649
452 410
462 120
333 103
52 353
406 138
82 364
10 75
475 15
53 224
546 250
544 81
289 341
357 295
562 21
678 171
669 450
580 288
406 233
391 458
422 633
595 340
317 441
414 628
293 466
173 159
553 76
162 214
269 293
613 126
291 620
115 578
520 403
304 589
630 598
168 583
351 507
57 112
78 5
241 543
14 236
253 567
311 414
617 579
27 387
25 155
327 656
53 167
216 193
76 3
112 243
585 462
586 478
410 663
319 651
364 333
207 616
57 518
