954 1326
620 604
139 77
195 918
946 826
332 478
111 876
344 227
620 638
935 681
585 835
225 164
392 448
432 865
912 633
178 507
121 797
83 185
799 203
74 790
75 405
313 185
253 582
337 872
265 243
524 775
49 748
865 441
241 268
351 125
827 528
557 947
296 639
103 141
842 102
856 842
507 141
72 685
722 334
602 913
502 171
659 550
845 569
36 131
763 312
255 635
839 738
553 107
422 655
173 235
756 74
122 234
214 119
918 862
378 491
820 879
588 524
401 478
65 436
608 827
748 789
507 558
498 31
664 919
685 836
126 412
836 247
646 95
292 535
2 669
952 747
520 585
243 920
108 233
327 641
31 120
401 537
604 824
567 313
715 223
121 840
634 2
58 251
22 349
712 904
944 709
622 509
339 864
400 372
142 726
938 172
846 311
634 495
180 172
733 894
320 779
779 954
780 763
176 728
157 887
677 72
641 270
580 905
180 25
322 247
751 232
345 568
542 24
34 647
122 692
587 441
517 337
366 268
145 468
41 228
400 643
299 13
913 805
917 64
755 211
310 477
442 580
16 909
530 49
601 651
667 159
63 229
496 355
496 566
822 463
719 193
77 944
131 915
794 20
24 520
230 260
43 597
839 58
551 340
33 123
36 699
282 25
853 703
305 394
240 98
782 5
290 785
874 347
745 713
366 695
204 595
880 172
163 690
156 713
76 188
761 37
812 88
61 710
716 365
75 2
462 783
886 678
613 805
950 329
489 361
69 692
881 874
864 89
610 65
727 611
178 533
647 915
547 634
596 308
44 670
235 432
424 166
81 82
16 76
411 504
436 405
168 362
325 3
376 860
67 148
516 170
680 208
130 198
841 651
506 811
292 740
214 716
832 294
797 847
295 179
323 656
584 490
943 834
492 364
739 484
511 226
579 162
433 634
360 246
330 791
28 621
502 241
382 379
460 151
198 754
255 446
381 838
861 369
643 324
732 353
733 214
578 357
375 937
916 660
154 291
422 181
837 924
347 191
274 806
341 397
531 521
768 911
405 674
251 19
43 28
372 701
167 875
29 541
857 944
173 56
206 520
162 89
415 508
205 689
285 471
57 815
37 825
697 367
470 947
386 439
900 683
185 112
603 214
579 506
203 677
487 335
242 649
423 657
202 553
317 487
69 299
273 105
169 896
472 565
814 783
49 760
511 159
797 159
372 421
664 501
69 197
835 311
771 229
893 18
781 255
504 849
553 703
879 648
644 322
258 503
150 306
234 660
390 77
819 762
423 454
308 492
576 114
728 392
342 666
336 94
846 765
868 444
513 792
63 202
160 320
631 309
551 864
895 941
866 685
674 335
110 907
752 612
66 525
49 333
162 310
426 53
121 339
422 633
102 411
761 187
730 437
496 253
272 362
165 184
92 838
444 127
716 241
738 707
691 713
85 778
68 436
756 188
700 149
747 801
559 553
34 261
915 455
513 158
742 603
341 759
412 710
885 173
950 669
879 612
353 889
435 420
370 236
608 41
385 326
767 869
878 800
175 764
226 613
921 893
261 234
697 672
943 554
770 939
194 694
522 546
554 3
11 923
164 544
889 474
869 702
389 718
473 489
527 699
148 494
563 408
653 306
52 641
859 821
551 98
487 119
643 86
47 579
935 210
95 795
610 889
542 924
653 61
458 151
685 605
570 293
939 268
524 36
909 428
782 505
451 240
623 65
326 595
644 232
805 664
72 386
598 540
355 222
600 812
373 330
389 942
548 373
182 118
408 136
471 235
566 922
475 161
32 726
755 601
883 531
236 880
842 834
465 242
101 110
26 473
365 414
387 839
786 568
2 165
629 472
325 166
365 725
326 323
422 53
849 350
583 131
202 471
10 666
638 36
702 663
435 38
48 821
876 759
360 803
849 914
247 220
125 611
944 377
859 338
429 754
613 937
884 814
379 819
452 63
854 199
651 334
236 625
126 84
355 411
886 250
296 178
469 347
715 384
723 619
721 123
418 380
31 273
165 410
137 616
398 37
814 20
296 22
570 348
31 925
758 916
220 26
66 614
372 780
923 66
444 616
114 788
921 144
106 131
479 243
747 802
205 532
748 426
479 363
773 509
259 577
397 404
602 462
63 899
287 912
10 656
573 123
489 465
192 521
595 597
763 313
444 893
771 163
364 221
452 183
730 710
685 98
160 258
559 148
202 771
31 137
398 603
185 813
113 376
379 634
18 113
872 388
51 688
476 414
909 927
522 610
683 252
707 768
509 237
915 636
53 872
772 376
520 2
234 559
304 612
164 247
724 81
560 700
769 82
160 649
54 681
304 736
859 936
475 339
218 362
21 196
279 718
571 724
646 731
328 949
388 491
241 84
498 727
783 312
808 868
886 861
521 235
569 425
142 15
689 359
376 709
554 654
399 96
424 90
826 677
10 186
214 176
269 637
902 23
948 755
891 805
588 457
11 128
807 152
142 541
510 518
222 35
143 620
130 566
635 882
289 644
39 428
819 307
110 767
255 29
493 191
833 52
573 843
179 425
40 247
892 475
764 159
509 906
704 564
444 310
417 732
953 455
131 743
687 240
555 942
194 20
104 952
71 677
840 176
73 805
422 10
251 157
94 685
34 723
220 477
78 637
180 2
63 310
745 750
475 271
663 668
290 766
665 287
414 476
462 487
252 809
422 502
11 442
232 44
210 452
447 214
60 626
215 122
936 5
797 382
276 505
96 491
243 686
777 656
208 210
114 385
64 462
887 954
903 90
924 158
541 416
371 526
13 586
648 948
516 490
376 791
921 397
328 209
128 76
790 261
286 904
646 275
337 504
275 285
593 170
442 106
511 739
557 523
296 250
517 737
666 818
574 558
186 827
766 239
902 527
500 233
402 117
508 738
546 708
68 110
877 436
141 433
146 698
1 367
873 443
149 584
232 648
113 417
520 804
656 468
377 127
626 704
169 105
488 714
812 481
749 660
842 890
64 33
633 945
399 551
359 474
107 591
167 219
933 687
69 560
126 371
686 751
120 854
856 607
539 639
60 334
271 901
269 334
934 827
250 304
349 609
703 381
171 870
600 75
528 594
635 653
10 292
375 129
118 276
662 656
841 721
915 157
667 155
490 572
907 666
802 302
246 550
682 416
465 253
416 38
846 96
616 781
388 37
836 505
238 469
132 124
161 93
280 753
173 696
371 126
407 218
427 652
693 80
39 204
333 454
167 150
476 709
857 863
745 738
339 28
178 470
152 338
488 357
136 587
98 506
712 430
649 110
127 314
115 91
443 373
471 609
523 946
289 351
780 79
60 164
33 237
559 184
574 19
540 709
605 564
187 288
39 761
323 92
120 437
108 488
810 578
69 304
569 357
654 394
436 713
557 468
875 88
577 494
106 88
174 636
577 286
923 616
19 217
633 64
653 740
552 508
364 620
811 932
22 436
298 383
120 780
776 40
867 324
459 898
338 633
505 914
844 399
501 862
615 179
852 314
919 375
821 254
40 604
157 941
85 454
296 131
280 117
170 118
441 629
62 704
233 492
663 122
891 210
910 551
314 733
864 278
153 657
531 118
306 688
104 316
113 399
446 318
442 542
436 808
216 423
557 374
914 265
421 850
400 302
447 714
80 356
917 232
58 420
275 289
79 379
531 191
703 902
509 190
489 870
43 630
338 525
49 223
716 470
45 161
771 491
800 777
772 689
934 756
154 255
16 158
559 546
274 307
494 708
423 908
623 465
584 886
36 632
81 751
73 125
837 770
615 609
592 358
343 497
85 422
751 101
579 281
646 852
588 111
532 56
65 200
446 648
58 407
251 138
129 250
262 892
65 802
546 582
205 814
50 290
281 727
390 785
53 7
608 566
44 185
547 108
311 39
681 368
371 857
505 500
78 766
363 142
613 908
649 743
693 625
78 19
397 393
729 375
326 382
941 369
493 533
402 803
497 54
216 868
910 720
339 34
457 701
101 41
580 676
783 318
346 861
262 668
225 36
88 550
343 954
918 761
533 291
609 1
344 750
868 226
441 178
259 823
878 285
863 429
886 692
746 203
524 933
870 748
894 884
344 209
883 233
15 387
524 550
314 793
271 227
64 712
331 322
506 180
533 415
609 464
152 400
667 675
305 508
394 244
437 663
452 292
896 467
604 391
942 917
229 258
116 219
895 446
466 447
551 44
861 205
434 938
531 72
658 835
579 23
124 942
686 576
205 553
14 808
943 1
697 143
184 812
287 125
229 753
571 779
796 477
910 201
460 486
272 89
292 851
37 415
764 722
916 14
320 855
821 234
855 489
303 85
272 589
135 426
387 705
177 155
153 132
355 612
543 553
626 834
449 662
220 258
356 182
271 675
8 63
835 863
552 183
873 749
771 53
221 130
683 397
284 835
528 564
418 116
162 89
875 536
676 140
719 77
247 915
678 255
24 558
89 501
666 887
221 408
865 441
537 593
837 746
473 410
282 890
451 369
904 371
905 551
437 595
628 683
556 277
937 505
760 71
931 471
3 197
878 867
638 387
431 520
178 903
856 385
764 352
754 713
649 630
310 131
270 863
813 825
111 722
375 870
792 351
312 721
548 161
559 157
547 36
676 651
864 577
81 674
855 760
358 475
435 593
531 705
427 315
501 537
82 876
378 800
198 615
492 671
776 96
827 294
57 549
944 921
97 951
566 877
756 849
323 163
488 853
867 840
214 339
349 221
260 726
66 384
313 557
100 134
579 853
427 635
373 343
527 395
265 138
318 66
33 566
154 446
465 946
331 604
331 679
824 516
377 816
899 689
418 925
748 42
823 146
603 241
414 175
635 678
239 878
670 271
490 823
642 880
815 18
529 191
623 324
632 45
185 577
659 529
547 452
496 341
523 144
581 937
319 187
660 483
111 375
679 526
170 366
451 30
383 905
146 51
200 777
21 385
325 679
839 797
102 380
183 625
524 689
607 768
876 312
296 912
613 20
483 782
385 859
737 693
735 808
670 934
630 616
290 881
341 174
723 368
554 906
38 49
566 644
742 487
882 83
370 466
28 778
293 338
608 1
2 388
808 671
368 409
259 583
335 599
757 104
12 282
935 930
330 546
545 117
5 472
125 300
863 78
124 201
415 731
127 416
91 934
59 384
389 317
12 723
841 694
752 778
21 732
679 276
250 270
318 180
667 368
479 576
445 528
702 859
231 829
247 321
808 231
704 168
473 641
891 359
381 614
108 401
318 787
603 493
28 920
672 694
260 122
315 704
650 943
535 806
817 707
172 596
937 801
764 455
487 626
739 867
285 772
240 528
530 842
66 557
733 737
297 38
859 537
742 480
451 248
331 313
954 428
835 936
274 570
362 760
241 72
673 451
843 838
25 345
725 90
901 429
753 169
467 657
632 180
108 128
427 438
367 426
791 247
333 110
816 620
869 28
691 513
478 505
396 428
849 92
518 722
521 316
890 913
898 567
138 931
621 490
340 33
841 176
205 145
285 946
764 125
19 426
564 422
930 5
776 751
23 339
518 469
580 453
427 449
946 490
425 612
905 764
570 791
865 774
935 195
691 670
319 635
141 808
28 116
813 803
792 761
113 355
275 618
734 701
112 725
236 462
308 112
197 803
902 107
548 808
301 284
523 546
918 589
399 871
630 183
720 468
943 832
822 189
496 601
889 533
297 96
921 530
207 163
378 80
270 925
813 496
180 307
13 69
895 412
940 571
520 631
10 435
508 831
623 929
404 484
434 626
505 400
202 638
488 505
643 757
402 502
225 581
808 237
650 749
574 561
291 66
237 300
500 670
102 94
571 431
503 50
103 54
375 230
617 862
660 305
591 107
806 815
688 586
23 309
306 597
795 596
662 77
821 133
746 848
226 288
251 655
263 279
708 637
508 296
471 139
600 107
246 378
847 859
9 869
139 314
437 933
835 144
55 627
276 726
520 428
60 696
128 322
20 761
885 453
102 327
592 627
359 837
930 251
741 938
91 879
223 528
783 29
597 837
655 873
534 147
272 593
842 325
841 862
