729 1677
360 320
186 339
350 598
678 641
531 156
307 367
510 125
588 212
216 456
175 428
507 655
718 668
129 290
137 310
197 294
644 6
62 278
344 411
324 293
322 125
448 629
670 229
202 528
618 595
432 64
293 387
167 281
325 473
20 639
232 394
381 146
399 442
424 14
302 18
484 623
321 380
700 261
57 350
59 675
216 669
187 686
504 531
238 278
274 435
187 505
99 568
100 498
458 523
689 30
540 621
102 309
271 250
569 506
600 77
629 264
194 264
220 697
65 635
245 516
340 432
292 439
448 569
207 176
362 344
206 350
235 485
659 683
5 676
637 604
23 536
138 216
70 536
184 134
441 606
650 52
308 390
668 204
229 145
380 39
666 34
388 171
518 495
302 522
442 210
575 642
16 712
129 86
696 490
397 408
366 495
637 123
333 575
326 561
168 705
599 104
187 436
452 704
379 24
675 91
233 520
4 249
680 310
512 647
248 357
325 613
123 232
6 455
255 332
465 422
485 512
525 672
396 247
95 46
448 40
314 681
8 495
200 688
75 160
605 322
516 378
384 87
58 567
720 312
169 455
4 103
415 706
45 82
401 317
127 119
357 618
70 364
384 447
500 636
606 553
407 571
201 61
657 436
627 647
18 245
550 199
347 236
353 569
495 24
156 70
321 690
687 568
503 341
286 273
248 340
97 654
181 475
163 287
182 238
382 199
482 381
576 277
65 199
116 559
401 450
628 721
410 34
559 183
375 293
634 71
633 1
173 262
475 513
726 656
21 557
304 681
208 150
228 272
526 522
279 197
242 355
366 100
388 196
461 211
488 365
281 569
543 631
280 288
414 276
393 435
103 145
386 488
472 613
30 268
583 486
643 95
111 279
373 499
652 104
709 589
468 439
606 281
340 156
17 203
610 587
637 161
2 471
649 473
532 127
190 386
613 281
658 172
559 301
670 482
404 99
519 320
715 395
49 503
551 66
705 431
101 612
40 103
531 688
24 334
86 391
719 147
671 96
318 679
397 437
609 249
535 398
569 698
63 66
471 62
309 447
670 410
507 710
690 309
668 713
642 202
553 80
348 494
175 666
621 571
373 500
269 356
168 108
324 409
173 65
470 482
511 411
340 289
391 300
46 329
461 687
531 284
37 327
227 389
263 118
409 84
618 677
439 234
233 33
642 405
276 383
335 235
242 123
523 632
422 17
409 154
703 388
437 188
715 663
577 426
230 434
510 296
381 219
529 613
430 442
466 705
273 250
210 514
372 182
594 65
198 273
218 350
661 103
537 95
215 562
520 444
266 300
188 95
697 716
707 575
606 622
550 327
142 208
289 513
567 153
26 36
604 421
563 535
524 548
78 187
381 46
79 95
524 266
368 491
252 345
336 307
415 334
633 556
719 193
518 557
345 543
41 219
413 603
202 207
421 457
571 250
503 649
523 297
185 161
236 436
683 571
13 369
353 95
195 342
287 161
347 80
153 387
477 565
260 678
220 130
406 61
379 357
709 350
653 342
510 159
48 464
178 239
103 530
333 475
320 68
85 667
147 237
324 623
250 33
21 469
162 604
707 718
231 135
339 332
476 119
490 701
31 116
210 311
94 720
235 413
236 319
528 561
4 301
632 253
333 101
170 672
704 147
109 383
281 447
163 27
15 652
176 223
216 386
534 309
554 217
171 239
535 698
70 716
269 150
239 50
251 408
170 403
3 279
57 283
725 219
487 188
320 662
411 535
496 393
293 499
609 463
8 592
609 255
578 149
404 87
376 654
672 546
328 674
273 562
405 446
229 340
634 548
272 493
532 217
156 273
164 35
6 171
75 614
603 652
211 277
187 587
380 307
581 156
251 124
166 104
569 394
443 651
391 714
414 193
379 569
465 542
52 648
161 126
532 212
226 192
667 590
49 317
167 78
650 595
379 86
698 218
479 411
140 574
2 510
401 571
423 214
71 519
552 375
500 35
600 691
701 639
188 466
76 265
386 120
643 649
88 309
398 677
626 716
521 628
674 192
469 546
583 539
335 584
184 105
618 233
244 38
142 431
503 395
695 337
514 57
256 602
366 102
549 262
88 518
160 211
158 77
205 12
65 717
44 426
93 661
107 514
698 426
216 649
92 359
256 605
416 511
655 230
61 652
669 327
618 100
537 47
354 12
236 596
728 279
293 269
388 577
232 356
274 447
275 365
76 708
418 669
667 344
169 727
444 109
324 333
386 131
557 10
320 63
55 497
519 525
214 177
372 445
710 645
340 433
458 416
411 147
355 348
668 524
345 560
81 118
163 466
248 719
653 17
230 707
691 19
502 353
373 323
247 353
238 586
56 145
272 466
469 76
262 585
48 607
415 128
173 27
42 420
194 694
614 602
672 24
620 622
377 264
215 623
65 631
479 121
46 200
586 692
453 119
547 678
174 232
76 346
436 295
214 630
259 277
502 379
300 570
272 125
282 664
196 347
565 124
467 59
323 501
21 224
68 16
172 419
248 425
213 132
719 605
32 426
152 711
76 629
552 525
203 282
459 398
628 473
521 543
709 292
315 1
515 560
16 135
250 441
559 462
22 726
337 53
423 666
213 498
566 213
471 39
494 200
614 571
121 406
384 101
697 147
279 661
707 472
244 227
184 74
137 383
248 474
435 670
410 96
616 424
308 357
640 251
6 525
92 126
201 475
404 346
71 682
455 48
425 699
452 57
221 588
439 468
510 322
587 191
418 651
63 174
279 703
424 462
498 515
36 147
439 440
670 509
392 396
5 87
543 456
321 34
492 30
679 273
530 536
641 218
636 703
391 185
676 86
95 622
49 130
217 487
569 158
444 410
553 448
674 544
352 266
577 115
473 704
387 273
689 298
490 595
271 330
228 396
593 322
466 641
451 683
577 469
111 469
149 112
366 271
655 717
536 680
102 280
654 666
552 613
412 491
656 132
91 154
527 683
475 441
43 375
394 68
292 504
715 618
64 351
159 718
338 144
117 618
423 42
3 245
103 415
6 30
546 274
361 343
405 285
232 626
659 626
142 399
578 127
465 642
477 623
79 264
37 196
330 637
415 332
331 695
17 514
724 562
59 356
353 641
640 585
537 18
481 679
594 507
254 329
419 2
400 676
443 615
320 43
522 183
374 301
148 391
86 143
223 144
676 576
233 35
431 41
230 360
168 94
137 421
600 5
600 270
129 313
333 448
355 304
630 729
604 226
390 689
368 61
281 492
85 514
526 693
554 204
323 170
297 638
590 345
91 639
64 219
222 396
115 577
699 193
25 574
418 592
533 235
652 263
175 8
47 150
700 49
353 472
218 99
558 256
443 648
165 506
315 565
173 607
412 320
70 614
164 665
476 146
348 398
408 523
583 632
672 3
680 473
652 346
571 480
601 463
576 215
239 161
50 589
216 639
358 285
523 699
398 269
115 17
115 700
717 147
602 659
149 1
402 249
346 422
728 218
155 23
610 393
361 659
431 576
568 59
309 539
28 706
78 321
171 370
291 158
516 342
265 113
520 667
361 137
537 532
691 559
412 532
190 519
233 36
535 469
522 344
675 677
599 266
118 239
5 276
204 524
718 316
315 104
126 451
640 662
253 601
670 113
582 130
631 263
344 436
3 314
50 677
261 97
213 379
335 395
103 716
190 91
481 504
373 606
403 283
716 104
333 656
216 185
235 295
447 27
1 627
340 228
574 601
502 235
428 107
630 708
94 268
69 23
42 441
628 622
173 63
725 505
719 211
689 402
505 584
428 683
482 38
359 326
87 131
10 514
415 88
492 686
355 10
708 574
628 55
466 249
118 461
24 107
120 161
508 73
16 384
204 675
599 11
449 686
319 458
648 4
723 589
139 348
47 117
370 674
350 106
194 467
15 395
22 312
556 707
384 20
361 36
143 230
46 591
364 498
283 546
491 320
133 110
366 249
479 488
47 34
130 513
226 525
534 538
529 511
370 726
320 584
139 550
78 729
362 620
497 644
436 259
234 568
546 48
265 473
536 312
506 665
273 181
638 256
167 615
215 536
611 535
568 20
533 646
198 165
536 143
258 420
401 669
258 395
717 700
139 701
460 93
85 4
273 723
259 439
608 473
424 668
456 262
687 259
178 333
602 162
476 130
581 325
247 287
720 412
258 307
383 717
399 646
169 121
639 605
8 695
527 431
633 253
142 40
690 497
372 562
659 118
140 510
621 564
68 611
247 503
188 78
668 35
723 108
155 81
712 163
47 509
593 128
211 183
167 171
680 717
3 609
283 320
567 174
154 634
55 400
585 420
656 524
455 649
631 609
1 62
42 225
20 84
352 230
266 697
578 394
684 580
273 237
348 289
411 501
371 643
350 227
334 454
21 59
373 100
667 551
161 158
224 358
241 576
36 684
721 613
349 675
641 70
360 259
358 219
209 178
133 558
404 466
282 602
702 103
701 88
103 310
245 326
668 663
172 703
618 341
36 415
286 676
484 95
206 291
313 414
468 623
420 320
537 150
192 509
430 341
597 532
650 290
129 37
224 478
189 290
90 224
704 553
348 636
96 553
375 409
415 291
302 283
610 110
432 250
67 311
590 663
113 689
224 419
174 625
346 540
185 435
212 337
436 560
243 532
383 618
389 247
357 139
529 238
248 410
665 315
720 704
426 281
663 98
149 285
722 494
96 355
199 307
691 83
137 383
614 698
449 451
215 76
590 192
491 108
50 427
600 218
401 475
499 512
21 647
67 192
589 340
546 236
647 686
318 232
339 381
200 236
102 592
311 691
55 251
248 104
677 296
322 526
41 269
486 240
364 552
431 223
163 247
458 258
381 224
489 719
604 689
403 155
729 163
116 54
413 541
336 538
108 106
334 326
552 90
565 186
90 266
586 430
691 492
687 342
715 625
510 590
33 361
193 32
523 308
264 206
298 48
14 405
153 525
179 704
63 15
338 153
458 194
31 597
685 167
388 119
62 346
157 272
706 349
303 500
106 15
705 403
62 168
78 392
692 256
366 26
448 152
356 355
523 386
400 478
1 58
597 62
581 24
333 558
551 85
506 656
99 659
329 339
97 584
1 238
110 545
441 7
696 67
539 668
630 209
416 631
445 461
141 296
663 652
302 484
185 78
410 461
8 187
70 282
41 249
519 328
64 230
334 208
474 321
146 375
530 11
454 423
649 43
718 582
694 291
514 149
368 372
610 553
558 128
106 598
376 73
375 617
481 157
96 225
478 419
48 456
607 679
149 527
722 137
557 686
605 520
284 244
162 342
67 169
469 350
215 294
423 589
181 352
17 454
576 672
144 73
398 199
22 546
725 14
131 2
149 7
521 610
250 131
222 494
477 690
293 692
254 164
729 613
515 16
337 539
687 658
611 533
128 82
349 301
273 480
480 599
486 449
479 184
580 700
126 505
110 596
467 541
30 645
424 544
660 32
354 67
138 413
599 265
494 397
15 216
147 494
85 81
214 564
442 242
712 16
17 92
612 662
82 641
577 505
634 685
714 436
200 301
297 70
565 240
644 579
455 61
522 539
319 6
551 209
247 534
224 441
74 284
373 155
374 398
109 278
532 271
162 2
571 458
249 585
697 163
612 600
401 404
588 719
409 376
104 391
49 545
643 332
366 68
154 213
354 609
15 625
41 16
644 677
265 499
93 427
382 693
99 234
729 266
92 586
91 195
248 139
188 161
648 3
406 73
215 31
130 407
104 171
600 196
296 135
695 566
11 525
707 287
207 706
552 298
563 642
493 259
229 129
419 326
131 273
398 523
481 527
378 584
146 249
229 619
383 194
456 571
167 433
128 373
410 129
671 421
41 612
679 448
189 546
44 498
89 619
291 570
594 118
602 189
366 101
78 197
472 533
39 87
415 166
460 95
472 579
515 513
639 464
409 98
458 452
595 546
519 335
386 383
452 437
571 266
537 98
462 458
630 678
544 315
293 452
587 35
301 550
547 388
462 404
486 190
304 529
7 93
134 570
476 34
277 495
299 263
592 32
720 671
709 534
434 450
257 470
485 6
290 480
572 201
155 328
390 458
305 574
551 617
415 475
650 140
418 398
580 459
607 19
578 35
2 460
485 436
200 240
441 668
719 283
139 144
59 528
51 542
373 50
429 236
702 527
553 390
195 404
297 72
422 145
107 601
605 591
307 253
279 197
191 268
657 329
590 165
306 640
706 127
138 405
362 110
380 363
677 575
37 423
95 637
567 201
508 620
240 264
144 518
460 334
235 387
112 95
551 595
183 527
721 320
380 531
607 209
164 554
54 201
425 148
286 263
527 242
331 215
505 474
4 235
257 238
71 546
510 621
411 692
597 402
460 425
203 337
633 366
339 135
15 35
283 478
475 258
720 76
472 495
728 653
179 433
339 249
249 119
318 108
259 363
509 718
59 160
503 140
703 113
275 167
325 6
644 70
441 634
323 183
578 321
107 205
202 623
631 450
13 219
557 449
582 514
438 89
122 389
228 96
679 680
262 274
134 354
521 574
259 293
28 285
62 312
489 264
205 390
713 395
57 719
115 87
681 1
175 74
389 581
347 517
709 608
239 114
410 31
687 668
501 714
401 562
474 160
96 128
727 258
522 233
425 85
319 376
85 672
449 652
523 66
439 502
122 677
615 532
156 22
648 105
6 320
667 658
657 211
56 104
468 577
336 163
111 654
539 195
596 436
295 567
680 182
340 72
308 403
52 641
424 700
17 608
468 683
536 395
164 40
498 81
65 282
421 175
207 408
370 73
115 113
640 65
295 428
314 602
279 366
513 152
514 707
30 430
660 14
95 273
53 42
531 117
323 222
470 707
630 288
229 193
400 317
257 143
15 570
193 471
384 155
622 346
132 100
46 63
113 319
513 343
538 492
638 309
713 378
287 62
665 515
254 513
280 510
656 294
529 119
35 361
273 106
707 405
205 201
645 496
519 606
109 505
368 195
85 351
572 549
413 685
512 666
469 62
625 395
533 602
691 16
233 235
121 388
639 326
38 3
92 556
608 378
510 246
573 594
45 415
413 635
549 373
21 288
434 645
131 237
517 92
252 198
326 373
35 413
147 72
415 416
76 471
64 585
165 85
449 210
678 310
115 497
682 135
55 386
228 185
71 193
276 323
391 51
144 425
463 468
674 327
154 20
68 395
605 233
480 502
620 428
83 5
195 213
318 427
599 545
60 118
9 513
618 577
563 32
450 475
677 394
72 101
413 317
674 466
727 424
239 617
300 321
71 672
533 388
547 580
381 606
147 567
389 35
414 401
245 312
146 192
705 217
471 567
533 593
303 531
465 719
596 35
488 666
155 292
324 701
320 154
26 644
720 592
679 405
263 194
716 408
563 141
73 482
156 55
345 636
34 80
626 629
114 384
566 446
124 338
417 622
491 620
536 660
483 485
335 16
127 499
602 139
88 123
620 243
177 236
328 210
315 224
288 607
607 124
323 180
639 189
72 579
79 607
509 10
541 292
26 667
239 76
76 327
198 145
18 375
380 345
33 694
17 320
20 73
621 343
252 531
531 323
380 58
200 159
68 11
628 271
127 137
524 380
641 721
524 659
544 352
452 577
495 469
345 514
719 237
127 241
216 106
563 595
