621 4896
348 194
409 196
589 572
95 615
155 563
30 118
229 17
285 223
186 226
111 156
148 7
173 557
567 305
328 3
596 157
142 500
350 107
75 317
57 169
489 211
111 75
328 517
91 169
119 455
395 407
610 99
591 339
212 537
22 97
96 618
253 238
496 160
344 570
33 579
296 521
168 584
595 53
479 243
399 154
76 350
561 242
448 87
580 217
2 602
491 276
155 122
513 29
281 413
156 492
370 8
569 538
591 543
147 448
342 545
602 417
452 98
37 278
184 616
51 364
153 541
18 307
220 87
514 500
499 226
548 248
233 496
342 202
595 488
206 315
589 186
110 597
461 146
254 24
318 482
565 471
402 582
334 621
47 404
56 545
8 604
349 240
35 69
619 8
113 204
322 259
567 431
234 407
133 44
430 7
526 373
34 484
511 546
40 114
328 273
37 336
433 386
575 467
11 130
474 124
333 352
560 456
339 172
241 28
394 227
35 476
156 246
338 45
170 555
158 498
384 373
212 196
315 343
219 325
472 250
5 361
601 564
196 497
293 614
524 65
220 115
540 375
361 434
598 530
545 312
406 307
63 174
59 377
74 278
259 102
84 441
463 241
384 215
116 233
207 197
297 426
311 393
358 50
205 334
137 128
24 542
612 265
273 50
198 346
505 456
447 145
276 466
385 216
59 58
5 266
254 479
248 564
250 605
171 11
495 307
316 519
405 484
162 56
533 359
401 594
372 405
117 204
249 59
597 486
116 601
130 369
15 555
489 442
96 38
452 590
522 324
44 306
186 205
361 276
121 319
248 49
102 543
252 528
601 405
392 95
562 78
20 576
12 65
396 285
103 404
253 3
106 297
486 469
58 226
123 356
101 549
404 380
470 212
286 449
616 235
100 556
312 119
67 501
183 462
164 463
244 595
23 527
270 508
375 505
290 54
240 390
602 200
148 7
412 612
455 584
225 554
76 536
229 142
594 590
604 136
609 404
109 10
310 556
75 63
618 542
294 414
311 275
613 15
459 581
5 293
544 229
403 176
322 189
317 294
157 477
429 144
260 95
332 569
207 584
188 203
504 481
616 371
312 165
386 150
124 568
620 224
176 579
399 497
146 273
169 480
128 154
181 387
426 69
512 12
31 256
392 91
294 565
462 605
108 404
311 231
350 487
455 82
445 410
135 147
61 481
6 367
14 364
310 617
432 201
185 19
13 577
109 306
520 127
290 6
87 157
414 615
23 425
75 467
214 210
170 452
69 175
197 260
95 507
434 526
264 618
544 276
573 210
139 28
336 428
211 601
141 4
594 163
428 47
186 198
434 356
207 60
87 403
319 182
466 131
86 108
306 187
562 257
396 79
463 288
63 52
267 203
233 239
544 218
464 108
415 276
463 178
335 107
581 211
288 603
519 373
268 203
116 208
17 511
464 36
178 83
87 1
463 498
240 385
94 82
50 65
535 69
243 249
175 380
16 462
361 534
392 7
294 507
392 488
397 412
523 131
51 166
131 514
42 548
455 313
8 504
556 100
573 177
348 304
113 363
145 473
453 93
37 303
599 606
347 552
575 248
239 4
592 548
517 190
474 351
503 39
411 615
138 540
170 42
223 282
582 545
311 413
16 525
273 171
67 619
102 20
424 340
23 572
266 97
140 297
4 199
335 592
192 29
511 539
70 290
377 30
213 67
620 406
148 271
576 214
447 234
411 249
131 612
377 574
87 516
249 268
272 140
238 463
168 305
559 415
594 314
444 363
558 443
147 85
270 280
476 95
70 266
521 378
434 454
331 77
349 136
344 177
454 138
196 178
443 133
593 415
447 593
157 561
414 481
24 241
317 57
513 387
500 591
321 312
423 30
388 150
344 288
326 176
425 522
531 424
211 502
396 214
474 109
154 444
589 177
63 463
411 133
228 289
102 548
600 524
135 544
231 35
210 113
388 192
13 297
172 402
356 567
615 386
54 147
208 22
502 449
484 291
581 268
137 61
372 293
584 63
216 371
97 603
484 41
351 53
338 523
454 72
468 448
14 522
151 221
100 31
226 140
322 185
585 15
423 513
307 564
576 522
313 229
61 175
270 411
228 164
312 238
413 337
64 426
415 215
203 514
423 429
210 301
170 173
315 150
242 1
92 374
79 582
603 139
314 429
550 98
149 418
335 561
311 577
365 104
348 567
174 149
552 383
450 101
555 321
428 354
321 76
106 400
36 265
538 527
72 23
3 398
619 516
337 308
28 258
590 375
382 142
80 312
525 86
590 15
407 574
368 284
28 474
62 64
117 157
147 367
357 328
143 354
222 37
219 427
294 187
358 232
328 437
101 409
80 69
424 486
22 348
148 227
378 388
468 495
544 615
418 279
321 117
190 99
153 586
82 4
151 439
235 35
254 335
444 333
582 424
375 160
328 80
386 85
467 233
136 567
226 553
402 103
48 591
379 201
112 460
382 262
277 616
475 530
330 475
420 290
277 173
449 604
252 213
245 275
445 380
220 227
311 1
329 537
148 264
294 260
102 54
78 378
48 552
465 555
583 441
223 238
170 228
399 422
619 22
253 620
580 473
226 269
30 111
184 355
553 477
171 33
87 427
589 135
535 432
68 497
429 469
113 598
253 68
398 250
268 208
249 226
237 31
51 266
319 413
177 250
446 526
283 533
331 250
224 244
238 291
119 45
316 410
21 569
34 597
197 301
361 2
83 597
32 134
241 351
546 595
157 370
499 439
459 386
245 61
9 39
352 305
261 224
93 460
171 127
613 546
605 352
547 67
327 136
378 124
486 480
97 21
406 153
17 244
538 439
304 103
478 34
408 117
436 500
133 606
183 124
530 167
475 13
411 180
148 345
481 190
203 578
388 608
287 404
230 381
400 534
484 256
124 270
550 116
326 62
101 509
185 187
232 217
377 199
396 524
543 434
270 302
390 37
466 233
618 75
613 396
165 32
208 466
301 137
582 184
376 239
71 117
603 480
333 359
235 286
439 334
98 88
14 44
124 479
454 120
110 2
73 452
34 280
297 512
594 435
74 526
52 322
22 33
180 532
569 592
374 387
304 28
474 317
71 597
353 81
273 19
83 345
471 116
182 324
6 154
315 258
59 544
579 258
133 316
346 81
286 99
467 590
126 497
463 375
29 372
455 301
391 537
203 418
209 384
298 393
94 612
29 330
534 607
144 45
301 490
303 587
588 326
112 270
201 574
23 229
325 35
87 272
128 289
68 337
229 365
108 322
533 314
209 445
299 352
46 157
220 349
300 364
53 411
13 432
541 213
39 244
247 125
515 553
591 139
268 198
503 553
77 414
245 285
415 100
193 18
256 413
366 112
333 596
522 523
584 442
115 2
242 539
304 314
470 274
452 294
471 512
403 104
304 204
388 276
304 581
293 116
550 215
228 439
367 306
341 330
126 12
509 546
107 191
238 134
464 68
427 492
136 387
595 618
590 540
272 450
56 564
123 162
335 528
600 80
212 497
409 516
508 296
440 615
44 234
127 64
479 110
555 615
53 86
611 22
182 261
28 237
381 150
576 272
56 554
351 446
608 317
518 494
169 336
44 390
126 348
454 604
458 387
154 510
29 143
88 210
581 294
3 518
443 578
168 56
68 76
58 54
570 575
104 295
467 148
64 592
495 517
131 509
460 285
576 489
605 42
77 565
335 258
18 335
392 186
568 16
439 4
69 387
578 351
60 423
498 123
571 549
18 80
437 478
542 391
523 526
610 156
26 324
413 43
215 184
406 161
199 401
164 446
166 298
175 404
277 229
83 226
156 279
483 149
313 582
539 214
43 528
369 68
408 339
288 179
79 251
339 455
30 59
457 374
534 188
334 189
416 592
129 73
10 277
385 148
373 155
190 279
524 435
243 419
280 421
497 530
316 508
116 552
344 489
464 531
379 209
504 174
357 11
246 544
465 188
71 216
342 260
51 244
252 293
219 531
270 94
439 142
159 111
72 502
157 92
411 535
478 293
87 391
481 511
314 325
77 384
540 418
200 148
219 451
440 615
360 267
88 355
408 246
23 37
304 179
306 271
92 341
121 357
110 601
246 423
482 500
363 579
296 563
105 71
570 101
65 487
367 330
220 332
132 242
546 613
598 408
262 247
127 382
603 237
540 405
216 400
283 579
535 135
77 18
206 25
119 448
511 42
334 288
551 22
86 475
13 63
262 274
309 566
35 290
359 574
73 575
530 533
89 444
46 165
461 429
189 136
433 257
356 145
544 285
166 8
139 178
70 578
9 556
79 43
224 438
173 474
391 259
385 36
81 609
200 99
416 566
412 228
201 146
550 123
431 95
309 126
450 378
82 458
491 338
57 271
154 229
124 101
488 65
136 125
230 335
401 25
458 192
430 37
337 358
338 324
9 25
449 16
580 87
473 449
425 87
99 578
493 400
236 537
21 371
41 251
263 441
453 99
11 439
313 526
175 29
228 362
53 234
377 12
320 406
17 301
492 115
258 542
514 493
457 535
420 497
342 61
495 173
337 62
611 29
587 342
235 372
260 288
162 193
477 481
156 493
161 204
608 596
124 57
24 581
148 621
456 489
239 507
218 575
569 385
160 91
106 395
19 365
239 180
115 94
218 270
143 556
473 307
530 597
364 110
113 68
109 568
557 347
11 331
479 579
95 17
226 378
589 245
299 206
602 413
299 198
61 620
132 91
305 218
244 47
327 356
115 614
480 228
517 490
558 374
4 209
569 230
586 536
31 264
299 11
55 154
209 294
152 518
562 457
115 184
503 619
539 174
168 397
579 64
266 73
615 269
281 119
55 424
212 85
66 510
274 298
42 39
148 194
556 88
207 227
271 88
403 366
440 570
142 397
190 585
26 362
410 307
480 465
109 248
106 352
314 379
206 356
595 532
106 87
619 312
313 447
577 94
191 573
221 510
527 410
473 552
150 262
415 187
283 80
612 388
431 305
324 194
217 297
104 322
383 279
190 253
282 323
346 30
275 123
539 180
533 569
110 239
209 82
603 48
161 594
435 592
455 315
342 50
612 445
549 551
280 117
360 562
439 85
591 270
207 65
6 296
12 294
92 398
375 73
445 535
223 259
62 56
573 403
105 120
404 32
228 63
148 587
181 144
228 150
591 613
214 597
465 404
269 556
180 22
8 4
556 230
440 618
286 569
577 568
246 360
600 473
422 304
616 159
447 401
308 417
392 78
570 413
481 217
348 218
238 533
221 350
141 217
524 604
164 480
551 409
218 529
438 196
211 433
354 215
212 218
188 160
473 136
572 511
530 476
107 324
387 505
52 528
100 576
67 263
612 617
51 208
81 488
403 470
477 313
241 245
530 428
404 381
120 533
270 28
387 554
529 331
437 580
415 536
91 481
356 81
34 406
466 292
450 425
140 484
116 558
107 202
364 68
140 40
157 587
245 100
520 152
430 513
289 223
428 557
83 162
195 294
124 39
585 130
21 282
613 136
218 277
516 139
344 212
178 500
177 601
156 253
131 586
145 419
187 129
533 447
468 106
119 591
144 83
277 164
542 447
478 138
102 550
276 2
140 11
58 494
611 213
304 298
177 448
96 364
133 7
189 600
290 308
126 433
568 402
154 488
227 188
182 328
116 15
507 433
25 564
483 192
156 165
489 332
169 141
252 301
325 441
279 614
305 404
426 429
363 136
473 146
501 33
31 173
47 537
605 249
480 466
440 14
188 308
345 356
5 597
36 330
594 492
322 455
453 304
262 194
439 113
339 496
323 369
47 370
463 30
618 321
53 615
334 418
479 235
152 483
388 187
191 360
58 70
371 67
373 11
260 369
301 155
243 3
81 290
550 543
497 103
420 106
96 132
523 574
544 54
614 311
418 183
227 32
252 598
98 182
165 535
550 466
69 349
25 327
195 574
426 71
55 224
176 151
533 78
281 455
309 273
144 105
13 371
137 442
525 412
180 68
326 108
533 572
14 557
277 208
66 259
278 121
482 11
449 393
266 286
404 574
116 548
235 128
475 549
126 556
340 306
2 44
591 92
615 604
205 270
369 271
85 203
391 566
213 396
515 478
60 297
608 175
401 222
480 432
149 606
366 488
468 368
88 437
16 81
598 220
528 345
490 612
547 437
113 317
211 6
351 449
481 516
2 260
116 482
249 442
23 614
487 490
538 574
483 553
212 459
330 118
360 198
109 464
192 221
337 580
405 66
407 264
581 587
80 253
447 328
252 26
499 117
515 593
247 554
525 458
392 233
576 308
608 241
328 178
18 43
137 422
287 100
242 424
65 322
56 68
206 485
93 83
158 164
55 404
97 136
419 45
546 373
530 532
170 237
267 187
457 581
609 122
59 229
546 302
107 158
369 491
21 462
130 178
182 362
138 278
497 556
500 599
485 409
510 33
202 333
398 37
292 385
337 528
170 439
208 455
153 134
324 173
152 453
528 333
194 222
168 247
157 46
225 198
11 291
409 212
2 185
427 471
126 142
555 295
580 320
306 111
453 8
461 604
461 545
315 211
323 39
457 479
85 60
234 95
350 21
485 351
205 290
378 330
431 312
181 567
10 487
234 462
51 73
1 68
174 493
278 496
532 114
532 173
351 144
445 80
342 308
608 546
154 543
432 141
233 612
86 420
34 497
438 85
569 438
152 299
487 608
352 397
100 262
569 450
583 393
86 303
257 251
405 411
172 393
551 582
561 194
380 595
69 196
236 195
190 387
493 55
373 223
9 29
41 577
36 180
526 299
482 162
549 443
572 277
214 58
237 154
251 173
305 320
546 540
514 114
483 563
347 413
343 355
441 383
488 33
563 393
332 601
554 437
601 61
93 371
118 507
524 547
59 385
245 161
303 315
453 165
434 178
134 155
89 574
95 576
164 214
347 495
193 457
488 350
74 580
100 370
23 2
295 259
387 96
419 246
410 250
588 400
427 100
555 72
231 206
27 394
419 551
445 611
387 311
340 17
448 439
386 470
618 59
107 561
154 82
364 120
332 330
520 315
608 10
387 395
215 591
167 12
520 168
179 463
35 75
480 482
70 422
508 245
481 171
184 191
253 104
489 141
612 565
455 598
574 398
371 345
367 94
534 266
439 269
285 473
344 143
334 591
565 398
214 602
569 576
349 200
58 216
340 48
159 351
202 289
128 129
190 494
400 102
316 217
371 601
69 271
300 402
240 243
178 454
401 303
586 129
59 22
344 398
248 60
306 6
348 433
135 538
483 534
196 178
130 566
157 376
393 456
156 12
256 511
22 35
371 607
341 429
185 242
384 610
301 68
616 205
57 307
299 539
397 495
95 526
617 429
280 389
442 613
578 76
60 599
288 430
584 8
237 147
427 620
314 106
244 308
488 300
614 166
218 389
217 490
472 390
476 308
335 296
478 291
371 94
268 215
523 230
400 316
555 205
493 247
488 293
111 355
593 281
77 367
226 471
413 76
239 267
562 574
562 596
243 489
68 511
83 147
297 482
19 408
66 511
211 110
183 499
464 332
158 97
255 384
567 46
459 185
313 577
315 431
551 557
299 175
3 381
321 478
241 340
442 484
407 210
594 146
87 614
477 245
90 110
7 213
334 22
575 203
156 268
12 85
382 310
260 562
69 137
418 488
33 417
350 440
5 500
585 91
50 619
335 317
285 519
529 175
541 483
377 253
307 389
337 67
77 153
8 146
468 603
12 500
398 539
318 402
596 460
50 24
14 562
518 298
460 425
30 557
464 406
188 150
173 81
394 250
412 401
573 258
383 141
136 337
58 454
296 210
470 345
411 483
285 307
337 301
111 366
414 131
151 158
280 323
417 53
129 207
10 80
464 392
220 156
286 456
166 581
222 14
304 12
53 145
318 390
3 606
134 416
116 462
131 573
342 547
4 470
132 192
107 152
583 504
485 425
516 30
384 117
43 244
128 274
389 2
42 569
608 353
541 102
194 50
231 92
596 235
561 284
604 224
613 565
107 477
547 1
506 309
117 105
553 422
378 498
424 597
445 588
329 364
246 79
592 476
170 123
267 287
407 249
511 576
371 617
431 296
174 493
604 469
155 92
269 532
589 249
65 412
393 333
17 28
303 50
197 425
316 483
388 122
550 343
492 545
330 344
98 380
504 566
534 596
391 1
563 197
65 532
589 14
421 163
41 280
212 237
83 84
277 28
205 548
253 307
434 596
582 192
479 83
104 453
473 283
572 226
347 39
194 361
16 534
401 295
124 195
556 385
471 140
590 232
66 221
538 499
196 498
70 231
580 351
240 610
12 368
214 537
407 585
276 600
54 233
274 177
427 386
562 454
525 87
65 590
485 159
24 237
36 271
467 172
179 85
338 368
453 109
283 416
250 115
394 304
348 224
37 331
609 155
164 512
241 406
37 105
564 239
341 156
509 365
506 66
449 222
434 458
330 273
252 580
388 203
262 114
604 298
1 592
10 164
39 250
126 254
532 69
492 252
402 557
616 286
180 621
508 170
458 394
442 266
530 208
25 348
499 8
203 500
156 212
220 194
461 346
4 372
592 495
180 372
609 352
215 167
351 279
336 365
51 156
188 138
542 212
485 597
397 66
475 552
277 252
303 295
154 306
223 124
358 402
52 345
310 444
511 39
101 403
582 330
558 148
467 35
537 330
11 313
574 42
421 407
471 280
80 3
586 480
304 500
438 534
223 126
356 290
343 457
71 303
165 185
7 188
220 100
517 408
590 26
449 390
433 477
48 512
479 190
371 340
68 187
252 468
491 607
136 212
620 206
71 341
391 77
528 167
176 602
574 323
184 579
269 616
434 316
507 470
63 434
188 130
177 617
155 46
159 290
435 158
496 505
55 443
581 140
609 314
298 118
193 481
253 461
476 244
155 539
92 395
529 457
82 84
452 236
308 167
525 121
502 577
5 557
576 142
253 120
12 107
237 204
587 47
43 619
290 376
93 559
327 621
572 408
262 580
200 126
125 104
424 6
237 428
119 192
127 371
311 316
477 105
520 620
151 119
175 618
51 267
555 378
445 505
342 263
463 542
388 144
202 190
149 438
175 267
186 301
194 54
173 227
158 71
226 486
368 578
482 596
223 593
530 224
33 251
486 52
349 252
195 550
620 344
544 173
167 109
30 361
340 202
587 497
451 369
539 375
325 577
349 105
548 258
328 580
65 193
10 413
1 204
519 177
104 619
527 271
106 113
10 445
493 153
498 322
79 415
253 581
370 158
64 474
593 570
610 36
141 619
5 319
380 80
53 483
78 579
310 361
71 497
363 563
29 239
441 107
211 72
244 137
229 308
168 201
256 156
414 574
332 597
449 90
55 501
129 310
459 617
50 86
492 412
27 520
207 467
183 595
95 427
289 501
291 456
258 546
611 51
55 499
204 503
145 436
561 274
125 398
269 174
40 139
142 66
216 526
89 576
500 361
559 345
240 228
179 498
330 346
105 562
224 308
1 368
300 561
198 424
515 23
154 554
340 473
176 112
378 264
66 434
3 182
157 420
409 513
296 237
578 414
17 442
414 563
121 353
317 101
424 340
255 356
236 106
531 347
40 351
412 473
531 150
8 330
116 520
182 411
314 317
203 508
137 174
6 257
526 323
536 507
219 169
241 454
452 329
179 492
236 147
343 146
297 529
32 412
605 391
379 475
86 138
362 223
311 545
36 394
246 571
279 21
296 76
474 305
404 209
175 19
534 74
342 209
159 551
177 143
320 112
617 406
249 535
185 117
459 398
510 261
526 345
282 200
420 312
61 381
521 235
577 611
487 297
198 24
404 552
344 102
220 518
64 25
609 248
141 3
203 207
264 107
551 102
484 528
591 545
287 47
336 420
36 379
273 411
403 55
519 303
156 117
199 398
142 365
24 282
367 404
46 187
510 153
466 373
59 436
474 523
39 188
321 75
567 593
485 526
204 383
207 360
56 584
136 197
505 337
36 250
120 259
437 186
411 459
115 27
273 588
549 312
155 427
564 278
576 605
182 159
544 566
75 600
85 388
353 589
281 388
396 578
25 211
143 614
48 257
19 499
402 567
367 556
550 309
390 62
292 571
220 215
72 472
371 335
238 102
480 75
490 254
32 71
464 352
63 69
165 259
124 566
383 490
57 311
355 446
372 203
573 148
417 202
176 166
93 413
446 572
45 492
205 254
562 225
162 182
471 504
440 594
449 201
19 62
69 373
65 618
576 194
145 549
395 320
272 487
290 96
616 512
144 199
144 84
423 483
443 273
365 440
245 192
197 442
432 265
371 496
262 503
246 584
431 198
460 259
241 306
532 235
196 54
433 517
315 235
378 315
64 122
133 486
491 329
306 479
151 56
531 590
558 156
552 545
353 568
360 593
253 270
207 5
501 18
79 373
430 456
66 50
134 198
536 4
83 398
482 233
453 392
201 568
547 309
48 456
256 408
427 65
234 12
247 292
208 325
43 194
160 108
244 293
305 336
474 387
112 513
620 122
283 377
68 386
65 293
220 498
79 203
562 491
393 187
161 157
512 203
350 228
310 150
77 171
485 551
114 597
442 290
97 281
46 342
223 288
13 620
164 270
201 104
139 150
468 477
306 536
58 213
142 545
362 219
94 226
326 385
379 146
54 475
604 99
373 205
386 385
203 106
211 581
387 349
110 233
382 415
326 439
184 467
540 546
242 12
150 567
575 85
269 7
559 251
283 310
12 225
251 214
330 462
174 95
367 461
327 306
254 209
123 438
55 42
540 474
231 246
598 184
330 245
368 445
53 29
133 64
253 561
278 582
579 8
55 503
468 560
187 278
147 487
272 379
85 190
410 316
613 386
56 321
9 602
144 239
9 454
303 440
572 137
400 529
144 12
588 168
128 153
2 452
19 274
388 281
20 176
153 12
561 209
510 126
367 211
365 375
43 46
193 614
360 150
79 503
161 45
227 466
376 228
296 572
501 62
231 78
415 384
267 354
149 155
37 515
543 401
446 586
3 18
135 362
345 391
421 505
614 26
527 368
253 201
496 311
441 105
566 412
45 211
145 193
543 181
264 465
138 89
607 140
106 298
501 450
68 300
511 60
503 594
605 134
351 479
1 170
140 566
139 185
333 283
555 255
20 198
276 335
286 439
474 569
115 531
575 360
209 21
597 90
614 580
401 343
615 402
70 134
524 208
496 236
47 429
47 244
183 322
578 468
139 430
415 431
339 546
170 104
566 145
371 558
282 328
458 275
286 527
586 189
113 17
424 337
446 470
580 7
348 536
32 43
522 3
473 417
549 21
520 493
166 447
608 4
153 444
278 439
527 421
184 18
437 607
532 439
12 490
446 537
404 34
579 482
36 430
277 584
451 353
13 173
178 177
354 508
177 10
503 82
608 65
277 602
228 187
419 417
233 421
332 15
454 467
53 490
276 329
9 283
60 199
12 415
553 365
301 286
552 183
367 539
425 200
519 32
564 316
5 175
294 337
367 126
182 419
172 14
126 359
296 363
114 307
156 224
228 14
509 159
374 255
76 177
11 151
386 575
23 391
128 316
284 495
620 465
470 348
479 596
85 331
337 377
195 50
600 422
63 487
580 436
298 212
612 309
540 377
262 563
324 567
435 607
618 611
7 467
338 42
619 600
373 512
355 124
561 511
545 2
377 61
437 231
272 606
539 191
539 357
310 241
481 123
404 477
113 410
500 7
452 497
606 203
388 518
326 505
407 427
507 340
487 500
571 138
41 45
506 579
580 194
376 439
494 158
472 163
568 351
169 576
226 332
335 170
228 39
54 191
22 117
88 509
616 37
203 214
259 265
171 217
15 104
34 508
261 506
228 385
413 574
517 195
284 230
365 68
446 596
259 468
269 524
355 441
560 114
33 375
378 204
592 392
485 182
456 302
244 240
66 35
193 139
230 33
369 151
279 193
303 94
39 571
617 571
390 112
63 423
486 618
183 456
566 46
195 579
525 438
197 147
30 567
286 259
157 33
587 435
225 446
528 264
395 523
391 341
13 11
320 55
7 59
511 130
104 262
87 186
78 461
332 285
585 617
100 120
28 65
111 253
510 195
73 461
274 463
181 464
473 500
518 37
559 585
344 219
225 608
404 481
447 115
144 588
288 244
264 316
308 374
568 375
125 197
214 398
38 572
240 68
8 137
282 123
278 4
519 503
611 480
362 614
151 505
138 438
305 401
132 170
332 256
544 456
452 314
411 47
443 29
114 450
343 573
129 621
576 26
59 122
505 420
114 34
481 251
29 343
209 160
512 97
416 434
552 424
304 341
470 303
548 140
131 447
91 437
3 223
463 61
344 524
37 15
115 75
443 143
417 30
302 307
126 274
297 235
77 157
132 103
460 236
243 147
62 333
584 242
556 425
303 456
505 517
470 619
591 470
140 386
499 620
249 182
450 102
594 83
259 282
186 97
518 428
243 136
317 205
377 429
186 236
264 70
132 290
67 279
138 385
222 194
561 470
553 389
572 525
472 209
185 36
483 259
463 282
394 336
487 328
144 229
563 407
476 251
253 543
530 391
484 130
584 423
156 72
190 284
596 40
492 337
253 531
153 272
192 546
608 235
430 130
463 550
93 318
179 345
417 265
292 457
572 432
258 107
503 4
390 34
44 439
371 474
526 523
125 96
4 111
508 612
418 528
540 67
402 275
589 375
540 260
210 47
248 467
153 130
470 100
163 70
95 90
101 620
169 225
273 173
513 337
163 487
243 259
110 23
533 77
397 8
514 163
55 141
186 207
448 213
484 610
460 135
257 560
312 425
341 141
597 232
477 316
275 99
574 384
299 43
18 253
50 531
415 104
228 601
489 54
192 529
221 208
43 477
147 354
280 487
494 434
276 527
306 550
182 437
313 481
479 508
290 85
417 83
189 202
240 234
433 609
141 32
196 183
65 520
93 523
385 143
513 39
49 197
589 408
12 458
267 47
344 556
132 317
196 498
75 613
110 508
158 250
96 353
611 161
251 260
240 192
581 131
231 186
505 376
593 74
390 417
120 112
351 429
606 103
305 60
95 592
124 252
399 219
161 388
557 589
204 175
159 163
483 567
526 367
321 498
440 267
293 116
556 200
545 541
303 228
157 575
377 280
383 154
498 100
98 434
67 301
165 403
21 205
349 546
571 226
600 567
493 449
61 427
28 605
524 508
390 59
18 145
338 578
476 393
56 573
383 300
430 104
81 450
308 607
553 435
212 88
380 261
537 441
66 564
602 590
7 548
205 24
249 543
601 103
492 35
54 253
512 41
356 592
490 43
578 599
477 346
66 414
606 159
411 228
101 391
374 285
496 579
308 123
500 465
404 370
56 14
179 567
54 534
537 101
133 50
78 167
573 321
580 114
479 369
342 136
138 94
598 190
229 284
491 107
127 273
33 360
464 389
305 518
302 399
175 612
448 430
157 578
130 115
70 165
483 589
479 178
240 455
367 468
296 236
132 600
65 342
339 86
110 22
603 411
420 334
401 425
142 558
381 449
229 7
614 91
153 28
268 392
39 13
238 512
427 547
491 48
268 386
133 377
407 292
344 384
4 301
365 146
415 302
151 23
308 321
113 460
348 558
408 565
127 25
455 553
571 324
158 395
88 468
150 52
139 493
613 320
173 356
22 587
36 173
166 521
493 278
360 220
392 146
163 519
348 174
7 476
498 164
249 142
11 577
193 327
448 362
25 177
96 47
321 131
219 486
31 90
321 568
487 91
270 206
609 175
380 173
29 434
336 455
575 524
410 325
229 415
65 254
591 339
478 468
469 253
511 56
520 210
2 386
478 272
148 23
446 84
195 31
517 87
485 28
611 452
530 218
423 151
28 570
489 62
417 515
314 306
570 213
72 129
155 106
400 302
128 402
564 500
432 16
587 473
43 576
481 129
350 282
458 556
231 503
617 204
396 488
509 523
79 137
30 233
242 607
91 548
565 33
426 375
49 391
404 269
523 264
576 430
102 412
364 332
471 537
535 424
403 600
325 38
293 532
270 535
74 361
461 17
571 443
569 619
213 351
445 292
171 399
100 451
189 20
161 216
114 253
18 516
409 520
554 81
430 380
172 60
297 189
76 247
10 23
422 400
552 245
71 101
22 348
551 388
368 269
604 38
78 621
110 43
520 220
301 506
600 472
566 275
39 198
78 227
221 500
5 151
123 253
429 323
601 537
89 525
362 71
119 439
249 228
38 147
448 339
209 426
189 331
257 406
529 513
189 128
391 371
456 70
3 263
392 160
356 38
241 96
108 359
91 356
143 129
59 590
467 446
572 212
155 386
174 62
277 362
189 224
112 201
471 292
21 420
8 376
457 426
472 564
163 562
477 483
69 92
452 92
537 402
304 71
344 34
310 177
574 56
400 242
256 428
533 276
226 97
31 61
522 59
181 241
620 214
102 246
306 553
337 399
512 197
469 234
231 336
411 183
391 367
424 25
173 513
479 576
609 509
193 509
567 374
128 122
587 407
367 449
339 83
227 407
279 252
197 66
587 164
248 356
531 50
559 260
119 416
393 106
481 585
171 604
337 298
282 481
262 28
308 600
288 534
563 123
165 138
189 308
302 614
43 389
43 158
205 161
130 597
445 167
561 615
327 454
470 608
313 110
192 178
266 479
90 207
159 432
522 347
119 380
339 325
559 53
530 277
182 62
100 348
179 271
53 190
119 217
502 406
409 236
50 444
326 434
602 314
513 505
610 271
401 505
153 516
557 239
171 117
478 448
21 36
98 251
225 394
468 283
179 433
519 406
433 401
397 414
271 288
475 260
115 432
143 445
327 79
62 497
373 540
502 572
132 156
201 356
106 225
195 462
36 270
247 26
49 200
617 498
487 470
136 158
281 456
603 164
91 43
39 464
139 97
414 270
252 171
182 536
396 377
376 609
25 179
13 252
378 186
128 243
35 441
579 493
275 560
35 366
159 251
386 476
526 356
124 334
83 484
248 35
239 3
23 441
181 213
249 559
399 376
358 611
195 493
39 27
609 73
570 147
501 334
179 405
246 480
118 328
342 365
363 137
545 563
578 105
332 205
220 287
138 134
454 510
6 492
536 614
121 484
317 1
374 495
583 619
354 79
504 252
1 245
389 102
364 523
206 74
284 603
539 421
116 371
488 121
242 402
113 362
443 430
540 195
481 59
193 213
137 253
465 315
54 410
417 311
179 47
151 339
142 129
454 513
616 574
311 396
243 229
395 229
148 590
89 206
339 301
520 591
322 392
23 288
365 617
155 543
220 306
438 362
434 270
431 428
400 120
380 22
348 332
428 495
300 516
257 17
374 334
164 74
104 364
540 468
359 73
567 135
378 384
496 368
210 305
352 610
602 289
188 329
620 615
202 298
510 16
492 262
349 34
513 9
575 431
476 312
61 599
3 438
539 56
363 128
360 93
294 341
381 38
226 379
31 605
233 97
620 103
536 525
314 606
533 267
593 565
135 32
100 138
27 17
193 389
322 109
481 615
6 419
31 231
354 240
215 587
514 391
246 429
295 560
413 384
383 562
328 518
594 427
212 177
443 582
565 322
69 602
493 253
577 524
40 310
320 432
275 212
202 77
197 53
15 166
436 576
107 142
29 257
125 240
433 125
200 554
446 91
317 255
47 397
295 356
95 105
187 485
484 263
60 93
456 226
529 410
332 227
438 588
352 234
577 476
611 509
478 613
599 173
247 202
570 98
557 221
380 300
84 243
563 322
335 575
547 420
541 435
26 535
579 555
147 534
409 314
599 265
305 133
615 551
335 563
27 270
341 585
127 424
206 246
124 97
199 227
517 118
40 99
209 175
32 355
265 618
225 242
261 529
375 432
16 266
374 220
92 271
183 218
251 388
463 553
42 40
158 115
335 376
213 543
550 422
454 194
418 57
613 57
586 544
45 158
188 418
377 280
245 560
497 496
504 339
427 102
556 141
216 448
516 428
369 2
406 380
373 202
436 542
436 578
465 481
114 31
455 48
488 79
607 364
574 46
259 557
148 371
76 363
197 149
348 123
328 132
502 257
512 494
177 326
8 20
185 299
229 19
346 95
97 509
15 227
555 273
162 259
23 415
178 397
563 82
519 447
392 399
82 282
450 259
607 457
456 171
134 63
367 37
336 463
545 350
246 35
2 407
471 202
378 28
598 320
109 496
145 500
451 227
338 279
42 324
292 497
494 604
117 239
19 452
258 120
180 503
333 359
466 360
560 222
387 537
98 53
589 421
109 418
204 447
254 245
149 545
298 199
84 414
615 102
244 429
400 424
488 289
161 332
27 278
110 592
193 208
23 338
185 309
134 388
312 565
189 17
489 486
215 129
279 386
231 522
371 187
502 237
475 220
568 501
497 235
471 246
620 50
140 183
359 273
127 227
217 315
244 262
179 15
390 14
401 177
93 150
541 151
565 394
370 68
452 423
302 301
225 478
529 364
39 444
194 343
49 588
36 292
406 393
307 352
406 264
86 498
591 5
206 534
399 575
602 229
555 460
86 336
317 171
257 533
614 450
255 220
594 290
511 378
239 374
286 24
194 371
78 164
376 283
254 153
415 412
559 526
429 201
418 124
372 53
213 542
59 467
140 209
314 208
586 552
138 429
575 332
178 210
52 553
49 483
262 20
452 377
545 259
578 342
560 506
572 151
426 188
618 123
396 310
508 361
240 24
346 372
533 523
138 584
12 186
3 273
206 454
29 307
91 163
205 29
47 156
179 29
343 353
329 117
41 215
34 459
239 379
387 150
459 524
291 470
266 293
299 471
303 505
335 571
46 539
156 270
251 512
477 150
244 184
445 462
399 35
477 16
592 242
343 429
144 190
455 410
39 132
437 341
16 328
468 61
246 2
509 53
514 364
381 136
104 204
597 502
416 453
74 386
251 595
371 395
163 204
361 380
336 354
99 351
61 124
589 484
125 33
93 17
396 473
152 57
233 306
558 28
315 11
591 565
162 341
516 324
101 433
82 436
166 359
343 404
482 489
266 606
521 536
180 474
388 331
530 177
193 466
204 507
33 352
8 194
249 80
75 349
513 334
164 57
249 63
17 287
551 460
450 8
374 8
481 318
516 389
495 88
411 255
151 1
606 336
372 233
416 3
582 307
337 302
541 142
542 557
429 472
573 257
479 325
442 516
22 336
283 516
601 250
149 131
428 134
23 357
544 438
359 61
123 252
362 220
394 283
333 201
311 284
14 346
609 455
240 187
347 79
81 327
328 407
14 313
97 36
48 20
474 406
80 153
37 620
551 608
459 262
187 148
546 378
493 90
389 289
454 114
367 534
440 251
497 10
563 594
46 610
170 76
573 427
406 166
603 335
152 618
154 516
322 78
272 371
345 39
38 177
330 404
267 327
34 320
336 596
470 381
142 18
13 93
2 419
258 161
310 409
158 463
303 479
97 131
229 441
347 266
174 55
49 618
381 82
317 96
234 165
33 375
361 46
24 362
21 281
522 330
246 58
172 548
537 268
235 322
266 581
587 617
15 192
614 573
273 309
47 64
473 258
616 390
481 19
130 501
299 209
387 102
266 115
206 359
383 441
59 205
400 203
200 592
394 192
544 224
57 147
287 87
582 281
476 441
299 163
498 155
371 442
256 193
556 18
552 495
458 167
256 415
547 456
385 320
204 485
543 439
189 386
525 149
45 379
147 522
541 201
233 468
21 488
40 134
505 148
7 520
492 263
313 418
275 254
116 35
296 215
473 484
600 376
189 201
312 513
101 409
93 333
256 291
377 295
424 439
442 609
515 312
428 206
286 81
16 401
115 489
172 145
529 150
520 97
351 388
166 8
176 258
519 431
106 274
282 529
269 102
73 162
591 500
545 434
137 118
391 430
606 563
574 514
269 29
167 619
417 332
184 592
147 81
401 252
532 61
337 180
340 410
519 487
466 621
299 603
117 69
589 101
188 541
171 456
569 337
454 364
226 194
334 372
452 291
2 362
529 516
98 425
304 174
469 149
173 146
308 289
392 275
567 579
372 295
414 319
10 424
240 413
174 130
163 4
421 342
365 506
237 20
310 540
193 335
245 365
37 109
210 429
383 155
564 133
449 534
9 16
514 248
428 66
377 148
69 354
489 612
239 104
10 105
201 380
439 2
123 475
111 332
460 50
43 581
361 49
493 369
242 386
173 226
8 106
373 255
460 419
245 255
522 432
359 101
190 354
281 490
385 391
378 402
618 598
361 357
203 232
282 444
174 11
49 360
117 599
614 133
396 237
387 475
225 302
132 592
212 412
460 596
181 394
376 356
370 115
91 573
525 551
573 255
561 621
614 234
156 606
366 108
399 131
582 2
610 93
593 200
504 609
353 242
381 107
597 130
400 244
259 481
351 210
114 291
388 107
81 543
269 447
29 47
134 168
226 123
260 376
500 320
363 231
561 123
338 93
430 294
515 245
153 244
454 444
91 398
107 172
497 376
175 83
600 308
250 204
608 509
579 487
207 499
96 325
178 611
595 607
461 488
408 170
111 240
614 379
195 99
107 70
31 281
152 187
146 401
569 132
466 83
175 52
581 449
554 137
438 527
300 456
572 86
4 239
504 617
617 77
273 103
146 481
383 298
47 85
255 172
217 100
254 569
151 214
396 261
528 391
344 207
225 294
470 228
532 352
402 85
606 231
187 309
268 126
606 314
211 239
485 605
338 296
552 45
509 327
483 415
274 206
178 498
56 27
282 145
556 240
229 98
27 593
406 295
97 568
165 485
363 207
468 258
502 577
480 567
460 342
360 112
104 95
166 159
299 4
303 233
244 88
508 448
59 292
121 156
238 286
197 601
492 222
415 550
177 273
495 15
614 411
126 274
505 469
611 360
472 470
150 94
558 36
542 616
328 219
328 122
61 525
279 109
125 72
37 479
345 531
493 515
499 175
168 560
22 157
299 493
183 448
144 119
483 242
292 367
460 619
489 521
79 324
8 381
396 223
238 297
310 287
368 187
18 535
304 217
248 159
89 609
606 410
106 24
208 397
391 224
573 436
123 30
138 309
589 90
88 383
386 397
227 311
141 244
402 444
461 207
159 106
194 143
72 299
344 279
75 291
502 26
283 182
233 599
47 378
67 134
140 10
87 366
320 227
166 100
227 5
306 385
288 499
84 359
177 606
16 429
275 518
11 558
256 421
535 302
178 158
435 495
167 78
417 43
305 582
143 88
144 5
30 431
504 113
347 237
275 362
222 550
436 232
43 248
209 134
549 386
291 540
259 15
618 54
57 479
193 199
566 336
204 595
323 264
265 48
57 539
588 278
24 580
66 207
274 377
312 217
47 231
32 61
405 264
117 262
456 494
206 348
254 358
49 517
179 275
130 274
419 407
476 555
472 98
140 302
475 9
518 521
417 550
581 200
192 254
461 26
126 223
373 557
137 599
452 493
430 581
146 227
544 621
161 394
275 478
253 128
486 149
27 281
77 164
37 446
418 497
471 100
277 400
36 591
556 44
463 364
182 165
591 104
342 308
55 616
164 307
123 207
455 149
44 89
491 259
534 465
134 562
564 588
518 156
558 452
200 399
373 559
563 520
41 283
206 273
455 547
579 577
310 591
283 532
236 152
169 326
616 480
266 115
447 341
271 561
349 27
516 100
585 14
176 182
474 381
455 307
485 590
263 351
116 102
439 351
253 607
56 425
23 499
539 26
218 366
586 567
570 480
223 533
493 399
272 345
336 105
208 377
251 470
107 367
571 545
96 380
88 329
361 110
207 457
135 602
201 277
547 328
135 149
239 184
104 510
85 439
171 470
195 422
497 479
167 3
402 440
383 46
148 122
333 532
578 467
69 336
300 616
42 612
321 458
174 424
525 436
419 74
285 613
495 160
470 218
162 429
37 101
474 362
401 364
450 535
387 518
249 66
69 468
56 567
305 408
547 386
400 345
459 63
514 511
400 363
285 119
348 499
397 378
417 176
120 245
90 507
320 516
572 566
541 184
512 402
591 615
166 370
516 181
610 409
70 567
328 355
242 54
232 17
431 28
371 108
450 17
614 326
89 121
271 8
482 339
587 452
332 131
378 405
312 544
192 559
46 519
292 287
129 81
482 116
286 409
223 292
425 393
618 513
70 267
78 552
605 43
560 493
352 316
276 42
416 24
600 462
99 449
305 227
86 343
521 371
130 300
219 554
72 215
3 319
481 258
249 21
300 187
71 30
59 346
249 475
548 406
493 25
233 354
430 496
76 329
423 205
185 20
316 434
235 496
132 272
132 380
293 431
124 363
18 182
265 266
213 369
50 84
394 460
616 202
512 70
87 313
452 271
333 146
84 124
20 393
395 329
151 244
139 274
163 334
13 606
156 225
353 384
487 125
222 481
504 291
107 147
603 115
596 492
261 236
172 458
7 567
344 335
367 39
166 530
372 178
71 527
580 423
289 2
105 68
39 608
536 145
312 517
260 286
566 77
78 116
91 84
239 434
418 163
472 583
249 400
317 319
484 276
120 329
277 224
574 316
389 488
17 79
562 454
542 63
530 619
356 178
259 152
168 55
314 197
195 562
596 511
259 15
343 378
344 620
159 296
492 547
341 508
182 281
341 280
343 427
277 77
604 535
228 329
146 98
525 340
38 56
408 296
71 129
231 414
305 389
266 175
492 606
240 52
443 137
331 164
563 164
419 103
77 203
431 400
301 334
119 338
567 526
191 16
33 421
429 338
188 252
69 236
236 308
287 58
444 174
399 564
337 374
45 591
577 32
369 256
543 487
150 488
569 340
504 159
317 489
53 61
119 121
296 533
607 582
147 607
134 545
549 27
298 150
617 253
181 365
65 102
408 392
147 356
111 29
71 605
74 123
45 193
421 518
282 584
479 428
570 169
351 54
374 205
204 369
457 384
112 78
43 77
470 189
610 137
395 59
120 468
359 342
217 158
239 498
299 274
304 247
620 212
300 372
416 503
120 430
444 409
507 43
42 533
409 30
226 360
88 524
384 3
244 601
339 39
34 16
312 338
262 489
549 118
239 521
178 536
329 621
502 393
220 543
304 185
130 530
544 395
432 306
398 232
463 115
271 497
130 139
391 184
496 65
601 395
242 72
103 419
130 495
17 230
355 379
359 263
301 132
251 164
529 40
5 22
488 58
151 5
448 98
367 500
341 346
274 582
417 554
380 547
605 574
155 338
332 70
158 189
201 586
530 109
4 92
308 491
149 16
53 154
291 419
32 10
321 483
592 294
593 528
397 576
37 108
471 546
177 185
114 378
149 22
43 331
113 528
200 440
543 430
593 213
405 181
400 104
221 548
576 192
454 351
325 48
459 174
593 14
536 85
569 63
285 168
571 575
75 328
393 617
136 542
386 98
280 343
201 500
269 333
248 280
63 572
327 521
302 298
91 216
561 39
457 402
206 406
355 280
112 305
454 426
403 396
523 61
117 280
117 386
613 365
222 54
493 548
131 174
224 221
567 341
259 402
121 22
187 33
479 476
337 311
280 296
264 181
535 380
461 30
322 452
572 100
62 444
26 192
617 428
412 562
147 228
521 446
249 264
478 106
118 371
595 576
45 237
135 579
173 152
609 52
160 116
151 221
559 355
412 111
161 381
230 485
608 129
309 235
392 165
518 66
92 48
20 137
462 155
272 192
484 437
243 23
553 571
243 490
304 212
601 21
592 209
506 578
515 371
369 285
93 443
350 184
491 370
498 331
81 149
79 121
585 321
143 516
449 564
563 309
332 542
330 302
307 392
436 200
141 361
41 233
182 390
595 229
316 471
117 574
619 195
252 583
73 394
34 521
514 596
208 224
73 94
82 379
485 74
135 5
434 175
415 173
122 388
401 615
238 74
125 413
269 376
552 519
326 586
418 219
560 182
620 12
276 259
568 139
332 82
321 323
434 115
52 112
59 9
106 474
83 408
266 529
162 196
426 487
160 400
262 277
581 439
466 235
76 412
552 585
50 251
464 41
543 515
152 602
524 435
454 163
221 276
70 382
472 495
426 188
451 66
464 410
61 486
202 136
277 132
278 504
560 120
101 39
192 253
19 94
66 29
434 287
483 503
225 333
554 29
77 383
273 541
349 333
405 550
26 238
238 303
299 355
600 399
393 170
208 589
263 452
174 253
117 35
134 519
367 244
105 1
183 377
98 532
266 59
17 291
297 255
150 152
609 129
107 558
298 315
525 118
145 77
370 439
