805 299
701 148
626 346
397 801
57 413
62 291
143 749
102 40
304 347
461 356
570 288
491 20
137 771
443 745
161 342
384 415
175 280
562 801
182 154
353 600
123 777
85 627
720 548
223 219
90 683
131 216
527 179
597 663
144 235
602 666
133 543
276 307
379 394
664 117
547 212
717 226
183 358
410 97
101 632
677 190
67 365
767 593
543 115
8 243
711 166
104 38
265 379
707 643
772 565
760 71
333 228
658 72
585 262
169 685
451 402
431 517
766 392
666 60
64 673
303 774
396 406
7 660
341 713
55 307
29 371
739 362
598 149
433 377
772 158
619 417
117 244
490 439
193 351
499 256
580 801
586 170
401 592
387 741
56 441
604 85
6 95
446 160
243 435
536 209
593 711
183 709
150 672
342 704
217 397
516 354
392 296
80 349
83 466
646 500
463 2
584 468
96 224
627 700
659 720
465 3
625 647
268 331
514 166
229 730
563 301
640 149
597 720
55 236
380 700
735 38
258 514
62 715
294 246
609 509
160 269
68 341
110 335
672 180
501 457
105 258
315 301
768 106
215 17
703 152
274 632
551 531
702 612
803 553
52 606
256 573
431 324
471 541
215 699
720 715
350 381
167 664
239 130
326 453
508 585
604 338
412 349
426 670
518 423
417 126
223 230
256 211
110 726
751 324
619 222
234 525
160 762
746 398
86 266
407 151
46 568
488 14
111 108
240 185
87 214
311 310
443 566
520 109
43 22
432 661
605 222
380 321
179 682
275 626
505 682
333 107
444 378
120 111
485 721
296 572
129 163
438 128
285 514
236 689
92 225
544 253
3 480
574 181
357 405
364 418
281 253
524 281
630 200
392 672
115 244
800 244
768 432
371 609
502 164
492 150
388 230
402 390
266 532
128 179
132 48
596 774
300 314
250 125
513 198
353 185
441 347
428 765
335 355
568 31
518 254
542 462
40 138
47 305
227 536
41 720
583 636
688 439
507 132
120 576
691 472
760 688
13 744
647 347
656 409
739 368
219 32
387 258
532 433
120 758
525 160
672 302
352 554
740 415
243 55
186 490
83 502
373 96
803 214
804 653
180 295
577 398
326 158
213 52
147 694
366 671
410 232
167 761
343 464
733 142
75 475
631 157
171 198
614 168
774 613
15 148
464 592
102 789
306 676
398 453
564 763
318 168
190 42
486 89
505 775
230 579
444 417
292 614
172 101
339 140
270 353
649 733
501 307
273 2
540 670
11 298
628 328
23 374
369 65
19 430
34 248
565 477
221 52
647 392
514 180
88 783
90 293
267 590
600 96
148 334
766 520
188 145
43 572
518 773
636 536
760 669
340 519
702 117
127 544
66 197
723 153
536 7
