325 1512
195 244
168 183
130 59
125 33
62 88
300 174
300 149
2 56
278 142
218 36
260 314
125 294
241 189
41 309
35 40
322 230
285 164
87 90
224 214
122 287
301 98
136 277
246 139
7 198
281 226
236 217
217 37
188 132
226 228
117 262
269 113
166 228
279 255
317 179
143 116
141 120
213 278
73 136
91 82
10 48
307 245
265 198
282 127
5 184
31 121
120 299
236 288
203 191
217 195
44 34
312 184
155 201
138 227
13 229
308 23
276 292
269 217
166 227
20 170
85 50
293 207
25 205
169 228
70 62
99 115
97 85
301 251
287 113
154 300
18 137
324 296
103 267
187 268
169 209
115 255
258 84
136 283
290 306
185 34
42 283
148 138
44 125
65 5
238 219
306 255
30 304
227 134
246 91
78 91
299 194
20 231
277 158
190 241
140 51
276 182
10 101
321 55
225 61
60 139
279 40
71 310
21 297
120 268
62 197
33 35
66 54
268 19
213 132
260 28
185 212
211 194
312 206
249 214
268 310
27 223
26 97
209 46
69 3
313 130
202 22
167 267
78 109
285 290
242 221
319 101
108 204
297 96
87 220
309 31
206 13
254 231
109 139
279 179
142 266
311 18
290 152
286 42
260 247
6 176
143 2
279 252
205 250
24 293
146 8
324 26
20 254
256 130
67 211
309 210
154 294
229 118
122 189
159 56
111 166
233 255
169 188
181 51
112 204
18 257
213 18
284 234
273 217
39 17
102 24
228 255
319 132
47 115
320 207
172 107
50 79
36 218
269 218
268 55
99 288
314 311
305 272
220 255
163 260
271 265
285 173
196 278
306 243
67 303
126 238
84 175
318 122
70 261
16 12
318 114
299 306
100 281
252 321
210 92
257 157
33 216
6 228
168 314
147 236
291 273
148 51
124 142
174 193
78 190
207 72
303 182
52 77
137 305
74 23
71 5
181 105
220 189
8 64
177 156
299 142
103 123
194 229
265 43
96 19
232 304
90 211
161 141
290 299
122 38
324 195
43 179
299 264
44 308
3 220
139 303
38 241
101 232
146 40
276 244
58 184
222 149
69 57
289 33
33 87
71 31
281 115
211 255
55 255
237 57
149 50
37 189
293 137
95 113
178 47
31 235
230 255
60 298
313 23
6 20
111 76
50 67
192 261
321 246
190 234
305 15
286 16
203 255
152 297
42 4
20 75
240 249
6 299
222 318
323 227
13 108
304 62
176 170
324 171
92 188
82 71
205 42
88 82
296 241
56 14
246 75
90 162
324 95
135 222
90 134
125 102
244 103
165 94
274 164
267 40
28 25
113 232
66 200
316 38
118 46
53 38
120 145
200 120
241 11
16 5
145 142
106 65
244 271
160 194
111 101
236 140
125 25
49 192
226 39
231 18
86 286
56 207
105 255
2 20
265 19
25 86
163 130
152 81
77 312
277 189
89 187
6 216
211 54
84 113
94 315
131 179
275 186
62 56
117 65
75 58
84 101
146 246
233 297
3 309
285 281
175 49
142 180
264 29
235 24
144 3
13 274
183 289
136 244
19 252
309 96
311 69
196 131
316 103
105 320
89 64
276 265
114 94
119 54
125 28
78 268
32 92
216 56
26 134
76 279
119 173
266 187
44 72
179 148
178 174
238 243
124 177
32 219
297 87
18 1
164 285
32 256
177 247
313 202
58 65
157 176
238 98
40 283
171 218
105 23
66 20
267 191
196 300
85 168
62 102
168 225
64 202
157 240
125 146
119 182
211 275
35 123
49 74
80 219
291 186
243 32
205 185
224 78
161 308
247 222
87 91
124 150
292 280
64 94
101 182
275 313
134 309
110 182
59 191
78 25
53 320
58 260
181 281
12 17
264 260
240 25
25 38
176 319
318 239
87 95
98 38
82 231
24 193
87 82
58 166
108 112
161 165
46 18
121 59
36 61
318 276
87 20
315 262
15 309
177 103
78 274
140 161
181 165
30 270
249 89
110 31
201 272
198 246
292 318
307 2
55 301
279 143
320 269
81 9
252 257
111 7
208 253
167 65
94 199
9 17
287 119
50 162
67 247
85 33
241 66
35 295
41 315
114 38
258 194
48 187
127 161
193 11
88 36
76 181
234 84
200 198
204 249
34 271
172 120
303 87
185 14
58 228
4 171
267 263
41 314
126 167
149 318
178 238
31 255
96 266
15 297
138 221
220 174
166 66
293 145
154 155
161 211
59 166
58 325
103 98
315 229
266 141
223 120
53 255
49 150
198 66
121 10
286 17
185 128
84 153
272 237
309 107
124 42
272 181
43 52
280 32
282 221
174 181
15 227
113 66
53 310
131 174
319 91
190 179
218 274
8 166
187 318
275 311
34 223
168 78
274 123
111 232
18 285
90 34
188 202
99 240
186 231
90 181
321 280
36 215
230 43
56 91
35 7
78 70
229 246
149 180
43 260
86 62
219 177
95 83
53 196
324 238
101 89
96 99
43 131
315 274
176 47
41 212
53 119
282 39
107 136
81 41
223 144
261 75
238 18
129 108
17 44
211 107
139 311
151 269
300 99
119 22
139 6
74 259
289 30
297 70
167 54
113 67
197 48
141 112
68 271
221 86
314 108
194 127
93 19
71 68
119 191
89 257
198 164
193 163
196 166
235 37
222 22
103 95
71 245
206 140
193 104
227 181
211 95
308 304
113 55
48 231
247 138
165 120
301 34
282 171
199 191
210 95
214 314
192 285
236 72
101 103
177 3
285 63
99 267
41 214
323 90
121 245
227 285
41 202
320 324
50 194
190 261
290 80
249 156
41 161
230 142
263 81
146 223
143 244
166 185
134 166
274 255
87 177
216 127
56 211
125 105
79 316
42 45
71 290
203 113
126 107
254 65
187 76
289 7
322 132
193 130
297 142
59 58
320 275
186 50
162 312
154 242
305 197
286 50
162 163
162 289
271 93
30 133
168 319
141 166
125 8
296 98
151 31
157 146
307 17
195 143
5 26
59 309
222 22
35 60
184 199
25 132
291 55
266 135
50 81
301 176
90 273
273 241
303 104
63 285
122 257
102 126
284 163
112 183
184 146
242 44
19 267
175 309
323 115
121 47
195 96
222 285
43 171
202 22
276 264
306 74
197 85
199 156
247 312
13 105
133 256
148 151
199 325
137 196
114 257
244 311
29 142
272 73
312 148
94 264
88 77
12 284
161 213
116 82
199 130
188 6
63 12
159 261
11 295
134 127
228 52
112 256
196 60
5 182
207 98
121 296
176 134
256 11
21 49
94 220
178 283
227 242
295 60
178 307
29 313
108 258
41 221
188 236
280 192
95 163
292 217
135 144
25 66
155 46
114 250
267 293
208 168
210 179
228 64
162 258
51 272
191 91
169 55
2 124
249 96
288 217
314 98
35 13
163 191
58 278
116 324
245 325
169 131
180 73
194 18
5 246
289 197
12 133
252 15
258 177
112 220
68 100
319 102
112 156
293 172
110 85
172 30
86 15
160 267
87 31
284 94
276 250
290 289
57 218
303 316
69 91
212 136
192 206
240 304
38 209
152 148
295 323
179 55
15 323
101 45
281 196
321 205
163 286
263 55
264 255
126 31
142 263
223 22
177 203
59 62
29 206
31 28
59 85
42 74
82 145
120 40
15 117
246 179
78 186
234 18
115 36
48 256
298 270
279 152
149 13
213 177
218 244
207 279
5 248
29 89
69 148
128 86
265 50
264 17
235 174
34 27
209 83
282 182
28 238
8 178
250 220
30 144
138 236
99 145
160 127
233 229
275 35
316 216
84 254
232 321
103 267
22 311
24 305
169 53
217 176
231 141
73 262
287 212
174 60
31 8
187 263
238 138
299 230
28 58
159 261
55 263
204 78
250 229
57 94
282 274
269 189
91 18
127 54
230 300
114 260
309 302
198 224
114 171
128 143
230 288
78 284
225 283
36 150
186 95
243 142
45 188
7 137
206 133
191 110
109 304
44 95
280 243
318 70
89 122
212 320
85 291
279 309
248 316
135 108
87 52
252 131
242 258
268 124
68 133
233 178
113 278
272 69
196 264
140 286
63 26
280 147
318 235
132 240
228 267
24 314
320 275
120 238
210 64
36 279
198 270
131 310
223 78
55 95
18 194
55 82
221 11
228 213
246 35
129 148
303 152
136 299
102 257
212 313
320 247
266 192
192 71
178 91
150 232
187 170
102 241
251 322
253 156
211 173
190 14
322 169
166 135
142 269
66 30
256 61
277 198
252 145
268 107
237 95
13 98
264 115
15 191
113 267
21 1
117 212
14 113
57 181
249 199
126 315
228 58
52 181
255 305
2 200
86 238
294 99
10 234
215 26
99 4
293 122
4 86
8 18
200 65
200 124
265 1
113 169
58 164
27 313
143 28
187 229
268 157
4 279
65 218
305 165
221 274
288 227
34 298
244 233
39 120
31 303
122 145
148 182
310 174
171 128
202 34
33 144
190 38
97 256
255 78
97 152
26 60
53 59
32 298
294 72
95 1
49 216
148 198
72 132
47 242
261 250
275 295
70 141
7 168
71 263
246 170
92 273
229 146
7 262
119 302
8 215
304 58
105 126
255 179
260 303
97 195
227 49
165 296
189 173
139 262
111 61
106 202
8 9
22 16
272 142
319 281
31 298
13 138
100 269
318 34
247 89
229 148
137 70
121 3
242 261
264 29
323 44
230 5
54 254
23 325
70 16
282 103
313 294
242 88
239 234
121 160
324 26
310 138
97 107
140 14
42 78
44 39
121 274
45 174
202 67
175 273
83 131
50 72
101 291
161 14
201 284
176 200
311 162
12 83
268 151
98 311
230 141
24 25
91 70
200 292
137 49
242 221
181 293
294 281
261 132
296 136
92 146
12 77
309 23
161 251
175 258
236 79
76 261
105 166
6 304
135 142
29 51
39 209
18 7
164 278
140 137
91 231
282 102
308 266
127 143
193 303
78 104
57 153
41 163
318 46
142 127
189 170
179 227
56 197
236 221
151 52
32 241
283 316
20 267
256 146
84 125
125 163
230 181
315 271
21 310
316 162
113 182
8 292
85 63
165 322
286 317
49 317
235 6
307 254
272 239
76 32
39 200
197 268
58 188
215 78
172 206
241 287
62 250
253 148
315 94
145 275
85 193
266 321
198 250
251 146
163 1
179 203
203 50
148 262
238 37
16 86
244 256
47 307
182 301
130 171
71 274
120 158
141 63
153 15
312 79
162 151
81 15
29 285
67 178
223 306
214 238
68 135
170 117
116 27
94 245
197 165
195 319
324 12
58 151
26 44
231 187
196 314
204 226
273 272
78 171
252 294
85 321
103 255
112 220
281 206
142 154
45 11
149 45
23 206
195 50
251 103
239 122
91 117
22 40
65 102
212 316
70 297
313 174
226 100
68 183
305 209
13 26
220 162
70 244
42 266
293 295
45 206
91 135
324 114
177 63
215 63
55 284
36 43
132 263
144 202
122 123
85 135
150 306
298 221
224 16
163 194
310 208
76 75
19 75
189 197
139 80
262 194
41 297
238 174
237 56
50 33
180 135
167 6
117 139
228 18
155 65
211 141
274 288
216 295
39 81
166 178
162 102
48 202
76 287
51 312
17 100
19 198
236 188
203 30
3 107
47 159
171 257
300 122
221 190
91 260
272 258
112 108
35 159
310 112
122 37
98 138
138 118
12 51
305 214
80 308
322 126
141 167
59 115
290 279
306 57
213 254
315 324
37 26
159 23
137 280
61 236
94 198
28 105
248 8
320 4
317 316
129 132
160 187
249 124
143 229
183 30
160 172
31 196
199 191
220 12
146 280
247 241
154 274
23 79
283 17
82 274
10 213
83 169
76 6
294 218
236 153
248 70
324 280
267 199
145 161
210 292
117 131
208 273
82 230
26 39
248 109
315 257
321 72
102 72
77 73
289 312
225 213
59 226
167 325
99 312
163 309
278 281
116 162
228 197
68 253
238 316
37 227
249 34
298 28
105 51
100 69
39 324
283 97
224 125
99 325
113 263
308 67
218 98
229 123
297 298
52 209
290 88
112 214
124 84
241 228
136 17
298 174
15 256
273 241
57 48
240 169
312 224
235 204
321 140
1 292
113 55
177 77
144 288
292 267
48 209
170 183
225 142
34 242
74 308
159 130
32 75
298 18
298 210
223 295
24 226
262 138
280 115
215 98
78 183
40 127
67 211
312 293
29 20
209 103
4 44
234 37
118 207
54 90
93 276
60 118
176 323
256 132
112 147
230 191
4 271
320 72
156 306
40 184
2 250
288 5
296 197
43 88
80 96
178 172
48 239
289 226
238 219
32 24
42 263
217 46
208 211
119 40
193 160
224 194
87 188
200 57
59 242
144 138
12 323
311 61
236 275
286 148
170 320
174 212
257 67
259 140
279 52
181 146
214 79
16 300
267 215
31 2
133 176
140 146
174 125
206 86
76 167
236 246
161 86
134 94
154 69
235 107
120 91
254 8
171 271
309 114
160 14
116 292
192 257
112 40
58 319
127 134
160 39
56 322
124 191
91 277
259 325
60 55
92 315
65 263
260 48
51 96
64 166
64 255
99 177
296 157
171 97
292 7
136 22
4 261
214 96
215 147
97 274
201 189
264 265
128 200
315 178
296 53
21 34
309 119
211 279
275 58
52 243
64 189
264 69
125 154
166 14
300 263
289 178
128 229
119 255
104 108
109 76
162 131
111 145
250 323
100 201
55 154
119 17
59 189
143 213
30 158
189 294
122 41
98 27
160 27
132 269
137 207
108 268
318 252
194 317
29 69
47 184
189 167
200 250
30 20
137 59
177 325
27 300
43 124
4 204
152 135
