424 391
328 259
371 77
183 58
275 172
212 108
368 209
82 220
127 1
355 9
204 107
89 92
129 14
295 170
57 92
364 353
386 299
187 332
407 369
389 257
148 208
397 123
416 54
375 150
86 305
190 290
411 279
381 148
292 283
317 381
374 288
341 335
162 103
274 144
80 270
9 259
54 405
382 77
66 332
259 152
244 24
49 231
302 37
378 202
319 302
190 269
166 106
211 327
208 61
79 319
330 87
154 415
99 143
68 164
82 326
347 325
349 395
163 259
39 116
68 390
26 257
234 223
362 52
157 177
112 235
104 50
353 289
40 27
7 107
191 120
40 145
52 389
148 215
255 186
362 354
151 419
186 416
217 155
44 374
363 187
216 42
236 145
330 276
171 368
414 393
63 30
114 147
26 261
393 312
54 362
241 205
357 34
196 149
188 271
130 126
34 378
200 269
98 105
152 300
81 142
301 143
203 414
321 260
282 289
147 367
227 419
179 159
28 375
339 247
253 77
404 286
30 179
163 159
316 314
34 396
63 334
146 297
355 43
132 244
363 310
187 165
304 365
355 363
347 302
185 208
410 165
69 15
375 231
205 266
153 270
237 247
180 383
120 142
33 283
418 395
169 212
168 80
184 130
19 139
7 203
346 416
399 22
38 350
285 274
191 13
120 4
259 299
418 410
48 58
269 41
28 13
252 227
92 44
357 142
182 363
345 103
387 319
124 32
244 408
306 43
28 1
78 319
331 103
304 378
160 148
27 187
192 310
22 316
353 378
33 142
316 409
244 310
304 400
342 155
415 223
197 51
255 306
369 161
408 248
146 143
4 204
362 227
90 383
118 50
336 183
192 259
167 43
145 78
50 94
265 73
348 69
123 178
375 67
370 358
346 91
109 381
295 46
184 416
36 333
41 371
123 264
237 322
307 381
399 388
82 271
36 5
340 158
182 322
256 127
287 178
250 395
166 120
48 349
143 115
290 183
61 412
23 330
309 361
286 316
356 368
162 392
404 109
157 162
38 413
288 325
198 145
327 363
264 407
320 406
97 185
197 190
204 251
95 89
219 412
12 150
387 173
117 367
314 274
104 351
294 423
283 67
144 186
37 15
200 356
29 296
148 257
61 352
83 187
48 301
175 59
26 169
263 175
111 152
56 246
111 349
277 393
23 28
186 59
74 385
23 102
257 202
358 349
161 48
112 208
348 318
298 406
62 169
188 173
320 243
26 38
167 302
7 189
361 192
279 11
153 301
144 17
79 78
365 239
157 52
55 113
369 384
126 39
128 313
211 56
131 268
93 329
178 131
93 114
323 371
124 83
280 268
99 390
377 71
236 109
155 290
253 131
250 378
169 409
266 411
40 396
255 133
300 8
295 424
121 193
403 277
307 258
120 13
223 104
116 34
244 270
356 73
400 213
26 177
197 292
163 237
295 25
401 203
32 271
202 185
72 180
37 410
13 188
423 267
291 114
301 110
415 232
182 390
52 240
142 248
107 337
60 401
361 68
179 1
339 413
185 18
168 253
3 213
16 33
87 338
178 387
55 168
226 269
166 277
84 339
101 222
251 192
198 220
292 409
220 238
397 404
255 172
232 289
416 279
322 79
224 107
73 278
307 299
154 48
183 237
418 315
34 277
115 264
72 406
280 291
219 284
270 81
31 109
369 23
419 266
133 218
405 205
103 287
79 257
366 294
101 359
216 167
211 330
38 282
343 317
148 137
176 25
217 238
133 162
292 159
35 424
376 15
205 87
333 315
375 274
184 83
209 400
281 419
