321 1078
241 136
143 67
4 206
27 129
286 63
40 226
136 187
259 308
131 59
266 109
159 167
135 136
149 82
245 19
68 95
42 308
230 184
307 234
1 12
294 286
6 12
122 141
130 312
60 260
49 4
301 208
171 114
275 251
127 130
201 194
224 242
181 65
37 98
230 37
109 202
254 114
145 307
255 274
298 314
145 278
249 124
96 98
169 302
280 295
110 160
99 266
80 211
9 116
308 238
84 95
50 16
209 194
255 74
78 231
319 222
119 246
24 215
276 124
195 234
97 237
72 128
181 84
17 121
131 4
290 215
98 18
162 238
143 95
243 220
257 240
53 55
97 8
201 51
132 74
216 160
310 220
287 101
303 304
221 44
307 189
190 15
138 31
185 280
57 106
111 246
278 95
232 53
102 111
35 233
116 250
4 105
148 290
137 61
204 37
105 121
157 294
68 295
256 252
185 313
289 227
169 245
321 79
229 102
189 263
266 304
124 201
19 203
102 156
264 305
124 47
37 280
19 104
185 275
287 49
198 254
207 45
110 207
55 17
240 243
212 116
157 267
249 108
148 29
263 90
265 65
68 301
276 87
15 140
293 301
120 101
166 5
77 275
143 131
223 314
305 45
41 140
311 289
247 70
317 120
159 192
116 227
172 71
245 118
210 148
98 8
248 263
265 3
148 87
133 302
79 116
26 51
187 268
18 45
16 266
164 107
137 212
265 240
282 120
36 170
267 65
109 193
259 52
127 85
70 191
66 149
306 23
199 103
222 149
79 170
93 243
208 229
65 151
147 25
202 115
194 147
179 234
271 117
285 76
133 34
266 130
114 182
84 244
216 306
71 295
154 96
148 40
3 212
122 82
236 2
196 40
148 306
273 29
101 168
36 166
201 233
295 246
93 58
169 308
295 171
281 127
266 39
98 201
250 219
282 164
220 88
135 299
4 86
259 105
254 294
202 65
205 175
311 229
164 90
215 137
260 107
195 205
145 292
16 6
189 229
169 19
248 304
249 251
321 186
34 185
90 167
250 294
274 171
201 116
260 27
185 198
65 58
13 141
29 28
146 149
188 247
100 114
161 27
44 160
145 9
24 234
176 205
207 128
54 18
175 313
44 38
121 40
96 134
181 56
93 5
136 281
251 235
5 90
194 48
182 17
57 205
250 232
20 67
291 73
85 144
317 128
114 116
100 209
181 280
196 206
284 263
97 146
177 101
167 49
149 27
65 137
163 246
300 182
313 269
186 76
23 181
135 136
229 234
276 88
192 82
225 87
24 321
232 200
33 77
180 181
36 176
249 198
100 227
59 91
106 244
166 60
36 233
196 264
145 82
283 269
164 187
287 187
118 129
65 150
137 176
262 172
30 189
49 129
26 39
152 63
214 249
123 249
160 250
123 237
10 17
116 173
203 81
38 252
209 34
81 24
209 21
196 238
142 176
299 99
146 129
162 38
56 216
219 216
144 20
63 153
36 178
5 170
258 295
101 145
8 113
100 216
65 227
65 138
13 42
237 158
170 9
196 225
224 93
51 299
44 113
130 12
290 66
113 226
293 145
302 300
257 13
126 1
239 190
138 252
231 306
88 11
314 215
236 148
239 218
125 283
10 187
226 299
184 17
136 155
162 116
133 97
60 191
29 299
59 99
161 222
83 180
164 76
6 10
223 244
228 280
205 237
145 41
214 260
58 28
94 151
76 158
179 135
27 208
44 86
306 136
239 67
248 81
74 253
91 229
175 318
187 312
165 263
31 57
201 20
17 226
170 24
63 28
90 89
167 134
106 151
201 23
149 127
36 223
58 130
165 54
248 155
218 121
117 206
321 69
154 226
238 177
220 197
267 308
42 11
93 192
211 47
20 270
82 174
259 139
235 102
124 161
188 273
281 305
90 212
52 243
48 221
99 267
97 297
186 138
239 278
262 60
256 213
8 270
65 267
19 231
47 143
70 167
26 282
82 115
104 133
290 152
285 320
97 313
295 214
62 144
170 2
203 105
146 211
306 142
88 3
51 66
77 120
232 103
12 313
149 115
56 117
266 20
47 295
11 273
187 72
95 289
5 298
4 150
187 309
291 274
311 273
18 320
3 182
101 14
173 181
61 229
230 5
180 276
231 122
228 29
126 254
249 130
230 184
212 27
171 113
300 92
65 250
22 67
110 122
13 214
235 73
121 75
9 232
29 172
33 188
132 90
121 59
151 282
242 41
309 23
86 219
46 82
147 68
80 188
121 92
81 287
96 133
40 105
297 69
276 261
188 86
29 240
76 179
201 317
152 188
271 169
17 248
250 96
315 8
283 47
32 295
12 127
39 52
231 14
52 117
274 171
134 234
90 209
23 222
136 174
20 85
274 36
12 202
131 258
142 25
236 105
251 248
231 221
231 73
234 214
189 118
63 2
283 152
142 306
305 278
158 3
41 43
39 305
244 101
174 317
57 88
100 308
267 263
207 176
14 52
68 134
101 63
67 63
146 209
47 130
165 136
132 137
178 102
53 33
135 226
28 191
245 128
109 191
69 316
298 14
299 45
147 78
107 214
140 252
101 118
313 265
254 124
12 110
157 64
74 291
289 102
161 145
161 269
14 161
195 311
174 172
287 252
182 4
144 253
188 176
50 179
51 235
234 63
276 70
58 29
39 279
130 131
102 222
11 115
314 205
36 166
309 2
28 169
5 104
100 192
279 81
303 262
315 215
256 270
284 313
298 255
270 38
317 50
259 6
96 251
211 132
27 198
65 307
298 69
89 76
193 300
89 106
240 82
320 174
30 215
97 259
80 46
296 75
27 165
81 55
26 223
186 305
31 250
291 7
250 58
14 53
289 102
158 139
184 89
244 145
235 20
83 314
318 310
320 276
154 11
9 111
233 126
95 195
307 64
201 236
53 147
220 274
180 310
91 295
77 14
119 243
33 133
235 29
121 233
304 206
244 245
317 87
49 90
282 35
85 93
202 69
171 100
21 30
88 112
3 96
125 53
17 157
117 183
117 238
27 31
54 202
275 49
288 3
70 180
290 154
205 170
223 54
269 175
83 289
286 18
316 89
2 265
177 119
58 225
35 84
256 88
285 141
69 184
75 138
42 43
224 246
144 57
232 24
231 314
244 196
263 238
216 265
113 72
315 171
228 281
254 94
300 150
235 47
12 241
117 306
216 19
163 38
7 73
61 237
318 304
43 260
153 259
135 265
262 60
46 168
19 232
194 318
60 107
297 71
279 92
308 173
42 149
143 48
221 203
216 218
118 259
88 202
128 154
77 321
213 123
99 163
33 292
159 92
9 134
94 288
157 80
71 130
161 213
109 60
27 4
209 76
194 228
277 253
60 285
252 204
86 282
45 50
253 136
141 193
201 166
159 37
178 162
98 17
306 207
8 264
142 149
18 14
55 226
198 47
190 128
250 207
20 227
257 272
41 8
76 173
174 166
209 283
6 239
231 312
124 170
186 265
318 204
210 305
40 86
283 229
145 211
47 96
48 303
300 20
310 54
193 94
219 12
308 225
250 217
147 305
319 11
180 315
146 68
230 118
85 191
278 161
13 3
257 313
305 235
12 294
288 204
319 185
147 306
20 76
201 98
59 130
41 239
56 186
238 285
235 255
87 192
26 99
194 282
90 178
127 33
82 25
236 79
142 62
316 161
69 128
191 59
257 231
229 312
27 78
208 262
11 294
132 36
71 257
250 92
113 55
125 126
12 292
137 153
285 131
245 285
190 114
23 126
276 251
48 303
260 255
175 270
227 238
238 229
173 166
321 218
152 56
275 163
279 90
315 243
153 171
206 21
284 160
78 239
22 126
152 281
59 258
230 286
174 78
193 278
243 124
174 5
179 128
100 137
149 25
311 301
195 127
254 90
287 263
7 240
67 90
199 126
26 39
22 131
116 146
87 290
270 193
227 59
252 5
127 79
282 48
312 156
175 176
245 72
117 183
311 184
272 120
241 229
91 194
291 138
18 56
39 219
180 265
278 110
201 15
189 161
63 111
316 237
286 171
240 81
32 161
196 235
280 115
74 302
308 43
119 258
31 157
155 210
100 111
252 300
126 51
71 120
161 66
35 125
236 206
137 200
45 12
113 256
58 119
237 298
161 34
234 123
190 67
265 221
110 195
131 167
245 201
286 84
198 252
140 45
136 208
244 112
219 288
46 209
17 214
117 110
179 29
232 300
27 175
199 68
301 8
234 156
141 198
239 17
60 310
61 127
197 236
238 26
135 216
166 151
108 282
260 219
242 103
197 269
209 75
15 189
14 181
23 154
310 194
103 49
114 95
175 242
10 92
200 76
239 44
158 278
258 97
175 178
131 51
57 18
57 4
206 70
184 161
156 172
33 258
152 78
31 6
320 293
29 198
300 199
173 137
155 109
165 9
287 295
312 275
312 300
278 129
48 72
289 135
244 253
3 6
9 287
264 260
258 292
136 169
169 309
305 256
96 148
196 314
53 186
268 43
164 224
171 143
228 70
210 82
254 212
87 263
177 30
201 46
253 269
214 33
256 129
288 283
208 162
208 260
279 154
302 53
309 84
127 215
85 15
296 18
159 315
212 14
23 312
275 291
136 307
157 264
205 51
82 45
258 20
2 22
254 54
9 16
113 156
32 127
62 49
285 55
192 231
77 215
221 284
116 289
201 205
163 85
187 245
129 123
264 63
144 196
48 84
143 160
171 175
219 233
155 182
287 26
23 296
172 176
190 219
143 69
102 305
85 288
160 146
21 35
208 96
230 187
180 305
279 282
90 176
193 176
289 91
133 312
65 304
166 254
134 240
254 167
155 18
66 315
163 86
281 302
114 121
167 225
104 56
185 125
231 57
301 131
147 112
53 143
27 150
7 92
68 260
258 154
209 2
