614 2451
493 612
390 118
15 515
196 271
543 443
528 202
492 459
10 119
183 537
128 95
110 15
112 395
421 406
168 538
342 430
439 220
427 600
109 441
500 304
98 201
133 11
402 396
241 183
515 423
105 414
290 214
429 173
380 235
578 547
158 78
362 368
69 175
126 178
1 11
481 484
211 613
266 384
167 506
566 67
87 442
480 148
41 66
320 192
72 284
511 230
133 30
369 201
204 494
378 591
277 245
232 259
15 498
29 181
389 594
19 247
422 271
394 234
336 100
198 408
155 94
409 287
123 549
487 99
201 23
75 477
39 306
507 53
575 535
6 350
515 410
368 94
452 148
99 560
19 296
353 559
161 533
231 284
239 489
154 439
283 228
73 321
305 580
146 266
500 537
387 172
332 526
37 170
59 522
115 463
203 239
407 364
543 409
419 167
56 572
378 338
571 450
45 33
187 190
70 459
498 456
16 215
140 439
156 198
346 42
433 320
52 611
455 366
406 259
533 233
602 296
570 558
517 386
363 476
347 432
320 230
46 107
217 185
545 144
154 48
572 586
368 9
355 208
375 146
239 65
150 226
132 105
556 420
263 304
281 609
121 600
611 552
93 213
122 409
128 276
457 85
19 210
480 373
189 240
290 427
76 439
39 207
316 594
398 578
55 65
344 175
50 340
113 528
324 6
323 224
53 165
308 458
146 173
216 334
184 278
147 31
488 571
9 189
322 407
538 376
471 40
322 520
151 206
206 247
212 528
470 264
464 163
107 609
108 95
100 63
144 18
94 403
588 102
592 67
508 287
442 136
98 150
42 249
127 19
495 338
546 122
374 395
56 252
161 163
118 260
612 261
50 91
50 23
578 413
90 244
471 303
379 569
224 192
589 351
210 241
74 141
362 219
307 417
471 239
352 360
499 349
393 548
211 442
342 560
12 203
189 254
278 340
594 501
531 568
237 127
194 83
39 327
73 118
130 315
356 253
61 12
373 453
331 583
52 59
300 63
33 489
88 310
214 68
583 516
407 591
414 601
59 453
85 132
570 214
446 83
238 278
95 610
116 425
350 167
255 36
1 60
296 89
369 281
156 109
182 562
86 596
320 530
206 405
433 547
390 37
15 14
314 109
395 430
306 131
596 560
166 597
5 233
457 146
513 612
254 466
331 111
447 37
27 424
213 459
356 602
495 371
387 581
251 168
396 556
70 149
274 235
517 278
467 359
195 137
128 449
602 231
331 207
39 357
16 251
588 144
10 240
286 169
206 536
108 373
250 177
294 523
183 196
186 35
327 381
557 226
601 544
456 317
522 494
446 538
516 419
67 298
430 352
466 22
45 573
166 294
135 459
202 317
427 160
123 525
312 65
522 298
380 364
386 288
15 217
597 303
407 435
600 223
172 451
16 602
181 282
315 26
255 403
224 414
297 134
497 133
41 180
512 176
338 571
577 326
553 265
119 373
22 113
316 472
128 76
38 308
357 124
105 383
526 100
569 208
233 451
340 46
403 9
607 126
352 569
223 62
605 341
207 12
453 522
255 352
597 292
432 111
187 308
266 98
408 220
77 412
442 188
457 230
583 450
127 320
176 350
381 167
462 587
564 73
267 205
424 21
268 13
518 455
321 169
324 114
160 401
525 601
360 140
603 328
589 501
33 536
8 186
88 470
158 424
314 424
14 509
217 281
522 120
121 228
288 445
113 447
3 23
205 362
548 193
462 294
80 266
216 87
451 75
328 381
498 27
576 511
536 178
564 443
297 70
442 356
286 554
188 288
348 393
422 282
357 41
347 436
306 562
295 529
409 8
295 292
35 256
575 342
434 524
556 502
365 383
244 37
94 203
96 213
595 289
494 110
329 613
545 407
560 611
321 354
5 387
418 425
414 378
152 233
59 93
507 423
475 136
231 340
338 327
552 91
1 204
586 102
202 288
508 533
285 600
45 289
372 462
99 171
611 22
176 55
114 68
249 360
589 480
85 84
578 408
560 578
611 531
451 198
205 344
117 489
329 161
549 86
394 419
29 390
440 204
216 553
43 236
70 17
101 540
100 450
333 432
186 330
348 22
299 324
366 187
584 466
119 518
324 512
322 352
59 533
327 46
471 369
282 312
385 154
237 256
604 570
459 175
57 579
582 355
288 333
542 258
571 432
547 52
102 27
403 160
559 115
592 188
255 259
499 25
184 508
52 173
463 511
119 519
475 87
31 534
191 344
563 533
162 496
584 35
294 372
194 238
258 557
197 512
201 468
308 385
361 132
329 595
414 220
499 274
306 301
579 268
417 528
187 578
181 156
384 474
300 577
483 329
520 66
227 492
533 306
34 51
209 135
31 8
354 301
53 431
601 18
84 403
317 270
138 497
426 521
128 111
256 610
439 547
447 437
196 137
515 230
187 109
136 217
117 489
517 169
305 276
572 388
450 274
44 588
542 241
266 55
123 293
51 333
225 497
156 421
406 442
422 592
550 557
581 438
203 483
379 507
530 108
52 366
382 481
111 309
493 376
364 1
55 186
334 51
454 261
243 245
474 50
609 181
378 575
5 580
215 155
244 131
262 68
496 29
548 378
110 427
139 245
199 579
430 532
16 269
564 258
286 423
80 280
604 229
240 380
195 454
534 210
356 181
277 237
596 597
614 477
181 525
107 379
261 308
69 48
348 404
78 19
599 157
70 588
385 309
125 351
535 44
333 276
610 381
285 363
135 56
611 315
352 489
466 613
182 306
46 530
481 123
320 465
51 390
210 208
470 334
558 390
149 48
438 531
429 494
51 335
549 48
36 287
308 273
57 490
350 102
177 216
611 496
453 47
43 434
254 513
540 584
60 74
403 269
376 603
148 199
324 469
18 131
527 325
403 583
200 524
456 376
511 224
30 121
43 458
555 68
356 480
37 188
325 212
456 87
200 376
285 523
230 302
425 528
12 599
496 598
508 109
131 177
333 546
297 147
390 237
214 131
488 23
90 199
234 318
57 205
79 341
114 80
414 538
607 197
295 260
566 188
140 83
364 244
14 433
390 403
441 604
306 315
12 395
513 17
484 569
221 334
67 106
185 252
416 563
220 96
594 172
283 120
254 419
363 39
237 525
442 63
514 519
149 297
71 433
313 555
159 533
46 225
25 231
248 440
179 468
535 159
411 589
50 393
412 474
401 322
301 236
607 205
384 289
48 589
373 602
133 292
33 130
88 35
377 527
214 2
219 144
184 193
193 5
358 376
479 144
470 551
151 462
528 307
523 575
281 562
413 344
366 542
431 401
77 115
386 464
333 529
34 526
493 38
41 254
516 570
109 453
107 343
366 185
251 326
465 303
45 35
419 182
349 7
582 425
122 125
46 226
425 79
523 303
117 563
557 404
519 51
242 11
165 379
581 187
476 431
262 520
237 66
88 585
72 441
395 579
566 441
577 376
291 485
451 179
434 393
583 338
215 596
120 380
361 86
566 222
288 213
514 524
50 373
495 508
199 47
472 536
259 206
70 322
77 520
500 510
70 468
5 284
222 510
435 582
367 387
575 426
371 246
335 421
4 601
314 203
420 557
510 64
149 579
385 611
256 43
278 325
510 54
381 503
563 201
470 87
359 203
512 502
448 4
308 452
377 393
426 182
107 93
17 27
444 174
23 85
216 72
182 497
125 334
386 73
534 13
545 51
215 442
552 435
218 17
44 594
409 241
161 287
333 177
86 548
350 108
19 337
566 586
220 76
305 605
149 610
389 465
432 604
293 369
196 282
385 11
261 565
251 421
10 355
369 95
289 491
588 79
213 539
436 432
1 512
194 535
507 583
385 97
344 449
465 539
116 8
549 148
344 571
568 353
83 95
219 371
585 193
221 183
503 42
387 275
553 580
195 218
320 352
314 49
572 550
359 460
557 65
607 59
21 333
183 104
427 402
246 169
366 467
351 26
508 509
301 219
475 267
436 566
4 135
1 576
456 359
421 399
424 185
229 216
517 411
91 329
584 337
497 107
189 6
519 468
514 205
458 146
471 279
98 247
185 484
594 27
228 400
197 423
584 425
25 259
607 115
587 349
223 242
227 183
19 131
423 304
107 266
222 350
545 319
596 501
574 575
527 187
132 109
382 487
305 178
131 70
64 490
190 287
503 416
469 521
319 277
210 425
315 431
160 245
521 527
131 252
487 430
439 390
310 592
263 1
155 165
456 218
40 31
276 314
446 517
220 536
565 202
347 265
404 278
281 83
191 412
334 449
227 544
611 536
521 31
308 447
195 149
437 7
179 98
320 397
386 312
318 337
513 436
373 74
100 40
156 62
451 490
282 449
191 278
142 98
308 222
544 275
142 138
281 93
236 372
489 393
69 578
115 353
400 488
427 271
527 582
332 135
229 385
355 420
49 268
289 128
261 604
174 403
128 454
495 135
598 141
527 52
104 28
405 503
287 603
159 585
570 262
491 571
33 231
376 467
270 436
366 531
425 540
319 324
151 585
458 134
111 371
572 214
170 134
489 228
122 419
198 463
67 460
419 485
462 566
337 117
387 474
33 584
399 123
293 550
93 137
455 589
279 412
189 220
545 63
447 52
481 416
287 319
261 91
189 108
429 297
610 587
157 29
556 555
537 235
262 402
143 103
376 193
286 564
412 217
398 16
40 37
203 326
355 463
189 316
342 3
612 337
589 540
137 531
253 446
537 286
233 451
388 608
415 60
330 212
48 499
613 87
535 201
185 48
435 373
135 162
375 518
270 121
444 179
423 468
10 117
139 14
567 527
7 139
358 108
350 177
607 348
263 299
320 219
118 140
591 252
73 123
156 115
16 371
293 438
224 74
555 362
87 279
46 479
418 403
359 539
351 123
45 614
421 364
604 311
276 353
562 348
475 103
462 490
473 526
86 468
599 26
216 71
76 261
322 265
436 66
576 172
188 6
557 380
141 547
76 416
285 24
536 531
512 155
179 143
67 264
610 51
61 211
508 522
244 601
173 65
52 134
8 11
525 565
390 51
269 466
239 325
261 160
241 158
314 191
72 152
454 68
203 286
50 482
194 65
468 138
515 519
43 523
301 567
245 76
389 513
313 13
609 573
558 7
503 30
198 574
181 423
413 155
95 235
22 60
299 489
197 200
165 239
108 465
577 124
313 351
408 11
136 402
584 465
408 244
494 605
203 61
414 2
215 508
8 9
339 306
497 535
277 434
545 384
56 279
279 368
401 72
379 536
473 120
387 267
363 38
29 337
98 442
110 85
107 117
93 445
423 361
137 85
180 67
241 8
345 291
375 132
363 525
439 221
416 597
259 550
21 288
273 504
501 382
588 608
499 452
210 79
199 347
549 150
413 561
543 530
10 304
433 372
600 29
364 402
12 395
337 418
68 381
307 340
149 53
333 419
504 315
269 474
47 589
396 459
308 324
146 317
399 350
460 157
379 209
558 162
603 52
579 442
205 271
554 353
323 44
543 599
358 583
458 404
329 11
21 22
107 166
110 505
288 569
47 52
550 376
213 310
200 177
524 404
219 463
528 542
506 228
298 250
196 527
39 296
538 59
318 416
611 199
306 284
154 125
107 475
272 91
170 471
267 79
32 257
541 559
570 205
172 253
454 139
166 264
435 475
323 524
276 91
494 353
146 33
477 252
279 135
342 449
377 380
299 409
22 226
353 364
430 297
2 41
207 553
304 413
185 398
322 460
260 202
585 405
6 447
428 285
353 155
505 502
306 189
296 100
186 420
463 387
488 236
427 81
175 503
493 359
286 587
591 318
560 561
108 337
165 536
393 518
462 55
177 540
244 472
411 201
49 259
588 537
266 172
389 440
446 39
571 504
397 547
207 114
493 86
451 429
393 1
104 241
56 280
552 71
523 348
43 572
378 16
266 29
574 40
469 405
464 197
294 247
515 272
132 165
358 354
593 136
355 83
148 182
362 85
252 271
204 294
614 581
82 265
610 427
76 236
603 311
204 283
329 104
554 461
268 69
200 246
205 554
328 352
507 462
209 530
504 412
210 503
379 63
539 146
261 614
153 249
82 356
531 411
459 243
257 112
311 456
129 287
168 457
25 60
76 233
590 579
30 571
467 180
405 163
97 51
548 249
299 15
376 602
425 606
2 67
103 312
295 4
371 234
232 395
293 307
399 40
271 200
382 509
152 172
57 248
222 604
269 293
390 30
280 201
22 281
39 510
364 333
285 120
338 516
286 403
208 70
442 250
42 596
144 193
153 586
212 147
347 480
439 123
282 490
95 75
156 133
356 291
238 27
411 575
542 468
363 522
538 577
157 351
558 73
543 482
430 526
14 163
164 224
57 445
99 151
291 26
55 32
317 292
444 499
25 144
352 387
51 47
121 593
397 64
437 97
546 253
395 331
187 558
555 243
388 425
165 450
223 219
253 539
511 83
423 307
612 546
79 434
593 586
412 147
35 235
16 352
259 410
455 445
353 167
73 512
591 9
347 199
227 371
509 225
89 201
222 21
52 41
385 23
225 303
443 459
318 567
103 113
407 319
237 573
163 134
321 171
252 292
397 395
186 64
5 47
264 613
67 87
39 223
109 35
525 552
493 1
276 367
499 68
71 122
412 5
27 118
175 51
409 344
445 367
407 449
413 442
447 251
529 258
245 409
292 155
118 557
541 393
81 426
460 538
547 257
542 573
147 103
9 327
446 225
79 10
446 263
451 278
285 137
307 529
546 371
456 49
313 382
442 393
193 59
88 511
88 16
470 234
504 250
560 335
247 411
344 78
445 566
127 116
89 434
416 20
190 257
68 274
411 281
52 375
112 526
272 199
541 513
204 430
534 149
536 166
331 37
243 162
602 370
49 76
189 464
481 150
493 321
423 289
601 246
49 98
157 320
68 83
604 271
284 524
192 205
75 522
241 318
455 229
459 503
76 419
353 557
568 3
263 148
63 21
393 111
505 550
203 572
404 192
1 460
487 192
436 562
99 63
37 554
63 495
214 524
299 338
466 24
340 500
171 402
293 335
285 183
42 259
526 446
222 526
63 95
103 498
42 588
332 78
299 394
344 512
304 414
8 541
437 347
199 379
521 491
99 191
445 141
449 356
358 56
40 192
536 528
75 577
501 407
426 571
572 541
241 261
340 248
574 548
366 544
312 272
192 183
462 22
95 68
149 452
510 188
29 431
102 489
166 374
281 363
103 239
290 343
271 401
590 2
335 113
545 418
385 122
600 4
529 466
458 64
303 353
23 103
555 124
364 106
270 30
469 372
40 530
486 83
316 233
84 422
345 401
226 115
294 597
505 209
449 348
272 523
86 294
398 412
190 147
518 231
562 144
374 602
445 245
70 146
477 539
568 593
325 565
480 5
547 370
213 381
103 256
62 574
549 459
371 510
377 46
126 324
575 499
83 405
129 538
323 377
463 276
128 559
226 607
563 544
362 547
83 236
188 144
581 509
374 109
404 522
155 302
3 501
186 86
64 87
9 386
235 243
433 362
188 44
126 522
359 259
455 441
494 28
356 232
308 501
341 98
408 267
171 411
153 128
268 216
214 276
373 221
291 191
354 478
6 480
385 365
124 611
577 390
25 319
7 104
205 347
587 613
385 143
181 538
271 448
525 256
495 56
476 171
246 216
420 252
467 577
388 590
573 350
365 369
54 144
473 31
262 445
415 33
360 595
342 16
428 24
271 308
79 519
251 325
120 56
348 586
18 121
333 363
470 117
296 613
361 326
260 192
126 64
551 492
405 338
305 429
608 384
279 284
406 603
403 462
108 146
251 614
251 385
242 106
502 537
490 248
20 521
211 531
585 533
408 147
256 484
575 22
253 240
305 45
614 480
278 494
397 300
493 419
71 120
296 344
42 557
363 447
464 346
363 206
264 156
352 292
25 85
85 50
96 161
480 95
412 143
588 581
214 239
157 284
358 453
399 172
395 148
4 16
493 367
221 528
294 573
591 91
429 61
140 524
608 391
4 177
533 364
143 518
602 300
574 117
524 358
288 76
505 292
92 155
430 312
69 109
42 431
199 470
492 110
379 257
500 155
433 190
290 348
94 49
33 439
165 328
182 453
403 459
516 494
385 331
578 453
211 5
42 410
247 305
291 11
561 177
551 379
138 612
498 3
46 302
441 597
15 395
207 418
239 108
69 9
210 32
234 420
423 275
601 55
579 278
451 525
226 160
61 363
157 559
138 589
246 578
571 33
358 549
450 368
42 290
377 23
322 382
442 130
42 429
570 392
92 406
74 317
337 134
451 494
464 588
468 482
324 196
514 67
130 121
207 557
410 583
579 503
350 406
404 163
220 359
554 83
537 13
171 259
532 394
524 382
139 149
21 462
344 306
301 473
198 507
415 379
247 151
268 596
557 443
530 548
574 469
403 268
481 573
298 398
124 208
551 263
356 343
496 86
34 182
330 231
460 517
610 92
53 35
459 381
477 374
87 436
228 489
475 480
219 159
36 343
366 586
377 493
315 258
350 120
212 66
351 57
354 118
535 178
538 379
559 400
525 417
608 138
291 468
390 281
12 425
395 149
168 157
28 254
187 377
146 398
214 496
226 567
385 146
517 308
525 233
479 435
35 244
344 97
484 505
377 495
315 158
416 255
86 215
280 272
591 425
441 577
78 53
529 462
198 203
541 494
435 178
86 469
421 430
565 290
320 100
557 407
29 358
433 114
572 98
158 320
295 598
282 372
36 583
606 6
171 304
499 606
481 585
232 288
172 569
577 263
54 519
441 82
34 31
581 377
129 124
83 195
494 136
566 301
104 329
306 275
19 577
38 271
319 41
558 490
609 293
524 48
583 351
515 3
381 482
151 281
377 5
475 256
141 199
557 244
299 20
290 89
596 99
360 300
140 303
561 134
595 471
568 336
593 240
338 359
107 260
412 256
265 44
283 405
14 225
420 313
17 482
401 384
352 146
70 263
221 402
397 587
258 122
308 8
361 417
139 240
63 550
267 99
593 549
503 607
546 80
77 562
333 249
331 71
395 172
333 387
574 501
359 603
394 439
611 527
241 135
152 75
456 190
173 206
124 447
584 55
299 46
2 17
295 105
473 461
276 192
5 235
464 363
610 244
573 378
542 200
284 465
46 125
40 219
102 163
437 72
218 121
503 605
138 569
95 610
415 371
573 419
377 195
554 144
210 512
521 137
483 190
601 301
86 26
519 188
188 113
31 177
234 533
168 143
488 34
524 60
404 483
251 553
449 576
82 44
245 603
180 500
564 552
186 36
577 476
609 536
588 25
99 593
329 38
121 588
71 31
420 247
285 56
185 119
403 38
548 33
412 113
532 362
50 103
169 398
578 163
319 324
573 189
302 287
226 423
261 297
225 66
315 509
507 271
399 67
308 332
99 106
216 403
239 37
505 407
434 241
341 138
336 71
327 23
129 324
217 389
392 441
226 92
107 504
362 505
570 56
608 441
547 209
229 171
245 505
349 450
517 461
588 238
303 72
261 431
167 249
592 559
76 589
36 182
479 398
459 206
225 452
32 157
433 32
99 63
537 219
285 211
451 258
449 139
101 481
341 267
115 318
211 576
293 19
530 543
416 374
520 26
597 552
568 415
355 438
250 49
428 534
260 264
563 480
174 435
118 514
473 232
604 456
580 282
474 495
596 275
254 501
72 8
210 411
423 565
6 444
613 433
135 30
468 469
509 413
289 12
84 533
16 73
374 595
126 233
247 107
279 272
380 122
279 589
304 473
311 309
74 82
127 208
111 366
62 392
164 122
175 248
41 190
320 414
556 218
33 574
96 83
231 475
205 510
222 508
140 532
589 214
385 101
421 496
467 483
273 402
376 219
35 416
181 127
216 508
344 20
468 439
488 84
72 78
365 65
358 505
596 332
104 367
204 524
20 442
164 64
230 540
282 264
113 462
390 328
356 505
119 595
102 607
64 173
456 429
237 585
319 604
302 194
128 278
103 533
105 39
596 334
350 36
598 462
269 145
562 396
422 66
376 523
444 440
467 286
26 475
256 116
236 330
309 364
607 183
54 97
221 422
203 342
457 572
190 497
488 523
279 295
360 426
589 190
23 441
247 48
73 274
163 309
603 243
444 367
426 497
236 418
304 438
146 532
395 107
415 40
401 465
335 146
276 309
107 299
522 353
346 594
13 281
288 387
295 503
526 106
386 147
296 461
356 213
379 522
91 565
561 491
415 281
22 76
362 129
374 269
253 492
20 37
544 80
196 224
582 107
102 125
25 397
586 380
609 350
287 85
300 233
575 100
286 368
561 419
268 93
73 521
584 478
329 513
557 524
508 525
402 609
35 426
391 392
191 157
513 249
241 198
254 587
69 311
341 402
115 380
494 573
286 463
436 387
133 379
296 26
61 84
21 481
509 183
259 472
340 157
492 352
127 131
325 581
441 437
368 327
202 247
285 260
481 107
32 385
257 99
183 89
182 589
341 463
157 371
92 496
300 583
6 426
486 330
164 84
538 304
411 125
550 467
156 189
573 187
345 601
286 527
461 239
501 188
87 44
330 564
311 15
533 316
212 404
417 376
259 340
65 55
237 386
522 392
346 252
579 77
11 22
603 471
260 490
430 119
305 146
68 1
546 372
89 144
547 505
519 192
3 355
246 239
512 539
16 244
177 366
320 573
159 308
201 191
569 17
309 259
548 148
32 251
292 120
394 224
396 70
415 398
196 433
22 94
357 38
337 305
175 42
263 334
121 464
524 462
252 604
106 571
523 207
200 28
373 424
196 442
224 593
24 428
1 117
171 424
225 247
370 38
282 89
158 131
384 391
154 373
269 496
54 177
474 253
591 232
62 172
60 58
150 469
257 536
357 199
345 581
446 101
4 113
575 547
15 117
324 554
261 592
435 314
540 294
567 516
526 400
73 357
229 609
597 486
530 339
456 33
77 287
519 80
171 479
398 185
595 493
124 14
242 558
327 168
10 51
455 307
451 528
49 451
522 417
94 209
141 550
241 217
608 145
68 165
396 237
349 148
502 245
161 129
574 488
68 583
538 523
47 146
208 95
369 501
511 462
95 423
169 336
411 163
252 250
327 33
487 447
181 374
77 341
274 423
600 114
163 524
22 210
441 1
76 195
501 587
