521 3427
382 330
487 171
24 46
427 356
386 348
397 206
176 263
336 238
399 436
351 512
339 407
431 292
493 265
479 106
10 95
335 73
106 301
243 129
346 148
485 412
496 41
97 150
505 113
68 383
27 99
54 47
505 484
338 157
429 295
262 439
390 76
192 176
57 434
304 402
60 469
494 236
509 271
67 174
383 134
237 91
233 290
137 418
454 474
54 361
449 517
480 519
71 150
173 329
62 158
411 324
105 384
240 295
133 306
468 516
121 385
85 353
153 423
451 287
56 185
126 504
181 287
183 453
117 355
261 179
512 150
183 298
214 422
71 347
409 219
22 8
82 308
41 436
209 172
403 264
357 209
448 218
495 109
351 91
145 292
471 337
123 334
113 336
234 385
161 323
82 182
330 365
489 51
481 378
223 362
120 58
50 249
477 225
357 306
315 182
279 466
200 401
278 312
215 193
378 57
515 140
440 5
186 89
55 145
466 277
188 267
15 439
515 491
344 31
478 138
213 235
284 412
114 41
404 9
233 260
65 428
81 186
432 266
274 487
410 218
242 278
484 257
397 477
428 220
189 384
38 82
299 321
493 93
361 56
102 274
518 368
181 77
32 91
342 305
258 432
2 500
391 166
437 266
324 343
485 512
408 1
72 387
3 245
480 44
502 262
318 498
108 179
255 342
471 75
327 208
188 9
388 57
175 303
322 498
326 488
169 414
169 240
280 171
484 440
215 145
180 213
122 489
391 376
309 340
132 317
26 319
325 94
375 499
396 377
156 403
343 324
295 512
42 53
363 206
173 56
351 352
268 153
320 339
209 309
158 340
104 385
339 110
479 394
87 34
250 243
436 273
247 412
263 491
145 105
377 318
362 206
148 311
39 148
128 248
138 487
268 443
32 86
31 510
479 118
224 409
41 341
161 489
231 104
458 375
410 314
171 251
200 521
242 239
147 369
486 16
434 408
47 519
438 237
158 34
460 45
276 279
407 244
190 511
180 44
80 174
416 330
374 415
252 91
243 100
257 207
115 169
295 161
369 212
397 207
447 16
453 202
497 339
126 165
9 507
208 88
160 305
99 12
400 350
102 121
130 39
9 244
409 303
85 256
514 162
143 121
380 75
322 355
94 128
519 102
113 408
391 272
191 489
485 69
520 267
392 128
305 400
53 193
383 339
129 57
182 474
177 40
27 179
394 322
306 391
104 99
277 494
52 467
143 15
217 141
282 87
470 65
167 1
459 28
21 269
286 202
221 462
241 449
321 113
249 105
184 352
406 142
5 457
289 147
471 505
489 433
70 438
179 236
119 318
466 139
65 230
21 487
373 261
414 172
54 141
479 238
173 363
379 178
500 146
5 130
130 494
42 401
91 220
318 209
16 262
29 283
172 251
248 23
512 141
195 44
483 152
483 337
195 21
514 173
167 518
302 498
171 343
58 261
243 375
151 461
317 381
222 489
110 150
192 302
290 386
27 454
218 509
269 412
9 463
265 377
140 46
353 311
69 91
50 514
466 402
453 463
261 355
111 52
504 303
353 475
369 379
407 268
367 356
360 56
297 104
432 436
351 465
427 419
34 158
411 180
38 23
324 501
377 434
31 360
417 64
313 265
443 400
213 490
234 51
24 211
154 136
327 504
281 233
83 516
390 174
175 108
197 498
87 52
91 319
411 508
383 404
453 304
282 144
474 196
194 178
87 29
313 414
213 72
327 295
268 397
469 442
185 346
99 474
397 392
271 489
378 334
52 309
318 334
133 270
210 7
447 297
35 440
391 248
192 398
223 460
273 372
61 457
196 160
409 274
30 361
443 88
173 494
77 491
508 209
441 197
215 367
174 452
487 43
380 158
440 283
96 393
134 156
9 10
517 418
283 227
459 406
314 312
379 390
281 365
279 403
242 175
450 415
105 415
138 165
51 56
447 348
129 59
185 138
271 180
236 234
407 173
119 199
484 497
270 446
21 27
8 263
403 457
156 507
350 294
352 82
30 278
429 159
17 92
296 287
474 212
521 359
384 320
238 27
295 188
153 517
417 160
258 298
95 486
126 69
316 409
98 72
316 458
89 434
56 243
124 55
80 188
374 519
417 349
388 48
26 283
410 485
59 185
58 23
310 328
20 399
107 91
194 43
381 484
158 437
205 483
172 486
150 227
164 247
256 30
496 281
312 384
245 52
250 504
276 240
311 295
118 417
67 311
140 447
475 297
43 360
259 417
324 89
122 168
335 58
198 309
20 509
374 264
241 102
448 517
341 439
290 458
334 37
449 155
484 402
132 207
442 390
304 244
159 425
412 174
164 290
164 183
479 16
127 199
319 53
194 138
492 164
277 506
201 204
139 365
287 271
252 207
341 35
132 181
459 224
354 303
513 517
485 470
213 90
147 10
143 21
350 315
185 105
299 66
510 438
430 477
389 160
365 208
194 177
388 334
400 423
115 72
418 79
222 312
370 50
321 512
70 149
305 456
455 83
521 125
201 110
80 68
270 125
477 144
301 25
477 381
447 273
452 24
32 153
335 401
202 337
392 473
485 377
408 100
140 88
426 340
198 186
88 148
311 246
291 90
270 449
152 195
200 82
420 231
436 234
110 318
49 182
472 214
240 358
515 379
126 419
400 4
84 168
151 394
413 442
164 363
50 315
238 249
78 137
160 194
370 471
193 99
334 143
514 52
500 508
111 306
405 191
310 169
359 460
41 452
61 407
294 312
402 10
241 160
348 400
354 398
31 25
496 45
167 489
298 347
475 408
333 39
280 121
208 319
262 450
249 3
16 223
315 99
435 34
258 261
115 292
138 347
518 314
391 365
281 167
392 436
53 204
156 13
5 44
331 266
174 261
471 392
164 466
490 77
180 226
19 294
199 358
321 195
150 190
241 112
356 111
228 90
314 383
102 319
107 114
265 483
374 416
353 16
360 321
295 221
227 313
195 425
149 516
301 298
184 20
90 19
130 318
108 125
381 411
124 169
3 69
130 376
485 482
73 4
483 367
224 188
158 419
294 508
413 73
486 277
294 55
295 423
372 83
228 433
494 351
80 177
420 209
234 64
169 306
67 332
151 493
520 510
71 292
177 164
45 141
440 338
195 416
441 247
498 148
361 151
179 440
328 77
128 40
342 498
26 409
309 378
61 509
366 131
481 223
294 4
363 414
22 239
308 143
166 487
492 5
116 150
445 124
428 253
365 249
431 390
338 420
246 398
407 292
209 47
514 183
252 37
75 273
477 64
97 121
29 67
126 346
216 251
470 325
184 515
52 93
65 389
513 512
265 79
283 154
126 477
336 377
194 410
331 149
473 427
472 182
493 76
7 390
7 157
193 190
150 446
282 416
313 475
407 258
33 168
411 158
325 225
13 200
315 343
348 469
450 500
129 422
256 337
492 262
493 163
132 324
87 414
218 80
48 103
337 80
472 428
439 478
333 133
156 126
156 184
73 85
163 404
187 418
219 157
159 191
521 290
195 86
384 412
367 432
196 384
192 146
290 110
304 101
444 459
226 78
324 501
162 486
383 348
382 282
504 221
153 503
192 347
269 256
440 316
368 316
178 241
142 467
31 446
46 474
383 474
30 387
134 394
351 197
422 414
478 405
315 110
67 187
137 17
124 55
332 172
370 510
412 512
136 442
117 182
75 180
336 307
46 469
179 396
144 79
490 302
164 486
411 433
151 229
130 274
283 461
446 334
130 17
5 266
140 121
128 214
502 144
520 26
91 177
103 436
458 71
216 302
35 308
213 388
15 342
342 499
484 468
513 294
485 198
38 103
520 367
518 501
510 517
207 281
374 309
397 310
61 294
91 95
80 505
163 296
7 505
475 490
451 148
262 95
26 502
197 25
347 194
206 17
391 412
297 243
200 375
234 260
147 5
35 428
509 198
404 515
383 38
164 312
185 426
407 211
87 284
437 114
158 323
130 27
213 108
472 93
482 184
33 107
188 68
215 377
467 97
371 328
134 215
320 319
119 407
210 407
372 327
521 8
128 129
237 340
438 187
114 398
51 146
185 238
415 399
93 41
495 144
49 108
359 369
107 158
456 518
44 306
323 245
516 450
54 231
470 492
98 62
368 148
410 32
66 505
430 360
25 85
504 73
394 22
122 500
179 57
496 424
43 499
147 37
108 201
469 56
171 45
320 219
394 410
452 459
393 42
298 417
126 482
171 200
503 292
178 362
29 354
265 72
12 92
108 119
494 56
376 345
302 174
43 175
62 175
314 136
216 90
233 22
252 403
221 233
376 79
276 85
432 19
156 124
110 466
242 83
202 97
108 184
472 150
358 215
325 353
350 221
442 61
243 375
145 463
288 201
223 42
285 335
60 122
459 372
268 179
135 150
477 242
333 428
73 372
121 78
203 151
298 325
413 19
178 36
163 466
438 385
507 404
400 248
206 337
300 473
197 115
303 152
356 114
58 109
485 380
186 368
9 484
172 422
183 30
138 26
176 55
91 364
139 491
90 344
306 70
497 502
184 278
133 18
391 392
127 36
251 514
84 259
476 255
159 340
487 499
365 141
32 456
504 170
425 274
194 411
343 169
73 5
446 407
225 517
277 351
233 208
24 317
467 500
252 306
318 217
485 363
358 516
297 21
366 402
295 240
494 116
408 45
121 13
451 345
9 408
376 443
95 399
238 242
58 171
228 375
387 192
419 425
388 194
446 435
277 219
153 249
334 242
495 135
254 105
479 464
512 14
386 287
413 304
7 470
474 437
5 21
309 423
445 175
297 50
290 52
268 443
502 283
365 475
417 97
58 56
242 251
69 308
16 481
292 225
111 245
140 115
467 129
218 390
303 514
440 72
247 388
195 429
149 38
383 247
336 121
302 56
371 370
44 68
330 336
292 121
261 112
437 206
240 133
276 223
327 396
496 254
263 169
162 92
206 225
338 223
345 118
480 397
488 3
464 498
19 234
97 481
26 214
165 467
346 121
168 353
517 143
86 460
311 449
30 198
152 368
101 496
485 59
52 132
263 515
310 281
429 87
240 454
300 85
80 326
206 248
158 403
390 445
341 381
372 370
259 2
418 40
178 382
99 230
194 361
425 504
323 333
69 41
467 50
328 26
375 214
475 11
95 24
455 435
85 507
485 25
189 382
64 48
444 162
479 116
204 382
300 5
395 50
247 341
99 255
47 473
468 521
165 41
23 300
156 309
286 322
333 155
182 397
202 306
37 159
421 442
222 402
446 95
132 374
116 230
107 364
383 256
44 228
296 268
7 133
56 494
454 388
329 316
263 10
100 502
370 201
422 70
283 28
367 414
82 163
324 188
6 186
443 49
94 420
317 100
233 372
274 367
238 82
161 182
293 462
162 141
141 264
413 424
291 460
316 53
101 119
241 308
506 364
357 78
464 354
380 175
406 132
20 324
415 382
505 186
322 347
8 144
90 101
46 61
39 42
114 341
362 35
128 346
79 165
105 224
199 484
79 83
296 301
406 392
161 71
56 164
417 63
307 187
163 352
450 403
74 244
223 436
278 31
462 37
195 45
260 74
209 339
156 186
118 242
56 480
514 111
122 91
376 428
277 219
460 407
303 215
129 4
129 87
236 69
124 111
316 64
184 3
402 20
188 200
261 243
159 254
35 482
25 91
70 301
309 210
389 292
424 517
497 233
83 211
302 408
321 96
471 185
300 352
204 488
232 146
411 71
80 445
234 104
216 303
85 206
193 473
497 96
469 473
9 232
162 310
118 164
86 67
348 67
99 233
235 331
378 124
401 457
250 113
241 465
96 325
149 289
277 327
65 426
278 73
136 120
64 253
283 351
319 312
417 99
23 332
429 81
456 510
218 386
304 458
10 80
261 361
49 218
166 113
122 443
388 257
41 132
190 5
163 190
316 261
288 338
71 397
99 5
385 316
71 369
252 81
449 193
441 497
411 85
291 11
6 157
470 248
490 340
252 131
8 46
391 497
64 462
372 162
147 438
477 218
285 409
298 414
81 217
390 172
301 159
182 508
517 332
234 166
151 167
296 360
212 166
336 478
308 186
320 454
304 478
150 68
365 447
481 126
344 30
297 325
390 160
311 66
491 226
231 322
392 6
363 284
373 177
442 361
43 241
293 347
197 124
95 242
251 256
368 74
286 143
398 154
302 390
220 474
94 450
476 166
136 317
130 189
174 51
28 419
493 2
446 168
125 19
409 375
274 255
129 240
79 208
394 61
76 294
215 371
222 170
217 39
167 346
227 341
77 255
440 48
256 364
417 61
63 507
116 17
442 245
257 520
133 129
60 208
422 274
259 324
124 156
362 291
182 270
312 259
205 230
508 141
274 404
201 17
389 316
33 309
241 289
510 373
98 250
261 200
204 200
205 328
355 247
299 16
516 89
476 199
520 143
339 474
25 220
490 94
217 1
84 138
492 72
511 270
321 452
470 205
131 153
11 166
80 511
383 75
78 337
475 278
480 293
230 185
193 400
481 409
82 43
26 52
316 217
2 317
349 471
521 160
304 213
326 384
202 389
139 482
407 92
238 46
65 149
230 258
229 189
347 310
433 53
42 227
471 44
22 299
195 224
139 180
436 145
42 116
13 382
278 419
473 197
464 17
26 374
476 254
244 301
245 155
35 286
63 505
10 84
484 205
509 102
384 423
246 106
220 460
487 178
357 438
374 501
135 399
354 89
334 76
71 57
230 105
342 292
88 352
57 253
237 246
35 99
350 280
204 250
219 371
427 256
287 280
236 422
359 68
191 171
345 261
429 255
365 452
228 134
484 486
386 199
210 420
499 38
380 181
287 279
30 395
14 518
355 451
99 192
518 290
44 22
29 472
276 394
83 503
208 45
467 274
243 156
172 220
395 232
81 363
511 312
236 205
511 69
134 88
462 332
377 505
353 406
137 309
480 219
291 368
264 236
120 187
72 291
88 148
203 168
510 394
161 224
77 150
494 412
237 434
424 295
418 457
381 235
245 20
453 14
387 397
451 506
265 204
477 352
351 158
200 339
31 360
41 309
190 215
402 427
127 304
200 225
240 261
459 484
280 72
178 145
149 107
129 413
310 286
243 139
443 124
158 154
483 400
144 152
93 24
259 220
327 139
444 247
399 63
209 359
134 67
503 484
174 312
376 164
76 299
505 518
422 343
353 384
222 496
216 314
200 474
214 207
293 339
454 372
401 343
209 215
410 190
177 264
501 233
108 257
11 293
455 432
115 286
496 336
462 392
330 342
25 23
28 317
361 162
167 442
185 375
337 275
245 194
219 426
427 327
161 437
300 95
28 414
61 3
430 204
394 239
24 419
463 253
416 504
95 62
424 280
117 239
33 362
432 252
468 18
259 108
135 37
404 163
451 145
367 359
29 239
278 53
338 219
507 435
201 81
177 103
360 293
22 392
335 135
324 282
354 61
70 489
98 154
130 27
298 496
66 327
415 344
60 434
41 247
347 242
327 2
25 367
496 249
440 310
383 242
272 215
303 341
384 81
175 513
309 472
487 374
479 62
398 219
495 439
466 1
361 473
2 385
319 497
314 439
487 377
159 237
273 142
258 135
424 113
127 211
266 294
266 223
355 142
123 9
59 269
9 100
220 212
166 219
390 479
136 355
335 497
273 86
319 211
220 222
324 27
432 68
321 176
492 356
520 93
365 259
361 54
359 262
266 3
480 134
162 95
169 496
272 441
262 69
333 163
290 135
189 403
404 190
259 55
25 257
148 70
516 189
325 353
450 69
36 90
404 197
386 52
374 136
173 114
204 186
478 175
1 348
258 404
16 516
459 242
454 287
513 448
156 317
481 85
66 197
376 470
393 240
202 447
375 55
242 259
241 198
433 241
24 371
124 242
366 263
483 298
230 156
426 385
472 66
469 16
262 4
166 335
243 367
261 96
422 502
36 141
178 149
62 404
520 387
124 45
128 287
23 357
123 448
221 73
513 370
291 455
374 137
268 297
185 7
74 85
508 109
427 367
257 488
451 457
35 255
501 162
222 2
200 345
130 101
98 323
151 69
256 205
206 3
502 390
211 54
155 400
364 262
447 301
430 376
237 464
311 418
307 11
101 506
355 230
287 134
234 437
202 489
121 88
172 101
477 383
356 312
261 198
52 388
498 163
242 415
105 31
312 411
243 412
76 77
322 362
412 34
278 92
2 79
382 375
179 18
236 215
330 177
412 62
43 69
224 486
484 10
197 476
101 440
366 177
197 368
219 87
402 496
380 403
53 240
256 433
258 173
328 66
30 218
329 275
489 32
239 132
243 436
288 343
35 334
519 231
180 217
519 60
393 377
143 127
298 80
38 34
252 47
301 483
264 108
236 433
341 156
245 62
272 11
86 306
344 83
217 3
501 214
62 373
271 205
180 47
284 419
80 216
465 61
379 410
371 94
321 392
249 247
135 520
257 220
506 80
504 201
284 484
95 345
16 365
230 195
93 194
92 374
90 238
435 469
126 486
243 127
356 491
373 490
170 109
188 356
390 171
35 152
335 331
177 350
376 407
225 468
281 518
2 371
234 436
520 359
400 241
486 436
412 18
405 60
126 71
415 515
443 130
347 256
141 3
286 516
90 510
463 370
188 145
421 59
419 461
139 138
106 53
28 123
138 289
451 411
384 125
332 513
472 269
132 474
33 329
42 224
472 92
411 95
513 512
153 410
132 493
229 237
226 458
41 45
226 491
455 88
296 467
282 246
214 413
400 449
220 441
353 372
12 444
466 205
434 299
93 247
270 2
164 177
460 204
221 164
375 154
251 150
301 213
76 196
105 476
123 5
76 156
377 289
78 321
493 192
301 267
119 49
268 283
427 206
486 126
369 21
481 301
170 261
513 447
456 298
401 259
505 158
95 41
446 374
42 99
44 342
365 163
72 111
445 498
519 90
103 47
110 264
28 481
205 222
407 139
519 488
78 183
124 172
223 251
226 467
349 270
287 192
113 39
504 238
16 501
8 320
229 320
62 256
279 267
477 366
86 156
333 366
338 137
218 242
387 444
187 416
394 154
86 187
395 271
105 410
452 112
410 159
431 471
415 391
418 370
235 185
4 248
231 23
66 129
264 452
51 131
347 125
486 113
311 359
383 415
247 314
208 135
153 117
287 46
188 385
97 423
250 302
351 161
324 416
290 66
28 340
398 55
465 363
167 456
200 231
31 128
225 238
464 377
35 431
423 425
497 519
326 427
501 357
67 304
454 356
50 481
376 448
14 521
491 382
456 371
91 167
498 315
404 122
373 119
233 274
22 208
473 28
114 452
385 180
436 519
216 486
478 70
412 172
70 62
32 4
432 325
372 409
320 254
211 171
53 443
125 75
130 278
304 445
411 369
305 325
366 520
289 322
68 381
174 137
442 206
342 34
9 192
123 328
126 333
499 381
254 304
136 64
61 439
189 471
287 493
274 333
172 244
336 240
305 509
57 428
193 80
461 403
473 62
210 280
75 389
139 328
171 274
73 433
191 463
382 158
116 337
172 287
59 507
207 44
494 264
471 368
24 91
249 496
152 139
456 226
208 73
235 379
346 509
492 218
450 353
56 44
168 227
12 428
212 218
152 387
481 102
233 185
192 162
362 25
301 296
250 508
369 165
46 395
354 17
293 283
50 349
7 419
54 18
6 468
236 157
333 397
258 246
61 131
407 103
155 388
398 85
56 447
452 303
321 284
521 294
247 49
121 254
148 377
473 153
4 389
310 17
265 248
262 6
378 349
108 213
216 505
500 473
112 430
254 113
192 254
406 120
504 208
373 131
265 5
283 268
394 273
284 339
521 24
344 58
372 132
271 268
115 249
219 428
359 473
19 29
407 425
350 70
313 403
200 56
408 164
323 280
117 85
97 116
310 121
174 362
252 125
311 47
373 8
475 210
161 493
440 248
77 269
318 389
150 198
444 238
42 447
198 159
10 294
476 521
95 330
43 346
454 353
393 507
41 27
397 404
519 518
332 277
265 128
144 95
7 269
333 250
194 9
89 406
505 44
405 78
54 128
105 189
161 497
174 404
204 252
286 201
248 96
477 512
426 302
287 113
49 300
362 444
511 132
328 175
175 414
454 430
20 37
97 383
214 473
265 417
203 29
299 450
326 456
121 432
236 88
23 486
69 66
409 58
197 417
434 52
309 366
162 10
84 259
392 297
412 135
395 93
163 374
223 169
308 24
80 225
111 304
391 179
50 278
438 448
174 350
180 163
195 342
172 480
281 42
457 373
176 330
465 19
384 368
188 171
391 469
395 182
453 466
361 184
223 277
110 77
308 492
441 183
514 92
141 273
335 76
326 511
87 471
210 470
317 397
119 388
25 194
48 159
139 408
342 42
366 132
320 152
102 441
334 296
11 474
249 346
230 53
16 316
2 225
467 318
303 266
386 8
141 434
166 279
320 507
1 366
320 1
517 102
441 10
398 133
164 125
159 394
380 174
390 381
79 335
380 381
80 244
389 220
156 235
179 157
423 381
203 221
381 401
322 502
410 400
315 53
206 473
446 64
327 314
125 406
330 504
467 409
429 15
309 265
250 487
102 151
346 305
371 407
184 373
68 72
454 383
124 138
15 250
403 342
245 6
428 53
510 373
461 98
388 248
362 318
415 464
468 441
247 519
7 111
51 74
182 504
137 508
120 152
438 1
493 161
209 399
213 197
452 354
294 318
282 336
114 377
278 262
296 205
259 302
315 310
57 497
292 193
164 93
344 80
295 315
443 503
394 336
380 325
169 354
121 131
169 437
508 446
177 484
130 117
467 444
426 2
100 398
194 465
171 17
24 466
331 147
128 406
482 508
209 129
21 10
462 189
446 129
316 304
91 126
101 36
250 5
239 350
83 433
293 254
449 518
400 460
143 208
344 104
396 233
434 417
243 55
84 369
183 80
353 476
205 453
192 455
138 431
485 221
342 458
155 471
455 235
409 278
442 434
62 317
145 177
414 68
231 178
437 95
258 268
251 143
200 442
76 18
32 241
238 54
178 73
205 313
509 93
271 111
207 333
108 32
190 521
100 420
177 217
195 115
165 445
258 45
47 14
63 280
255 502
334 432
54 219
223 243
311 174
353 198
506 460
432 174
140 10
275 317
428 469
112 71
74 369
116 322
383 178
80 116
158 94
228 413
313 131
135 304
304 168
183 289
107 93
143 246
304 98
243 210
46 355
280 321
404 395
121 265
51 402
61 411
177 288
302 170
418 436
473 201
83 336
170 391
428 514
317 210
91 241
100 338
74 380
137 158
253 459
423 506
20 164
395 196
133 175
365 29
292 519
431 55
14 281
126 123
274 442
13 45
161 113
382 436
492 199
73 425
136 176
409 357
20 484
32 152
340 77
383 312
276 292
47 492
254 172
93 208
294 105
252 136
217 112
252 389
310 5
293 126
382 482
402 26
194 234
365 473
95 357
429 68
403 399
321 255
491 7
229 75
460 45
493 50
297 361
40 503
334 165
364 396
327 446
421 521
360 466
472 455
301 379
1 384
257 2
117 428
210 27
183 148
71 155
399 48
196 438
30 8
283 74
84 88
200 186
289 38
130 239
492 112
299 173
495 236
174 293
142 64
319 325
413 389
160 290
437 355
408 147
43 169
220 126
459 419
513 226
137 122
146 108
435 125
482 89
360 135
381 501
400 380
506 292
450 144
60 46
498 149
192 221
519 92
28 456
191 19
363 327
342 189
115 255
313 76
344 353
412 405
13 290
264 519
60 394
343 322
439 1
151 311
221 148
402 248
285 273
267 328
78 87
516 193
23 509
268 366
340 158
451 352
447 395
349 188
267 373
190 386
373 340
175 72
487 257
1 452
8 267
258 86
34 252
480 258
239 226
102 259
64 234
90 191
107 119
378 374
491 248
440 342
66 94
95 234
350 95
164 39
42 422
124 277
354 82
14 274
509 317
11 51
29 302
241 136
421 300
190 71
228 108
94 496
403 188
410 434
484 52
472 4
154 276
280 189
38 495
462 25
291 472
277 319
253 517
135 354
497 5
424 204
315 517
380 196
385 268
108 347
521 260
31 154
14 513
342 51
486 484
75 457
115 32
457 367
230 70
401 205
277 506
89 70
182 468
467 46
416 256
73 416
515 306
250 210
297 70
260 463
234 16
399 348
47 334
396 276
84 275
162 360
259 452
110 441
80 56
167 495
513 441
389 187
225 117
396 521
388 135
463 100
352 21
448 398
354 3
355 437
277 516
478 217
127 66
338 206
323 185
180 516
104 249
182 329
366 56
9 434
392 152
215 222
172 343
301 206
345 336
122 100
11 280
518 137
26 334
343 349
518 203
343 303
451 205
110 497
261 320
91 333
472 305
236 324
126 217
9 151
31 332
452 41
90 449
379 115
463 200
144 460
83 168
241 13
372 31
190 313
31 280
327 502
63 41
507 390
257 515
19 287
6 471
8 297
79 386
92 20
267 236
160 349
84 81
42 136
111 232
130 142
511 456
324 255
496 309
325 433
504 25
400 509
495 407
284 254
473 376
273 218
292 433
46 56
513 87
191 305
520 1
127 191
456 131
445 111
121 450
22 103
474 421
293 128
508 257
381 460
313 335
156 83
246 403
340 439
171 212
424 169
212 231
359 147
362 484
459 163
94 481
467 46
61 238
174 48
176 235
188 488
48 24
252 495
427 70
94 278
281 517
127 174
429 167
320 471
331 459
112 424
418 57
470 160
497 324
207 151
37 394
319 287
417 251
260 3
2 353
482 282
30 88
455 458
254 455
407 63
393 518
487 491
255 116
129 230
439 16
61 156
90 61
442 188
311 383
190 312
214 353
275 445
440 410
381 374
25 468
117 98
464 284
67 400
399 398
108 518
94 371
355 184
112 477
371 422
338 241
415 233
72 370
358 192
258 218
44 484
164 363
60 309
125 329
187 205
205 496
201 298
26 236
162 137
192 11
240 210
454 133
123 206
502 481
398 440
379 122
403 223
484 462
212 88
269 79
292 154
54 173
452 281
90 92
418 483
305 136
373 439
268 496
123 450
136 201
368 195
323 249
98 487
190 310
53 139
388 25
293 122
400 425
403 489
516 299
450 501
115 503
418 63
477 222
512 293
422 358
168 223
288 266
391 477
256 443
296 122
149 67
446 229
491 8
398 167
306 7
348 101
509 245
163 465
466 153
438 366
191 85
270 478
31 139
114 286
262 410
88 91
157 214
319 329
221 195
495 207
201 321
307 391
246 469
15 392
302 452
439 174
217 187
332 449
6 446
213 469
15 503
39 373
195 38
180 416
435 153
101 316
155 89
185 81
36 199
473 19
332 390
394 27
257 204
476 262
128 369
411 344
31 449
196 226
168 375
322 283
209 422
77 44
510 464
124 227
141 75
447 472
145 319
180 401
1 336
141 331
385 31
355 416
160 29
322 8
85 122
290 495
224 48
17 213
511 342
120 332
98 247
485 242
246 143
122 246
159 464
257 22
175 293
118 16
321 439
23 86
39 313
59 263
41 277
156 30
98 477
361 195
202 324
436 447
147 238
373 305
181 311
8 355
82 327
370 83
245 393
169 485
386 429
428 107
185 62
136 484
17 177
157 420
182 273
345 328
511 399
314 170
188 2
205 269
328 54
32 51
127 402
217 193
310 123
299 175
185 434
137 403
291 495
302 472
246 327
279 235
204 273
85 72
274 290
340 80
343 53
333 150
454 28
342 242
150 119
97 15
233 418
2 206
400 155
133 205
114 367
409 386
452 480
138 422
501 419
243 234
230 392
166 459
414 89
88 11
185 102
445 99
519 127
506 397
281 117
283 75
484 372
460 95
11 278
516 192
176 439
425 86
511 70
24 403
360 313
94 23
414 17
323 93
345 308
170 307
424 452
381 67
504 320
161 515
278 357
387 453
274 291
220 465
41 243
346 400
236 439
103 128
136 426
422 481
414 71
468 316
203 327
383 186
327 224
381 84
262 246
15 216
217 436
160 257
359 186
337 73
104 440
201 441
25 101
81 119
373 27
434 257
354 497
123 159
402 503
242 344
429 459
38 125
373 399
62 413
64 399
485 369
519 366
490 224
467 50
342 520
278 456
255 110
113 377
471 514
39 393
336 149
11 54
273 65
134 15
477 399
94 440
448 293
285 416
516 432
465 17
430 424
473 366
214 64
423 163
258 462
237 274
89 247
8 42
311 141
258 266
220 352
185 146
123 469
41 320
60 186
336 489
88 489
14 302
233 437
145 490
58 381
444 348
107 452
70 417
273 327
364 493
157 27
117 482
176 359
280 235
24 296
404 313
264 99
93 177
14 238
348 273
97 270
99 405
402 168
503 356
494 345
8 332
52 326
494 429
164 454
344 187
228 428
180 172
5 273
30 18
191 377
290 489
327 69
373 208
236 35
244 411
379 251
423 111
55 76
18 420
8 361
85 437
267 467
88 474
218 117
491 408
174 462
56 500
211 428
388 128
462 110
219 521
360 322
110 96
397 329
515 85
370 281
521 318
226 87
270 124
405 441
10 259
62 65
238 273
174 104
81 316
214 299
316 254
99 106
30 176
116 24
260 485
506 259
281 210
27 29
333 112
151 23
371 212
289 87
165 143
392 245
459 84
224 455
19 322
241 48
178 356
273 437
320 257
175 281
466 403
512 479
514 141
182 44
33 471
130 198
294 203
123 231
286 347
366 506
349 86
235 6
122 507
442 122
243 297
403 389
380 74
28 373
416 209
416 448
360 227
326 133
429 130
44 395
476 410
61 303
176 295
308 297
280 431
419 203
408 502
273 267
54 300
320 469
189 416
76 28
121 83
362 230
212 405
306 166
495 47
149 341
138 446
301 47
24 185
135 4
457 401
57 235
199 206
104 94
483 333
416 44
173 327
255 57
313 420
232 359
250 381
178 387
507 159
114 9
343 248
214 278
330 472
193 7
156 297
302 117
108 399
161 483
406 96
220 197
516 451
34 244
310 413
311 497
252 424
186 74
150 399
32 479
349 225
167 185
202 149
504 511
228 143
153 112
238 372
510 434
302 224
358 292
115 147
268 48
49 453
121 401
12 152
39 360
57 407
24 460
237 6
131 464
350 283
257 268
134 245
383 116
150 421
407 466
47 355
513 297
489 314
378 500
466 98
338 203
504 42
344 421
249 474
45 279
437 503
228 251
428 291
366 56
190 454
1 438
287 513
416 254
306 272
434 452
50 453
335 235
175 157
134 105
311 178
383 429
159 291
158 66
60 205
323 452
137 323
49 423
517 464
358 301
417 472
433 466
403 246
381 57
84 515
161 75
373 224
184 213
196 342
480 255
25 281
387 363
83 436
466 78
59 302
59 156
455 172
303 336
98 162
73 383
155 435
458 209
340 322
421 14
344 379
470 49
138 336
411 422
452 356
180 191
338 440
347 271
90 128
288 188
289 41
49 125
476 187
333 294
509 434
307 331
291 457
61 109
271 471
212 403
507 391
73 324
310 419
275 80
227 41
267 196
284 316
320 238
183 333
212 372
245 199
182 14
134 444
325 86
