133 4678
97 63
37 55
35 92
59 45
78 111
123 5
71 66
66 126
21 26
71 122
64 14
89 57
17 101
68 39
49 130
50 67
113 86
42 14
45 101
112 43
132 101
47 69
87 34
116 107
113 53
95 97
120 104
21 57
72 9
16 41
59 65
28 38
72 70
105 37
91 84
79 89
105 46
79 59
79 61
32 58
34 48
22 74
18 96
52 89
25 67
51 84
132 78
42 70
14 106
104 18
105 114
122 17
59 47
96 40
133 74
127 47
16 67
64 111
39 74
57 106
124 61
25 68
102 15
3 36
120 106
107 91
7 96
28 119
63 123
25 62
118 72
108 133
6 93
32 98
33 88
70 23
15 94
11 37
108 13
73 15
40 46
26 46
62 54
32 125
97 110
107 2
49 3
2 108
95 87
72 48
95 9
124 109
23 1
12 52
14 5
120 53
105 13
19 87
120 50
78 4
27 106
6 75
108 61
49 123
68 120
37 29
49 27
4 126
81 69
44 94
128 30
67 20
96 86
106 3
2 105
7 82
77 66
23 105
126 125
94 60
33 51
9 2
77 12
127 24
1 91
39 49
121 26
68 4
111 41
7 34
66 13
36 9
132 113
113 124
104 127
104 57
44 33
59 41
44 52
64 98
10 23
68 51
49 2
54 80
96 114
34 28
126 70
90 124
49 123
35 73
116 59
130 26
91 109
120 55
27 51
74 90
127 8
61 42
63 36
122 26
16 76
107 63
12 64
107 114
53 63
108 90
42 104
115 54
79 23
29 26
73 102
37 66
30 18
29 93
53 71
118 123
13 91
106 79
75 79
113 128
62 87
84 104
111 119
24 110
8 106
57 1
75 93
121 25
31 16
117 84
7 22
127 19
34 99
18 108
98 131
23 27
5 27
51 37
67 128
13 74
100 69
129 95
82 116
120 34
52 24
38 58
46 31
130 133
50 15
28 14
66 51
94 124
131 65
27 64
59 94
5 80
83 54
41 32
36 81
65 8
105 23
65 71
53 115
124 102
129 18
36 115
122 51
27 120
115 53
104 41
13 29
41 96
82 2
48 38
83 33
45 108
55 30
99 28
12 10
50 7
27 85
43 70
56 69
110 38
42 80
132 109
109 39
125 57
40 93
16 43
125 60
71 100
90 127
101 99
43 28
47 48
124 116
104 113
13 62
22 92
60 51
121 19
42 45
58 1
60 22
46 40
92 12
129 49
59 17
14 22
99 114
69 89
96 93
69 108
21 11
121 80
61 108
98 102
73 77
23 53
19 68
93 110
79 9
79 4
80 14
25 45
127 14
133 11
28 122
118 48
132 26
49 113
1 67
81 73
64 24
126 82
91 6
113 90
14 112
14 93
125 92
58 40
106 112
50 133
100 88
101 20
114 16
132 35
4 1
107 67
24 20
70 36
25 49
125 93
27 6
106 73
18 31
112 44
9 82
97 29
90 65
48 124
1 101
25 4
101 53
125 45
72 61
80 97
30 126
56 110
52 28
49 69
112 81
113 120
83 76
16 40
61 117
84 62
84 109
119 51
28 31
17 99
91 96
116 41
88 92
18 6
120 66
129 98
68 108
6 17
104 75
110 32
112 61
14 63
36 53
34 117
84 50
3 95
67 119
3 75
77 20
2 117
6 130
3 73
25 8
11 128
3 120
80 114
101 93
97 3
67 131
40 17
101 43
111 34
82 34
109 25
53 110
63 113
27 65
52 51
126 116
99 128
103 46
29 70
59 126
127 125
44 87
62 65
129 40
99 77
73 128
23 47
25 85
26 51
16 131
101 62
35 120
110 58
32 5
127 12
51 41
57 15
128 119
80 44
79 99
42 72
93 64
118 38
69 64
88 84
116 109
66 17
95 42
74 48
100 121
59 72
83 115
86 131
21 86
41 99
51 3
38 10
66 76
101 1
61 55
5 97
30 70
113 46
111 107
93 132
15 72
70 18
53 22
15 128
108 110
93 79
112 51
10 99
127 110
20 108
32 25
71 115
15 104
27 47
131 40
45 12
111 35
84 85
56 98
79 84
128 92
30 28
10 39
126 57
69 66
31 100
11 22
3 26
46 83
126 43
123 91
108 21
125 58
105 101
77 104
106 125
63 2
19 72
94 65
49 83
131 79
50 8
21 106
87 66
55 133
29 44
90 3
119 81
115 90
103 58
115 75
49 44
76 122
115 90
53 84
39 104
29 9
112 103
114 119
35 90
119 63
54 75
119 39
77 100
50 46
78 31
120 48
74 116
36 109
126 88
59 85
113 8
15 12
110 128
130 65
5 36
48 59
32 33
97 108
54 13
74 131
43 114
45 116
17 80
91 9
89 70
14 68
77 28
79 53
77 129
38 81
32 85
6 63
118 103
91 38
36 85
89 79
65 1
61 81
1 73
10 9
77 7
105 76
59 102
126 18
49 24
102 109
7 132
18 44
34 23
133 112
87 54
94 88
54 33
18 64
95 94
61 101
119 58
81 87
50 98
57 127
120 32
133 127
30 71
91 63
93 90
42 100
64 2
108 118
88 125
102 103
6 29
125 86
72 132
56 90
55 49
130 86
48 123
115 39
81 99
131 91
7 18
22 62
125 60
70 37
28 39
43 110
30 88
117 22
86 39
32 62
88 29
14 56
72 50
95 19
15 13
31 21
31 106
3 76
32 72
113 110
76 89
61 84
126 82
90 32
35 18
119 63
32 95
55 81
56 128
95 123
25 36
74 51
38 16
82 109
128 115
6 124
124 66
74 117
69 31
15 103
48 54
86 133
15 61
1 125
55 95
114 133
51 54
50 88
123 52
117 39
33 44
29 24
30 24
7 98
108 75
121 76
128 127
76 63
55 76
108 30
92 88
30 9
62 79
18 52
131 1
90 30
98 39
107 128
62 113
92 36
108 1
33 23
48 108
86 102
104 60
53 62
69 82
71 51
81 88
23 78
9 33
29 107
72 2
101 54
36 113
11 10
34 43
33 82
17 39
104 120
19 23
103 8
25 40
59 106
48 81
104 56
114 132
83 106
55 50
26 11
84 90
20 117
132 106
119 69
65 90
110 5
33 79
12 58
39 124
30 86
72 133
62 106
53 12
132 28
115 78
38 65
35 111
103 87
84 88
77 69
98 107
73 131
106 6
109 11
129 5
17 121
58 78
14 31
10 12
58 125
11 95
110 45
73 79
52 77
88 49
66 52
22 6
103 127
11 78
58 60
3 74
48 115
73 61
12 82
73 70
127 4
85 104
102 24
103 20
21 57
69 87
30 11
92 132
5 23
77 62
3 79
57 50
60 50
111 126
131 104
62 46
107 13
70 75
91 39
15 111
17 4
64 46
15 76
98 73
19 41
55 22
41 111
125 21
27 102
13 79
126 128
45 20
62 114
15 19
73 30
50 10
87 114
109 101
110 74
94 50
35 16
71 129
47 116
17 128
85 83
127 131
132 38
18 60
72 32
132 65
115 48
129 69
82 104
90 113
98 51
29 133
120 20
49 87
2 119
81 7
69 128
5 67
86 22
47 78
107 45
10 89
92 59
24 95
29 34
74 48
84 102
101 124
121 16
78 43
2 79
50 124
128 54
57 80
129 103
25 102
68 88
111 26
67 55
120 95
89 60
9 93
82 30
84 123
46 82
33 47
27 82
37 21
56 14
22 105
37 100
127 104
108 105
50 41
80 91
56 35
17 119
128 20
15 132
9 60
80 95
27 43
117 102
19 130
123 87
10 38
111 117
9 28
78 9
118 133
44 55
118 92
74 54
11 4
113 11
98 61
91 62
44 59
80 95
102 124
102 111
82 80
15 11
107 92
19 91
13 62
66 51
74 7
104 5
10 5
15 28
119 106
89 29
85 90
44 54
80 13
85 28
13 21
92 119
33 110
130 45
93 62
96 33
122 120
92 52
45 106
80 30
132 35
113 84
124 23
4 124
89 9
72 22
29 30
7 62
61 57
106 20
40 122
106 82
109 64
1 20
37 1
104 35
89 83
118 1
26 42
45 115
51 117
3 79
67 64
7 48
41 34
67 80
22 40
29 51
24 83
125 114
83 95
70 38
98 108
38 123
17 4
25 121
120 82
66 107
12 127
22 106
81 9
53 102
102 2
74 126
5 119
106 87
1 42
45 98
17 4
87 7
33 74
47 114
60 74
46 53
16 18
133 25
124 23
126 125
17 39
129 56
12 3
56 107
102 74
123 105
81 76
32 113
16 78
93 76
18 5
49 88
23 103
112 67
46 25
113 62
64 108
117 75
32 93
48 133
33 92
25 113
34 56
93 104
133 106
100 71
32 69
25 108
38 57
41 4
82 20
65 12
49 102
7 80
61 108
133 14
66 24
127 21
133 7
45 53
33 65
123 64
133 69
38 92
125 79
95 127
98 81
59 67
49 65
67 110
40 66
123 105
10 37
46 9
97 90
61 130
21 105
60 21
40 98
33 85
97 127
79 61
74 4
49 44
123 115
20 83
48 63
54 57
21 120
117 110
47 113
52 18
94 126
111 58
25 117
21 72
62 2
13 119
50 110
29 86
129 111
133 112
86 110
53 106
96 37
3 64
70 54
2 30
46 113
8 70
96 82
9 78
84 75
117 54
51 13
6 100
44 59
132 129
90 52
22 52
9 25
36 78
78 38
108 45
17 36
35 33
118 43
31 68
38 14
42 9
80 102
108 45
81 28
40 37
79 116
10 8
7 45
85 5
3 113
103 73
16 5
105 133
101 2
121 6
70 83
14 70
105 43
114 53
124 21
89 123
57 19
130 63
64 81
121 120
115 12
60 130
16 85
50 116
87 91
42 77
40 56
13 12
19 127
118 9
68 127
131 124
13 48
107 130
49 15
116 30
26 42
80 41
127 50
78 1
7 119
77 101
41 10
33 113
3 17
42 124
10 93
114 22
7 8
72 56
23 55
6 102
17 86
10 2
87 64
9 72
61 109
34 71
62 67
127 78
30 118
87 122
19 30
50 81
101 105
24 22
110 125
93 116
55 102
39 62
87 47
55 14
76 88
5 4
75 132
2 104
37 88
93 109
38 63
56 60
34 79
2 64
125 94
101 46
117 6
108 70
106 29
4 102
37 9
26 111
61 27
3 18
35 16
126 73
78 103
132 32
102 133
16 93
94 116
60 131
42 34
67 14
62 70
36 19
132 61
50 59
87 52
130 122
67 44
115 65
13 34
96 35
87 112
49 101
15 108
98 57
8 31
124 123
22 27
62 20
87 111
133 95
30 50
4 17
93 39
82 26
72 44
61 25
76 109
47 12
4 11
122 65
96 112
54 117
59 36
57 67
13 110
82 96
27 85
113 119
123 61
12 115
25 126
6 22
22 106
33 25
117 21
89 79
53 63
116 33
98 93
99 31
70 101
127 96
52 106
2 95
87 67
76 32
59 81
53 80
54 85
25 91
26 113
90 133
96 72
32 114
31 51
12 21
18 5
116 69
110 39
30 117
105 15
31 106
68 31
80 73
56 91
99 89
47 98
106 118
129 86
70 100
97 90
117 101
127 106
131 32
56 114
3 81
129 87
53 63
39 54
2 15
11 21
103 58
118 75
96 34
82 32
133 45
43 116
13 36
9 10
67 64
124 123
11 40
131 118
102 36
38 24
50 102
45 73
26 29
15 43
117 17
128 116
61 37
20 127
126 28
4 59
13 48
103 23
87 100
7 109
2 98
132 51
67 97
123 13
126 58
109 30
74 104
12 56
61 85
49 54
34 106
33 46
74 56
122 81
22 50
56 77
14 109
48 1
72 92
68 118
70 43
14 65
67 80
120 128
85 89
48 39
62 1
5 2
57 127
4 132
97 59
76 110
88 123
32 81
81 99
65 18
62 133
82 129
133 122
123 84
77 91
123 5
91 48
61 68
41 64
67 4
43 9
35 131
52 120
132 54
6 63
71 67
116 73
62 115
61 51
120 4
62 30
63 74
77 44
8 118
107 128
42 70
57 130
121 109
116 119
29 121
49 20
109 85
13 37
67 73
9 53
130 70
82 113
10 25
23 72
63 50
66 26
120 44
22 107
19 59
14 101
100 116
41 75
67 53
33 133
46 41
106 96
110 108
130 41
133 19
33 116
69 19
8 109
62 84
3 1
63 16
22 83
131 62
25 65
35 111
118 1
18 91
18 48
65 14
9 118
32 41
22 21
60 83
50 42
87 53
43 16
122 64
99 120
47 44
105 81
21 10
3 38
100 20
6 86
33 15
124 118
109 66
6 89
16 109
131 102
82 40
39 71
24 4
111 70
101 3
72 121
12 74
79 33
93 84
39 46
19 83
30 128
16 89
83 85
65 80
107 13
40 12
4 64
69 114
133 36
37 71
23 49
65 22
81 24
106 40
69 45
122 20
93 4
108 43
9 93
43 116
27 4
127 30
67 63
65 120
98 101
112 42
70 43
63 71
67 89
110 56
1 99
75 93
23 104
56 32
63 20
14 89
23 61
40 89
123 104
129 9
125 107
50 62
17 33
132 4
122 30
113 122
49 109
2 71
79 112
23 62
131 90
18 20
18 57
29 7
81 24
15 72
131 118
54 14
18 107
71 6
3 50
48 51
25 103
42 103
81 65
32 78
21 103
18 38
80 46
99 81
124 34
19 121
19 127
55 90
100 125
16 23
41 117
127 66
86 35
89 34
99 41
32 41
10 50
132 10
95 97
90 85
131 30
126 70
23 101
80 43
92 95
65 54
78 58
40 30
13 49
117 33
90 16
73 99
65 71
30 80
89 119
32 7
15 78
130 91
46 76
133 58
37 118
111 35
96 71
64 109
120 102
8 76
117 1
95 48
125 124
127 80
110 79
7 45
24 3
3 123
78 2
47 35
41 25
69 3
16 54
32 2
22 39
77 5
93 39
106 85
83 20
85 59
20 92
25 43
15 27
86 14
82 132
48 122
77 38
46 93
91 77
94 33
37 38
91 129
130 63
80 79
3 86
59 22
98 83
118 112
30 70
125 111
69 40
100 66
131 66
25 88
9 119
41 45
77 131
41 127
114 41
126 116
47 105
5 11
108 43
123 4
113 114
36 102
74 56
34 71
121 113
79 129
19 40
95 16
37 56
9 17
96 55
54 64
27 58
74 1
21 63
59 133
98 94
22 92
16 110
84 57
89 83
52 107
123 13
122 26
122 51
97 85
105 17
15 131
128 9
53 15
126 32
69 90
46 90
102 115
66 52
38 75
56 10
48 45
77 90
124 65
7 8
70 112
24 5
30 72
14 3
87 6
88 76
16 133
32 38
114 19
11 18
93 66
82 8
31 25
18 75
89 25
83 26
57 27
30 86
99 43
10 106
102 97
48 38
97 133
76 131
18 86
70 32
18 39
48 42
56 122
130 1
125 22
57 19
106 64
117 69
73 10
38 36
57 129
53 56
71 51
128 23
120 26
40 4
118 8
99 94
51 95
95 42
38 72
60 64
2 97
132 74
106 90
31 83
86 4
60 23
54 100
94 133
6 18
117 68
116 131
118 132
13 80
36 85
7 99
86 24
18 81
130 108
32 133
114 35
59 3
10 33
23 24
32 29
42 69
17 78
121 55
76 133
1 32
5 61
130 91
85 69
92 2
43 44
1 77
78 114
133 87
13 23
111 99
51 73
34 121
17 21
42 14
75 42
45 79
103 96
90 108
31 48
109 127
91 30
70 90
10 69
97 77
91 128
42 62
67 129
49 5
17 11
18 12
53 62
90 76
24 47
104 54
15 79
47 27
29 116
116 93
106 133
36 63
128 77
125 61
72 94
119 9
105 3
20 78
65 31
74 9
77 44
63 12
43 30
38 71
67 74
84 39
74 119
101 68
116 13
49 109
28 35
38 132
91 58
130 76
88 70
85 113
68 96
76 97
55 13
30 128
18 68
122 3
90 56
40 102
26 15
50 114
52 102
125 30
98 68
38 34
19 43
67 86
6 9
103 60
76 133
108 93
121 97
16 77
73 55
100 19
123 16
132 96
118 124
46 3
112 84
91 130
126 24
3 52
87 105
32 83
25 7
42 67
103 111
10 96
87 30
115 130
100 34
92 5
78 5
7 56
9 18
106 55
42 108
107 49
1 5
131 79
11 93
12 34
124 76
51 77
105 32
74 125
65 86
129 10
11 57
65 19
74 92
74 36
120 101
5 120
105 2
120 37
15 131
124 60
73 41
57 99
72 130
90 58
4 7
121 14
117 106
33 57
64 27
93 51
127 18
91 19
20 77
109 88
75 100
68 61
125 87
54 42
44 111
45 104
98 59
87 70
12 10
55 38
23 105
85 41
62 24
114 60
133 122
55 20
111 122
80 102
130 133
10 94
31 55
64 49
34 17
40 45
80 94
3 24
119 8
118 101
31 19
27 30
61 2
49 38
124 50
6 41
49 70
1 124
64 103
78 1
9 122
1 23
45 78
8 52
116 30
82 1
56 33
116 58
81 20
102 130
80 9
100 16
63 21
60 126
123 4
47 132
46 47
75 90
125 4
62 107
33 10
29 9
96 11
120 44
84 9
94 84
71 114
20 133
1 79
125 45
3 38
97 102
6 38
58 51
41 40
24 73
104 106
3 66
37 122
109 42
131 124
125 68
25 66
68 26
65 113
124 68
72 87
36 77
124 15
127 86
54 71
79 24
44 81
90 1
70 119
42 121
30 88
109 55
20 43
1 84
77 124
72 15
77 29
91 121
43 5
73 17
75 73
41 39
20 51
40 10
90 2
130 41
10 106
95 83
69 16
88 12
6 80
80 3
108 37
123 17
41 117
88 37
56 128
75 129
99 35
6 109
91 56
16 100
82 31
104 72
46 58
4 51
4 84
107 112
41 97
49 3
1 3
39 110
51 34
105 70
69 31
46 80
8 115
46 10
13 70
81 58
48 6
30 52
89 3
84 50
20 53
52 20
110 11
129 81
45 22
18 34
52 117
113 98
79 123
31 16
124 10
63 129
39 35
5 95
39 109
115 13
27 55
122 92
105 69
3 126
7 90
98 123
123 132
9 68
42 93
4 32
102 121
82 61
22 7
23 115
115 58
127 63
112 115
21 4
104 77
50 111
87 69
21 76
67 29
10 108
122 68
6 90
55 8
18 130
69 94
111 50
18 25
33 50
6 107
54 31
104 103
8 57
38 28
132 104
111 63
132 99
130 59
109 51
66 47
101 1
7 79
105 78
24 58
128 30
32 48
60 2
71 121
59 30
15 57
133 125
40 132
11 36
57 41
7 43
87 108
98 15
107 123
92 130
47 7
80 78
108 60
80 46
47 59
75 116
36 128
107 76
47 39
32 24
79 39
121 86
67 85
100 94
74 113
11 120
119 12
119 15
71 119
60 39
44 55
21 133
103 48
75 17
86 28
94 85
66 81
38 53
32 4
67 26
37 77
67 77
88 52
91 80
37 71
118 1
125 5
133 94
106 129
31 59
23 125
10 9
72 101
115 25
26 48
50 62
124 116
5 133
88 16
79 124
86 63
124 131
121 45
13 93
40 43
72 116
88 3
124 81
103 105
105 128
19 75
111 63
112 36
62 66
52 61
111 58
44 22
56 85
66 68
45 26
31 37
8 119
39 131
66 9
23 91
57 41
86 88
25 118
124 7
105 96
68 82
20 32
103 75
117 90
63 28
115 94
118 123
133 24
41 119
86 64
130 9
25 82
97 49
67 8
56 92
103 44
40 122
129 63
118 112
73 47
60 55
61 45
98 114
68 5
99 20
122 16
82 14
98 99
116 85
106 38
43 75
2 3
118 131
119 102
30 59
69 90
34 130
1 131
31 122
56 130
62 99
12 64
112 30
30 94
35 56
53 131
131 108
133 36
105 119
4 2
44 72
12 77
122 66
128 20
54 104
70 36
69 2
99 101
86 128
62 120
51 35
118 102
9 38
4 35
23 61
90 120
53 101
117 42
87 32
115 7
3 105
42 125
27 61
93 112
56 75
20 27
109 4
128 117
95 52
72 118
112 28
25 31
49 9
126 2
40 28
62 96
132 24
88 80
85 47
58 61
42 77
87 17
1 2
54 96
53 126
1 85
74 25
36 123
87 83
124 127
110 107
10 30
130 97
109 81
64 87
8 105
85 15
42 6
16 96
22 122
9 22
127 82
101 30
71 54
33 116
101 9
89 111
92 85
128 67
87 113
75 15
84 26
30 47
31 99
9 53
88 17
128 2
98 95
31 90
16 63
72 116
126 81
93 84
86 9
72 93
121 13
108 125
92 58
38 122
23 100
95 110
37 90
112 56
105 63
12 120
47 4
24 93
5 37
97 90
45 35
104 32
101 78
24 59
2 115
48 24
82 63
55 118
73 87
94 45
70 105
85 37
29 108
129 33
12 93
44 110
48 14
63 16
12 86
74 67
121 42
11 123
26 119
108 98
72 122
9 63
94 15
20 43
122 70
76 54
29 40
85 130
107 14
12 118
20 7
105 7
48 115
130 73
101 25
92 93
13 21
76 27
35 96
70 78
32 66
131 114
26 82
110 132
16 43
37 35
49 8
96 17
43 92
11 10
37 102
24 103
122 99
130 24
61 120
101 13
106 19
126 131
22 103
50 37
66 7
126 114
68 88
130 110
100 7
41 3
29 64
105 18
83 22
41 65
62 77
34 80
70 85
22 93
1 59
79 61
105 59
128 59
109 105
25 37
12 81
65 129
106 82
132 128
43 63
56 104
61 11
105 51
95 126
64 17
105 9
77 76
67 72
55 96
43 79
132 108
26 64
24 53
66 22
47 109
6 23
133 120
33 25
37 128
72 100
65 43
108 8
40 95
133 94
57 96
40 110
70 119
40 14
38 105
90 5
1 16
28 55
2 114
79 38
29 17
58 93
60 32
22 20
47 21
113 24
117 73
133 107
113 39
121 71
65 131
130 119
13 24
40 14
58 119
105 87
2 29
100 115
114 121
55 27
9 35
50 125
28 50
19 7
9 60
132 127
57 128
113 123
18 19
57 129
58 28
82 114
110 103
16 90
90 71
37 19
26 8
64 53
111 83
60 40
9 112
34 66
106 67
109 44
85 33
39 64
60 42
44 37
11 113
47 100
50 5
119 75
12 103
49 43
52 29
82 61
7 115
47 112
48 22
22 54
54 60
38 35
101 81
125 32
114 92
53 31
96 38
26 28
7 128
70 113
23 19
94 29
54 7
61 23
82 130
57 63
34 12
84 35
3 116
15 94
35 99
111 126
46 5
53 40
129 32
63 68
46 12
121 106
73 64
55 75
60 32
4 93
43 88
48 99
124 63
113 79
28 90
71 73
16 44
34 65
130 96
132 42
28 40
15 21
25 123
96 84
21 20
98 117
28 12
82 18
128 115
96 23
126 87
16 62
131 49
126 127
65 124
35 93
84 103
34 108
92 129
113 112
70 77
16 97
9 18
36 4
133 52
80 125
6 95
107 57
11 99
50 129
10 5
9 93
108 43
122 66
92 101
99 28
98 114
125 27
53 27
30 52
132 30
97 4
125 70
60 56
89 30
105 98
89 114
111 63
23 99
49 114
120 68
63 5
103 54
32 22
1 115
127 132
12 90
57 3
80 37
112 35
121 83
132 76
63 30
59 6
50 107
41 36
96 103
41 65
77 126
7 131
107 133
50 118
89 106
41 89
64 73
123 51
23 42
126 6
71 51
66 41
78 106
77 40
129 38
25 72
30 31
123 3
84 39
42 93
66 82
48 129
22 37
100 98
132 92
24 124
63 89
31 61
115 28
22 110
65 46
102 15
131 91
72 81
130 113
41 116
115 9
32 57
46 131
75 98
10 99
88 126
108 119
53 90
67 74
120 132
41 89
67 92
100 59
93 17
38 133
132 74
9 84
130 108
81 72
72 11
91 81
3 65
120 56
75 53
129 116
105 90
71 39
48 37
97 8
108 56
61 106
50 123
57 100
18 58
38 11
69 49
91 71
114 77
126 109
50 43
91 22
53 82
114 101
40 77
29 14
53 10
119 102
133 96
69 17
75 27
81 10
76 38
1 110
35 127
6 85
90 18
27 63
99 7
30 5
4 112
18 57
122 58
79 42
74 68
112 15
16 60
78 12
97 79
42 53
126 47
58 82
64 84
11 30
90 95
88 93
127 27
70 36
5 16
77 78
4 56
14 19
115 91
30 132
36 71
105 28
118 29
30 102
33 95
52 122
110 7
82 103
87 72
6 91
87 3
89 91
58 102
30 93
114 60
13 16
130 117
98 35
67 127
58 99
9 109
9 118
36 11
9 122
82 14
133 90
16 10
101 128
111 130
8 12
110 20
28 107
58 46
62 45
93 119
64 102
16 72
7 51
82 15
94 85
82 14
41 98
23 8
13 55
58 20
66 35
40 14
62 18
59 123
62 73
30 125
95 99
118 101
16 66
116 30
17 64
44 111
82 120
39 15
41 97
35 107
131 128
41 113
12 100
102 127
39 52
39 133
17 23
21 87
10 57
37 80
42 1
58 123
121 96
5 28
113 93
55 31
87 96
10 19
116 33
66 75
84 104
128 22
48 15
29 57
72 65
57 113
66 35
23 53
52 81
1 31
40 56
62 47
72 71
119 54
103 51
128 108
76 43
129 123
57 78
100 49
9 23
82 128
112 105
101 30
106 102
60 13
78 42
113 16
113 99
123 3
16 38
110 91
80 26
1 57
103 100
106 33
44 108
27 22
79 128
105 52
96 31
118 94
73 18
30 106
116 19
108 53
110 85
10 56
31 65
33 1
31 59
87 128
34 113
70 33
107 41
84 123
126 122
4 65
7 33
91 43
105 65
95 81
70 26
57 101
90 11
22 41
69 108
36 102
87 105
2 115
67 6
25 59
49 29
44 109
115 1
18 87
65 113
88 56
5 66
77 94
76 98
1 11
126 90
34 79
116 35
114 49
94 60
107 9
9 71
117 123
71 2
130 56
35 6
111 39
71 54
53 67
72 107
77 64
64 110
64 100
65 98
15 26
24 42
34 32
112 18
76 103
73 126
25 107
131 57
66 122
31 118
55 103
12 53
33 129
29 96
95 15
61 30
40 5
125 127
91 24
65 33
126 4
25 72
31 77
128 96
65 25
1 120
48 13
39 81
8 121
97 103
2 78
53 95
4 45
89 94
68 20
126 61
78 71
132 108
14 47
71 133
125 119
40 4
78 41
66 119
58 89
42 57
8 3
60 106
12 20
41 32
66 101
30 57
20 4
71 120
128 70
32 120
109 125
44 107
86 30
92 11
39 54
121 47
57 101
19 68
41 113
20 106
1 49
29 74
107 20
60 101
10 13
8 39
4 106
12 90
2 25
21 95
78 62
8 1
29 80
123 69
114 63
95 114
112 44
55 85
64 35
106 127
47 35
33 105
7 44
61 62
68 2
23 13
63 84
67 12
85 110
80 65
40 41
99 72
5 20
23 68
55 49
116 22
83 15
126 10
58 107
126 47
108 69
113 91
74 46
102 25
77 102
10 116
63 108
54 68
49 130
56 103
99 38
45 49
52 92
112 31
65 104
77 94
94 56
105 34
22 74
112 98
96 121
1 26
16 54
93 64
104 69
87 70
107 132
39 79
90 17
109 75
42 52
35 2
28 61
35 50
55 67
68 17
54 69
42 123
43 55
54 14
45 7
4 18
59 42
17 69
58 126
65 20
98 20
75 126
80 30
96 1
96 84
18 16
73 113
6 37
89 113
104 133
40 107
17 20
15 87
9 126
79 73
13 44
93 8
90 39
38 106
94 133
56 111
70 50
11 129
86 99
108 56
98 68
29 35
87 97
122 96
10 67
35 22
31 48
30 41
8 121
13 101
120 123
132 56
39 9
51 45
29 79
21 126
14 49
28 21
66 70
116 75
57 72
18 88
119 101
49 126
88 62
93 128
105 12
51 64
75 22
108 103
22 128
16 35
97 43
55 83
33 92
78 90
30 95
98 15
116 13
62 70
128 75
119 20
87 36
83 28
111 51
132 26
66 87
43 30
63 125
62 21
70 72
50 85
36 118
68 103
46 58
97 42
43 117
128 132
120 76
110 19
126 29
44 112
116 87
8 99
78 70
119 68
62 89
20 98
127 8
67 94
65 84
2 108
121 50
27 29
125 57
47 38
86 90
16 122
43 78
87 42
68 72
30 129
81 103
93 74
110 80
34 42
31 35
70 72
84 96
100 129
20 13
87 26
103 24
14 66
101 21
28 35
13 58
30 93
27 44
33 58
44 121
99 74
76 89
67 81
51 33
130 124
100 84
70 123
107 83
55 74
24 4
29 36
115 112
128 62
22 82
119 66
69 5
60 65
93 47
12 11
1 9
55 100
92 125
89 119
128 64
113 19
67 8
54 48
40 49
31 116
51 16
102 119
21 82
104 113
129 116
44 129
45 20
95 57
11 104
42 59
34 75
77 22
3 52
123 42
21 20
24 71
90 125
110 74
80 10
123 62
108 118
27 127
133 83
58 24
45 116
57 119
60 78
121 111
68 30
131 8
53 122
97 99
98 127
93 44
4 82
27 32
120 53
25 119
57 82
9 101
64 119
87 44
118 74
75 106
24 126
113 131
114 131
96 78
124 55
43 48
3 123
79 43
96 103
28 19
105 90
41 36
129 127
79 113
121 75
6 12
67 40
9 48
37 25
46 27
133 9
129 56
131 74
98 15
98 46
33 69
2 127
25 51
120 25
85 29
99 90
94 32
129 102
79 86
47 46
113 46
54 29
101 106
102 65
120 110
73 110
32 67
1 82
107 25
87 2
123 44
16 22
93 117
21 46
84 66
79 129
41 107
17 67
129 81
53 116
57 46
92 9
112 92
12 7
38 98
8 27
8 24
48 101
61 123
67 66
109 12
61 16
118 78
3 34
79 55
16 57
101 28
65 133
41 76
6 78
41 68
25 102
12 127
123 126
116 56
58 91
121 40
28 26
38 30
60 116
6 129
39 106
78 25
26 118
21 32
116 115
99 61
5 110
54 127
102 36
104 27
48 12
120 129
38 24
79 97
6 84
92 99
110 36
44 3
74 118
88 110
100 53
38 25
83 91
72 51
48 42
131 95
54 38
11 12
61 89
108 121
40 66
7 70
23 50
126 96
34 80
127 54
132 31
78 2
121 17
107 35
112 25
50 86
63 60
97 123
16 125
110 109
112 116
99 1
86 92
17 41
38 10
94 91
94 93
92 82
30 65
37 62
90 8
69 19
67 86
62 3
78 39
32 56
75 131
110 28
89 47
68 47
111 82
4 71
95 96
19 45
27 110
107 37
117 42
55 50
48 38
107 125
76 5
101 71
56 77
98 65
45 86
112 22
89 115
92 104
77 32
16 25
8 122
115 124
84 91
94 52
128 121
44 124
47 65
61 102
63 80
34 107
86 12
128 41
47 86
12 45
117 81
69 45
123 104
35 73
61 50
124 55
37 88
45 83
20 27
106 82
106 6
109 58
71 103
20 117
109 31
28 14
32 17
58 21
121 14
14 102
117 58
78 20
13 43
24 86
69 129
88 41
55 63
20 46
32 39
29 61
123 111
128 21
48 53
41 89
120 54
58 103
111 2
43 44
98 120
50 34
36 4
128 90
66 68
2 18
106 85
133 16
116 127
90 30
100 130
119 86
104 97
109 3
98 73
100 116
59 17
16 95
20 65
105 7
132 28
24 26
112 23
41 15
17 131
44 37
48 83
123 73
46 19
129 64
91 95
47 71
32 116
32 52
47 57
58 100
84 2
46 116
25 86
130 95
4 41
131 106
123 41
99 90
114 94
20 125
109 66
62 8
103 14
113 16
71 91
36 75
92 81
58 37
88 54
52 12
15 104
117 59
11 82
15 45
96 88
37 72
75 19
79 44
33 58
59 24
15 16
98 27
96 76
118 50
51 36
62 65
6 99
44 71
102 112
115 64
67 72
2 8
91 1
51 123
112 30
67 47
45 85
74 62
28 58
32 78
14 63
20 113
107 11
2 6
125 65
72 64
121 133
75 121
50 118
100 1
51 13
45 2
7 106
83 118
59 81
132 72
65 18
51 92
82 106
97 127
38 36
111 79
35 52
66 6
36 86
6 86
20 104
9 80
131 12
65 56
14 63
127 78
1 99
36 82
71 132
75 29
88 53
107 44
104 94
103 61
46 108
13 119
132 75
66 50
8 130
105 21
113 20
98 113
39 133
115 109
52 56
59 7
29 32
104 54
125 73
114 92
101 47
77 99
43 63
16 50
59 41
70 92
60 88
71 19
8 52
49 59
29 107
119 111
5 89
31 51
28 65
63 49
112 60
15 21
123 84
70 102
45 60
61 26
14 52
44 21
25 92
133 107
65 119
84 124
128 36
95 77
100 24
125 78
4 60
19 126
64 88
16 109
68 76
55 2
48 98
76 72
57 76
99 42
115 50
86 109
6 47
106 105
124 19
104 128
78 122
41 63
131 56
92 65
52 13
67 21
110 9
13 87
5 112
50 119
82 2
16 87
103 121
58 14
6 82
62 5
71 103
121 68
79 132
52 91
119 126
121 49
5 75
53 37
45 93
118 46
108 71
69 16
50 83
76 131
65 80
122 88
67 56
88 66
109 6
23 15
52 64
63 56
5 116
93 103
75 131
16 103
69 5
118 39
8 60
90 73
60 79
27 47
55 114
112 30
40 55
99 91
119 28
14 44
64 27
14 59
24 83
28 13
87 67
105 16
47 62
88 28
61 114
74 36
16 107
120 55
82 85
13 121
112 80
32 43
106 99
22 50
48 104
63 55
37 34
70 4
16 78
31 130
113 26
33 128
132 73
49 1
24 115
122 2
61 74
98 87
39 41
4 7
11 120
115 47
74 106
50 11
50 2
7 29
27 93
23 79
32 126
79 55
107 67
111 89
7 129
42 99
36 99
105 46
85 8
13 26
113 117
36 83
118 96
112 11
56 55
89 8
47 88
117 75
76 94
30 3
10 71
102 46
37 127
12 42
1 25
121 34
8 23
117 46
40 16
56 16
70 65
23 38
73 6
112 15
20 62
18 30
132 40
75 89
33 7
52 88
31 39
121 92
116 25
4 22
40 113
37 31
98 59
68 38
119 100
52 5
28 123
34 80
29 90
116 36
8 70
120 100
111 79
82 57
3 103
96 116
6 126
1 119
114 38
104 80
11 29
28 133
63 29
83 12
118 65
47 46
55 34
12 32
33 94
88 35
117 105
71 123
18 72
29 132
30 53
132 40
81 94
10 109
97 76
14 28
122 59
82 76
70 34
29 84
43 64
68 55
111 85
126 6
4 23
112 57
116 59
58 130
123 33
93 65
46 41
107 104
43 104
94 131
132 45
40 116
33 28
38 10
33 30
69 37
106 47
14 10
26 71
6 15
24 99
79 69
60 53
93 103
77 107
100 75
72 60
58 104
87 95
34 119
45 23
76 18
69 10
27 16
80 86
30 103
105 109
92 32
82 51
55 25
25 21
20 96
1 77
121 87
92 21
126 4
44 123
75 33
132 22
48 133
28 132
23 133
28 115
85 109
86 6
54 31
26 127
48 26
125 89
33 83
109 79
7 73
68 2
27 121
23 128
41 51
126 63
104 20
98 55
49 51
60 23
2 6
17 103
31 8
58 117
11 88
62 18
27 51
19 107
38 96
102 78
67 15
61 37
35 26
91 4
130 17
27 52
22 43
22 106
104 79
89 114
33 71
131 114
121 71
87 25
33 109
23 99
124 84
2 25
30 13
82 26
83 108
131 104
71 19
130 41
98 6
22 130
76 73
110 64
10 118
9 96
93 86
61 83
90 116
28 119
49 110
65 131
84 62
22 81
18 116
99 23
4 16
99 131
47 83
7 31
91 24
123 97
5 127
53 121
21 38
36 51
23 88
56 85
109 131
86 127
113 51
70 38
66 89
35 33
38 95
63 50
118 107
67 44
100 120
31 41
24 120
92 101
128 14
52 104
11 58
97 44
29 87
81 15
43 36
48 1
131 110
104 36
83 38
79 103
24 30
11 101
71 102
68 65
36 40
35 100
97 52
10 46
6 91
61 102
126 108
23 44
5 48
1 9
6 79
111 29
30 121
50 100
10 39
31 99
78 120
65 96
38 129
8 97
86 68
119 132
96 63
97 101
110 97
109 115
96 7
64 125
49 34
91 58
72 43
78 71
29 9
33 120
58 94
5 64
83 44
63 45
106 80
66 3
97 95
38 59
102 101
51 17
2 62
128 127
104 72
64 53
2 17
94 59
32 19
123 114
62 106
79 89
106 66
12 69
27 50
127 49
17 98
65 72
27 114
120 51
52 104
104 107
121 118
33 19
3 76
53 64
102 52
73 74
117 85
9 65
1 56
113 71
21 99
64 47
79 50
97 130
20 121
25 61
105 111
133 107
53 52
92 75
25 85
15 8
36 77
126 90
53 106
82 73
125 12
40 70
115 58
120 55
99 11
37 71
121 36
98 94
9 110
35 33
62 103
94 18
100 87
108 20
113 56
13 104
121 107
94 23
31 80
77 129
12 113
120 132
16 6
14 78
115 102
110 97
126 70
115 92
77 10
32 110
119 99
80 106
72 40
49 102
41 125
18 52
26 5
104 95
10 38
39 45
7 15
9 132
5 44
11 3
53 97
112 92
62 113
118 133
73 33
22 113
24 39
85 103
97 56
64 27
93 102
126 20
37 55
18 96
98 83
19 71
46 130
29 107
109 13
27 49
99 48
82 43
7 34
13 25
10 76
105 23
99 97
43 56
18 114
72 36
63 90
106 108
87 55
2 116
121 28
85 86
129 34
129 3
67 8
81 130
4 52
19 23
70 115
79 87
96 71
123 79
28 16
54 35
71 109
71 58
4 23
11 132
56 60
55 43
67 2
39 124
54 111
14 123
93 13
130 109
83 40
54 31
56 28
119 126
4 57
104 61
133 35
113 55
94 35
18 81
36 110
72 10
87 6
53 100
18 50
129 21
10 50
106 65
131 12
111 55
68 82
36 121
37 16
42 131
50 113
78 6
89 16
16 97
75 68
117 13
38 113
88 48
83 60
33 1
71 65
56 60
67 12
47 103
27 10
100 76
43 45
82 132
114 18
16 56
6 132
68 98
32 22
66 114
2 98
36 127
29 91
53 95
23 20
65 50
83 85
46 126
129 48
45 31
65 60
7 125
112 74
89 65
17 21
45 72
118 1
65 68
12 38
83 35
112 68
84 61
20 129
53 69
44 97
99 29
77 105
20 56
100 108
120 37
128 85
29 34
86 94
101 18
52 104
52 30
39 2
91 58
52 10
126 95
28 13
44 104
38 64
80 58
38 120
94 87
126 123
120 132
4 8
16 55
111 68
85 16
123 96
127 41
26 120
56 53
132 100
78 90
84 78
15 121
65 108
128 57
18 35
109 75
96 124
130 128
112 2
64 102
97 58
63 122
44 119
96 6
40 106
89 117
120 130
102 16
125 79
87 80
54 29
43 45
25 37
77 80
100 45
43 24
29 85
121 68
47 4
73 7
110 82
45 17
132 13
32 123
92 119
124 12
14 33
110 92
123 54
92 10
19 1
88 101
6 75
35 53
133 28
113 30
109 24
100 108
37 132
18 128
38 8
60 105
94 37
63 4
11 21
14 83
75 101
51 80
96 85
53 16
113 33
99 9
56 66
116 13
118 55
7 22
116 121
126 131
78 109
1 9
50 68
91 124
35 62
124 52
14 98
121 47
130 87
55 106
19 92
40 3
67 46
78 49
87 70
100 31
45 101
39 94
35 51
5 124
112 49
96 125
13 83
92 63
36 68
90 108
80 129
31 13
95 108
115 49
44 82
133 9
103 39
23 58
10 81
48 121
130 64
34 63
14 125
126 103
113 3
78 59
131 108
125 92
83 107
61 47
109 61
56 78
20 78
2 29
80 104
16 76
34 49
5 101
95 51
71 74
53 15
54 50
43 45
63 125
18 123
93 47
104 15
45 123
13 47
72 92
71 9
88 25
111 14
47 72
64 117
67 38
52 120
8 94
31 124
7 103
35 99
16 5
34 61
49 100
28 120
59 19
128 67
97 106
80 10
98 65
126 31
23 98
71 30
113 102
21 119
125 55
5 61
113 92
42 28
58 69
69 37
8 117
104 105
10 104
114 29
89 28
59 111
46 51
62 25
19 82
64 57
68 124
90 26
33 39
5 22
107 41
30 11
65 55
21 36
89 49
124 37
28 23
83 78
84 107
17 86
38 80
63 26
71 19
106 24
57 110
45 84
71 74
95 3
49 36
92 5
84 3
41 32
25 123
31 29
18 47
114 109
48 97
55 39
37 81
62 93
111 27
98 49
22 59
105 70
94 63
74 98
65 36
129 11
25 80
39 96
127 74
71 95
91 47
133 127
127 115
8 105
8 105
20 83
30 124
20 44
107 14
8 38
49 57
102 74
4 62
90 51
56 82
66 13
128 119
7 121
100 14
92 28
118 32
111 68
76 51
32 49
64 93
87 113
16 109
107 73
37 63
44 92
11 109
105 5
94 32
47 114
45 5
63 83
91 94
71 33
11 102
82 74
61 89
53 130
118 26
124 22
10 34
113 20
64 5
79 78
36 125
59 1
50 42
4 61
2 128
94 12
17 96
85 77
105 59
128 89
5 118
110 14
72 11
88 56
69 33
1 26
78 59
26 127
21 84
55 22
78 69
33 95
31 38
92 56
17 7
11 22
45 42
89 117
52 43
39 120
129 39
12 73
18 92
121 92
96 113
40 85
66 55
115 25
68 91
41 74
101 116
119 9
72 23
114 35
115 22
31 75
33 24
13 45
65 105
7 27
84 101
111 17
76 13
41 10
103 2
84 125
118 123
133 56
12 114
90 126
56 41
67 9
119 80
54 50
51 114
131 55
2 108
125 78
42 86
87 65
88 91
56 72
1 110
48 12
11 58
59 66
99 46
74 84
46 48
54 96
29 51
72 30
26 63
28 121
16 115
106 24
126 29
95 127
59 9
59 123
66 117
55 85
30 49
89 75
97 10
92 125
60 84
75 6
13 103
47 82
5 20
105 130
102 120
44 81
49 103
70 36
7 124
120 90
39 130
86 56
60 98
101 40
48 43
46 114
66 13
117 124
86 88
41 54
