445 2606
33 435
100 23
196 93
423 169
25 311
322 46
167 439
393 189
302 304
372 312
337 26
286 134
102 86
109 175
283 433
270 315
444 369
360 217
39 359
385 63
224 283
130 413
276 99
178 154
402 104
21 315
129 306
26 230
413 134
426 250
143 251
142 163
196 78
379 256
436 340
318 237
177 24
204 7
122 403
161 100
61 203
415 211
85 17
440 52
150 442
302 314
247 443
31 20
75 410
275 87
304 170
345 58
215 125
64 359
82 246
13 142
25 4
352 109
20 368
183 191
365 61
59 188
58 112
229 154
98 81
262 401
272 162
35 41
286 99
399 368
366 434
86 391
437 15
76 34
382 258
224 323
318 305
88 397
438 338
127 90
418 389
67 244
127 102
285 412
200 260
356 142
248 442
87 262
11 163
295 414
420 95
314 315
421 423
266 413
315 393
57 310
358 124
130 39
225 414
27 1
251 383
142 53
379 229
314 411
413 185
379 409
302 269
278 277
246 99
245 138
68 323
2 425
1 131
18 247
122 44
247 372
426 411
1 381
216 337
346 183
76 302
146 377
125 424
209 393
99 30
85 166
352 86
145 375
238 184
176 359
227 445
307 230
410 308
165 180
199 88
384 274
411 84
228 90
84 13
59 182
42 143
347 415
250 68
366 43
251 119
401 55
118 263
284 104
147 25
305 345
112 243
195 77
348 422
189 9
434 247
212 52
412 136
22 216
203 387
258 9
60 214
63 199
53 368
324 199
392 183
120 81
2 314
179 372
291 389
380 301
191 146
353 157
281 396
372 61
359 207
69 441
420 153
216 49
97 95
247 43
299 366
145 323
256 324
249 123
267 205
424 34
350 353
212 208
325 161
268 260
367 358
255 341
87 48
411 183
142 234
247 17
176 392
339 431
270 142
109 113
346 109
147 273
38 358
57 362
95 346
198 16
280 8
378 366
77 343
125 218
131 371
256 306
339 150
314 163
313 422
298 236
107 21
85 144
400 141
82 50
63 279
65 342
308 443
262 384
340 408
178 48
333 434
375 227
160 243
411 49
219 285
284 347
305 390
45 260
85 148
331 147
427 395
43 289
414 326
250 331
288 427
378 198
415 307
1 151
127 433
200 367
273 60
269 154
5 335
435 111
38 320
258 19
270 322
329 260
225 133
145 89
115 99
308 106
428 330
279 109
318 33
30 167
92 298
342 96
188 332
207 225
206 41
265 52
384 148
312 185
281 33
296 417
132 158
99 114
43 377
222 382
409 251
125 78
126 21
195 313
352 423
114 135
40 378
186 424
80 74
185 382
107 35
375 260
193 29
373 257
405 171
215 391
443 339
23 123
359 217
435 266
217 103
400 256
57 162
256 137
236 441
95 364
30 25
178 244
53 127
77 34
319 291
424 316
184 23
439 98
262 5
363 33
130 339
288 186
55 99
344 290
94 439
230 145
40 429
389 114
132 42
147 5
333 148
321 71
170 314
168 431
340 107
40 24
445 328
210 55
3 130
366 118
123 151
262 184
156 227
319 288
291 43
292 178
190 189
248 381
79 438
389 419
99 428
442 99
332 228
175 356
358 95
28 57
267 312
241 445
115 114
287 405
156 155
137 367
344 407
303 422
399 268
395 52
250 392
172 159
196 346
69 108
18 97
165 284
430 405
283 99
95 146
81 273
301 239
216 199
200 95
197 153
362 147
205 167
115 398
347 310
299 415
418 316
88 159
176 94
118 14
215 234
181 295
83 36
88 299
256 288
393 8
17 310
154 243
53 290
196 421
154 49
390 148
364 55
306 94
148 445
129 384
256 310
233 360
367 343
213 178
185 183
185 201
69 360
21 143
226 216
118 401
264 84
104 204
160 431
319 330
8 25
268 285
356 56
199 277
398 412
31 159
171 237
381 239
151 401
381 398
171 75
354 11
180 34
236 340
41 110
224 48
134 46
332 66
123 86
342 97
74 373
255 244
164 213
37 337
190 439
289 383
90 219
393 269
252 184
163 293
315 408
340 25
31 249
90 153
334 8
272 429
380 103
227 121
315 285
34 82
278 322
19 389
96 433
212 369
171 397
216 62
359 133
86 389
381 197
119 291
205 390
274 161
47 77
281 384
361 314
20 215
213 38
158 330
25 369
253 218
320 46
301 256
178 387
221 135
160 339
2 364
305 297
80 374
373 382
312 310
251 331
79 40
390 236
369 436
181 198
230 56
243 86
333 442
49 108
153 208
24 154
127 328
27 228
256 421
164 144
285 436
51 363
30 17
153 420
8 334
173 237
411 415
322 298
434 370
427 141
155 5
317 281
355 343
85 187
341 248
353 180
261 403
98 290
420 272
265 4
182 14
240 169
428 139
43 438
85 25
134 239
51 5
96 427
369 180
169 264
5 98
444 265
55 118
131 51
411 417
54 148
430 316
338 435
9 381
427 115
427 115
354 32
141 26
14 87
206 204
350 232
323 370
73 377
64 203
5 30
197 58
199 181
395 91
170 403
26 174
73 7
310 3
61 6
28 96
114 255
321 18
41 198
410 113
151 28
338 155
57 89
235 255
291 184
368 38
142 415
211 236
422 75
260 59
102 287
176 215
119 51
255 181
248 219
294 398
246 208
130 325
296 364
156 141
102 78
200 265
48 410
77 46
62 336
126 163
200 301
400 340
351 209
75 175
4 368
149 271
152 278
150 24
218 328
187 342
427 386
161 29
351 238
96 412
150 243
151 371
98 127
265 25
357 340
221 360
284 392
208 13
246 357
36 19
261 222
360 243
163 97
293 90
356 411
78 61
208 250
8 328
377 295
374 288
211 150
225 49
96 432
83 341
365 119
381 181
362 295
445 79
392 292
190 302
257 267
384 42
72 414
369 3
263 297
312 28
23 113
98 118
99 181
36 41
299 416
243 237
288 242
316 256
110 60
112 389
349 73
430 420
41 353
444 303
226 310
352 249
423 4
388 98
184 423
160 59
416 402
296 258
220 188
68 330
269 201
273 172
273 257
168 335
186 166
214 433
53 120
258 52
124 201
171 329
200 331
410 170
287 260
4 62
2 71
413 292
294 240
19 143
73 186
33 280
374 268
267 426
388 102
32 88
302 202
438 78
109 402
270 396
216 273
34 239
366 23
86 214
262 126
356 333
410 212
261 255
55 263
197 156
294 306
34 73
298 112
181 255
381 153
47 208
208 308
128 230
415 363
68 95
296 445
4 260
211 265
69 266
104 287
421 420
169 10
47 44
121 249
320 78
424 366
307 186
250 12
416 219
374 60
335 224
60 361
61 270
202 151
90 305
15 88
279 183
97 325
226 239
151 100
338 129
43 199
336 292
210 328
88 139
388 444
384 2
359 21
271 115
172 383
420 186
25 253
390 143
155 193
403 327
292 295
10 356
48 367
203 258
250 312
418 192
310 378
193 246
399 40
360 125
422 356
332 23
186 276
165 340
23 122
221 337
438 252
247 41
173 26
320 422
359 314
190 246
246 382
46 199
444 427
345 442
338 231
20 78
84 206
439 128
350 236
41 342
42 310
404 236
335 278
235 271
146 424
71 414
383 116
167 381
119 67
377 11
319 418
110 424
179 103
129 105
360 169
1 401
55 427
214 412
259 25
237 427
3 307
395 407
444 138
342 139
226 296
150 122
268 281
122 23
406 250
127 320
441 150
298 50
131 66
16 411
112 252
392 114
135 363
76 155
78 439
294 325
289 20
1 134
322 145
156 282
394 305
157 411
9 31
16 139
118 53
104 229
327 73
364 38
12 16
193 111
10 63
436 320
104 13
8 425
157 186
284 128
45 17
93 53
47 130
213 164
183 338
392 64
432 310
123 444
326 337
131 357
399 121
231 79
156 261
59 312
1 364
439 67
380 109
119 426
238 353
144 442
245 112
82 254
443 205
252 323
96 382
234 50
80 42
150 235
302 230
123 324
148 139
390 82
247 85
84 39
437 249
36 258
360 117
66 358
343 339
257 439
298 68
65 399
131 214
188 432
444 310
332 168
3 276
250 271
360 355
332 373
159 367
185 95
60 273
29 425
166 286
418 40
375 37
438 60
272 202
68 292
67 399
15 91
229 264
384 165
173 270
92 353
213 298
3 294
125 31
273 313
338 245
374 267
303 367
348 130
123 415
421 211
368 12
324 173
275 262
337 25
86 5
377 320
303 401
168 4
432 441
338 324
262 267
168 120
188 70
271 310
62 268
98 6
280 421
179 131
259 92
155 366
97 109
240 421
86 407
424 94
402 317
440 219
138 162
360 347
253 185
233 314
29 330
320 308
327 75
439 140
166 170
60 284
300 299
281 386
283 260
34 261
153 28
34 312
211 415
235 41
176 22
354 205
374 250
89 255
346 82
417 67
274 31
372 128
352 208
90 189
44 146
4 218
195 60
106 428
51 340
23 227
361 398
8 311
225 96
143 125
178 114
213 28
166 140
177 94
369 267
282 412
434 308
206 205
389 311
187 439
205 209
242 142
184 271
8 408
367 150
87 121
285 300
148 5
16 324
99 384
167 402
372 155
286 132
360 229
442 123
245 223
332 63
364 92
334 393
54 255
119 140
397 403
439 121
408 9
444 83
414 188
39 340
364 325
26 300
130 44
423 396
266 331
14 185
422 369
154 30
200 273
191 151
230 185
271 214
215 291
296 206
33 335
100 397
236 148
251 365
191 250
316 34
135 351
218 111
274 393
162 28
220 353
178 5
114 25
218 350
315 69
110 370
425 232
343 215
379 170
156 146
420 48
179 109
398 418
242 226
366 403
275 140
332 29
166 445
53 406
372 390
51 36
314 30
267 211
266 222
380 421
368 376
46 123
40 443
96 303
246 16
260 97
177 169
126 343
190 200
303 116
144 353
174 34
404 17
266 224
239 223
221 183
153 288
305 192
308 400
71 130
437 353
226 169
76 351
88 265
106 412
381 271
341 109
305 299
147 125
99 385
347 341
144 55
184 4
268 46
425 339
175 417
268 422
162 343
350 271
184 32
237 141
302 132
271 183
430 418
308 105
357 231
445 56
307 205
81 152
272 82
67 23
75 334
445 236
231 349
61 436
380 297
132 258
5 402
441 434
374 325
115 308
110 115
385 417
341 20
145 168
101 211
190 176
99 189
433 351
114 71
341 48
389 27
328 394
429 323
404 379
202 74
241 333
210 180
326 105
199 25
272 322
235 39
74 355
227 83
260 363
153 178
432 97
204 314
45 209
191 3
143 414
98 383
324 307
118 204
412 338
251 260
236 40
320 309
395 124
392 231
41 121
408 27
217 189
341 283
397 108
286 94
99 405
54 422
267 193
180 255
85 430
91 321
47 411
206 18
89 174
270 129
295 233
177 88
421 94
371 394
202 233
43 300
192 118
298 35
310 54
311 416
61 402
313 129
389 74
146 32
269 415
182 140
224 380
228 221
29 175
170 230
407 234
106 175
351 425
232 215
33 97
185 93
53 75
221 441
148 388
49 438
380 252
133 158
187 382
379 215
111 103
21 94
358 148
290 263
127 76
54 181
173 260
274 247
334 71
265 58
36 335
51 415
142 205
149 350
141 104
119 273
228 161
388 140
308 232
402 11
308 32
191 57
292 41
325 180
134 144
260 169
34 310
160 197
91 330
101 231
434 241
58 238
401 445
378 285
253 356
295 137
388 62
215 234
103 95
435 258
260 249
3 315
135 184
66 225
68 188
10 78
428 89
316 383
110 248
244 385
158 115
76 100
177 291
355 301
407 345
113 221
170 115
113 305
298 178
84 387
366 116
20 348
226 335
308 358
159 128
297 316
243 394
438 419
261 347
274 222
268 386
20 438
77 132
297 396
331 402
337 251
72 356
176 320
267 60
232 425
187 105
296 429
53 310
424 314
211 252
112 34
214 131
48 312
284 344
262 170
322 154
420 394
64 172
290 353
253 76
332 440
180 204
445 232
68 424
122 301
230 234
334 21
364 403
332 225
301 149
394 199
302 390
147 387
117 13
316 369
88 203
385 289
406 385
76 29
385 219
351 169
7 261
211 393
218 98
172 95
268 120
293 146
64 17
87 202
29 425
148 117
182 109
405 142
48 57
192 432
276 97
178 304
357 388
251 151
62 444
245 329
140 93
29 226
109 138
427 137
117 151
275 298
260 257
16 329
335 230
338 165
348 92
46 282
56 318
432 118
317 232
23 11
346 52
236 31
211 240
189 327
412 19
201 248
275 238
132 164
44 46
351 392
159 396
250 214
268 258
353 161
66 398
194 411
4 429
441 236
245 185
139 234
225 339
36 76
153 189
261 197
234 188
165 414
160 436
183 5
248 112
165 314
64 358
301 89
364 319
346 185
80 39
418 304
399 9
379 107
197 216
325 8
404 66
421 118
56 180
122 325
314 287
215 399
221 71
65 139
411 410
324 45
4 296
348 402
326 303
85 100
73 409
107 31
51 104
149 128
306 270
30 196
133 244
149 354
336 213
47 301
178 392
345 203
265 269
159 145
126 266
244 199
251 372
251 302
31 421
6 358
246 35
108 400
279 278
308 169
46 377
47 245
345 413
2 164
237 182
309 362
2 129
137 253
56 410
131 108
385 136
20 207
171 149
162 26
426 46
216 48
444 262
292 344
230 315
84 21
52 392
404 75
98 118
349 153
82 34
282 43
192 301
250 362
26 411
387 6
33 157
54 32
441 367
397 225
237 35
267 288
4 247
384 101
364 288
275 22
343 111
65 89
433 314
5 13
301 413
40 355
147 93
408 164
15 359
410 251
416 231
115 419
54 53
96 440
362 392
16 260
79 102
348 66
437 375
100 314
364 139
224 65
232 208
228 268
122 214
95 114
444 209
109 75
283 204
69 200
172 106
14 250
208 361
337 221
312 436
90 231
129 335
295 382
97 100
226 240
313 320
353 334
83 16
408 388
241 53
142 412
158 177
238 365
114 129
163 426
141 252
211 292
163 82
250 259
203 31
76 71
350 428
426 10
21 410
397 261
17 115
250 174
291 64
116 404
215 278
384 355
106 171
223 290
253 28
103 10
58 200
102 407
183 104
438 203
68 411
40 106
80 289
302 392
353 439
351 122
293 311
53 398
59 276
242 311
303 366
320 360
121 444
343 325
102 358
104 170
323 143
297 403
432 153
349 361
146 276
59 438
164 111
412 222
386 230
109 243
173 5
179 293
3 99
194 105
11 297
296 333
439 169
312 2
344 238
384 44
68 442
59 253
108 47
51 48
277 159
313 4
186 46
318 188
166 66
314 176
384 186
86 399
377 397
401 275
189 339
318 279
336 398
86 20
445 159
67 276
339 379
301 79
2 173
289 167
260 179
365 220
365 5
173 318
423 150
147 167
44 41
22 401
439 107
420 438
287 63
290 181
19 167
259 42
361 124
230 197
303 149
416 244
175 143
116 153
293 262
341 358
302 362
335 317
45 331
331 332
393 197
89 433
363 369
29 278
48 259
29 372
429 444
170 181
164 307
355 11
123 250
390 1
188 279
318 232
164 225
140 133
422 228
121 339
152 171
194 221
6 244
147 435
265 338
192 428
199 101
15 343
350 404
343 92
259 237
345 422
17 40
131 438
289 251
353 17
422 123
237 427
367 383
438 186
275 206
190 50
306 204
392 232
184 312
323 442
103 245
440 141
284 125
155 149
398 85
166 396
207 424
399 128
384 414
313 213
174 57
285 35
282 231
266 20
97 166
38 222
410 54
384 270
201 116
440 153
200 160
103 406
139 78
111 77
46 445
311 220
79 150
276 360
403 118
402 54
283 16
297 269
70 236
115 270
351 110
444 127
291 101
87 6
200 219
82 246
219 415
42 297
141 317
233 98
434 211
174 294
227 47
139 296
304 254
142 209
385 140
357 230
262 21
236 16
239 339
261 12
330 324
330 26
195 140
145 206
350 340
54 131
387 192
3 245
22 166
31 406
305 387
191 143
407 3
159 201
341 441
234 248
320 119
273 91
280 417
296 184
312 371
337 275
140 361
74 161
82 104
122 408
68 334
106 29
358 286
251 275
303 40
77 199
180 349
312 14
343 184
219 231
110 60
249 26
155 431
129 281
129 91
348 39
218 398
396 80
204 226
383 265
324 158
444 250
24 34
147 208
252 399
339 384
35 164
409 189
149 92
24 300
204 393
338 422
346 289
56 126
91 15
390 414
195 410
218 240
20 386
24 293
339 362
231 395
102 194
139 251
307 184
127 66
132 19
42 54
329 119
201 441
156 145
432 350
131 204
144 150
167 168
19 82
106 250
32 208
443 192
35 305
375 161
392 83
179 10
136 85
150 336
80 305
57 66
231 209
292 375
380 35
119 399
116 246
203 169
8 200
360 42
81 290
224 49
394 425
58 85
64 208
442 165
89 76
231 320
284 77
271 219
111 389
172 248
189 374
439 219
150 353
282 253
219 61
301 168
62 381
274 125
143 292
289 253
367 96
127 206
194 397
1 326
362 172
129 128
122 144
346 271
51 204
100 292
264 401
36 347
358 309
26 77
177 337
329 99
432 11
326 203
407 326
83 346
52 233
28 173
376 395
20 4
153 120
295 439
97 330
340 31
215 366
107 391
279 435
66 287
445 391
44 429
271 149
329 344
381 356
93 334
327 135
337 34
254 208
27 372
92 367
402 328
309 63
295 142
74 361
5 74
328 71
79 176
219 407
74 154
339 189
42 220
323 400
275 153
162 302
79 275
223 57
157 108
141 29
271 214
411 275
309 293
345 387
23 118
370 119
294 285
307 357
81 184
312 356
336 28
234 436
325 11
47 36
140 209
86 410
444 51
239 308
366 139
271 388
278 218
83 126
57 389
60 160
149 371
70 39
420 303
51 299
335 119
357 29
327 19
438 326
70 253
210 435
413 57
399 246
274 59
393 331
2 7
67 173
399 136
211 396
15 284
271 349
402 204
399 284
223 413
186 314
220 417
325 210
28 278
10 302
336 424
209 360
8 275
87 428
432 319
378 1
179 226
371 136
6 346
441 228
335 203
118 109
174 442
318 201
297 349
79 209
350 287
145 357
138 253
339 146
149 294
146 327
74 93
17 79
15 12
329 349
214 1
35 409
443 374
165 316
278 265
79 182
129 224
115 266
31 8
412 179
301 134
61 396
249 99
30 263
133 380
167 368
380 201
332 399
129 73
269 428
337 370
186 20
170 300
308 200
330 296
401 185
429 38
136 254
158 187
72 290
121 260
213 55
37 99
31 187
171 321
192 84
245 377
104 436
254 433
213 138
283 168
344 288
227 34
97 384
220 190
251 362
26 18
417 62
138 24
270 330
344 16
413 166
415 93
178 223
80 390
382 384
112 280
227 360
336 345
321 132
111 126
49 136
143 42
219 302
65 43
186 430
81 175
172 50
268 350
294 369
294 230
330 428
86 111
364 421
32 239
130 142
364 178
299 83
219 94
384 305
136 146
289 216
321 38
287 165
387 135
110 257
386 439
239 27
126 158
24 157
418 153
320 337
330 195
441 125
288 402
429 424
102 295
216 422
332 58
163 295
214 273
106 155
266 367
203 392
101 226
125 73
401 445
431 307
216 427
432 59
383 437
59 61
286 274
60 172
353 222
43 122
49 149
276 337
70 55
283 192
280 407
264 257
428 272
141 221
253 127
279 212
140 337
294 426
187 353
174 117
130 217
238 200
387 90
91 33
144 395
224 445
379 42
257 383
313 397
158 142
100 436
375 261
349 224
263 91
153 14
207 304
230 21
59 193
132 149
225 275
121 3
296 54
66 107
436 379
80 149
97 201
161 49
39 65
294 301
177 1
314 405
305 120
425 385
312 133
110 91
407 230
93 257
283 159
386 296
114 42
444 232
265 181
280 303
245 128
158 443
151 27
402 32
146 403
416 13
90 80
125 73
310 218
330 169
398 292
19 66
333 39
297 174
220 154
31 41
303 189
39 8
237 17
39 404
442 9
416 108
111 118
181 420
335 87
143 287
378 162
374 287
222 247
16 441
400 68
59 258
256 119
287 69
135 326
28 153
356 20
261 21
137 441
17 26
104 160
334 58
343 262
366 141
64 403
137 40
26 217
297 303
335 139
372 46
41 399
199 418
418 14
439 110
31 32
157 134
213 46
213 110
329 133
273 414
91 409
31 116
202 327
418 91
42 344
136 104
319 356
77 292
369 92
423 421
123 134
131 336
201 343
22 107
53 294
97 143
279 127
280 35
31 252
147 72
173 305
198 68
215 274
359 161
365 358
136 64
69 289
421 269
208 443
397 260
313 49
402 169
197 236
203 227
65 372
321 259
231 73
326 22
346 262
182 287
174 340
372 242
205 348
88 412
367 39
227 256
87 183
424 284
441 204
87 82
130 407
340 382
56 220
403 401
58 162
264 232
78 213
50 282
115 137
248 58
176 29
313 284
234 292
144 251
50 231
332 201
214 248
137 270
22 116
247 102
277 88
333 354
300 382
212 436
74 15
48 271
65 382
131 298
228 275
103 299
82 11
54 317
258 212
141 302
328 410
403 181
52 290
112 373
248 323
363 343
337 432
190 424
368 321
276 173
150 401
26 253
433 102
124 246
313 265
102 195
251 81
398 302
392 64
251 194
408 190
114 322
176 303
300 120
178 152
292 349
107 340
156 95
441 302
362 308
143 40
80 393
120 54
271 66
117 76
259 101
265 394
422 17
252 276
136 6
428 5
355 111
344 87
227 361
388 143
223 85
182 324
54 301
377 324
388 70
399 224
171 240
172 147
256 445
445 414
6 4
440 382
114 338
45 363
253 10
60 52
116 264
376 170
141 329
48 84
399 24
329 124
285 55
292 118
55 291
86 82
316 80
40 430
439 84
369 268
115 5
319 231
268 271
400 431
155 24
91 130
47 419
253 354
28 121
26 104
434 133
207 304
234 246
310 227
352 233
71 21
238 411
251 82
237 227
67 413
251 179
97 319
152 371
227 202
68 252
327 56
384 89
360 172
356 246
420 262
34 45
283 293
11 110
374 269
337 18
258 142
218 376
15 370
301 264
148 368
70 29
1 31
117 382
224 28
182 221
311 237
287 170
84 297
280 35
142 171
74 399
334 291
351 370
237 206
188 384
151 280
413 173
332 106
109 110
155 290
352 21
104 194
212 187
67 46
243 209
238 316
184 126
184 90
51 420
317 260
359 44
94 348
216 425
30 346
112 207
191 18
249 294
211 15
57 278
61 300
63 298
192 268
1 375
379 73
350 273
332 285
316 426
209 109
427 260
9 93
21 221
133 291
91 343
306 170
197 388
46 259
262 237
82 262
189 37
356 115
309 243
421 202
245 206
310 226
20 340
341 63
138 28
353 228
392 213
419 144
155 19
424 439
278 60
255 21
119 166
135 427
430 132
183 251
337 69
53 356
409 393
418 101
442 348
350 389
115 324
109 292
342 87
307 174
169 138
216 287
325 350
268 309
58 28
114 394
96 167
327 59
136 299
181 155
223 86
98 360
409 206
228 327
292 89
56 37
226 271
323 106
198 146
436 255
195 105
226 290
293 107
371 5
427 106
159 205
213 256
119 176
38 346
80 352
11 135
388 236
427 266
341 201
433 354
33 182
13 258
48 327
386 418
331 367
101 45
126 313
322 266
66 382
188 145
310 198
301 252
434 304
94 351
60 103
259 92
306 293
371 354
196 311
348 82
254 3
148 380
338 46
222 403
4 410
124 313
162 424
142 172
282 235
100 341
360 358
9 242
228 401
150 423
288 75
81 97
99 250
53 436
318 274
415 321
260 93
189 444
71 330
170 375
