356 129
292 166
293 323
230 8
100 45
163 232
30 355
328 151
159 135
230 142
341 311
18 156
314 317
176 51
112 345
336 7
102 271
17 238
237 246
245 181
134 251
56 8
93 227
158 96
205 231
237 189
185 254
188 343
214 7
37 169
196 16
20 141
130 36
222 211
125 110
35 102
204 290
109 297
4 266
36 208
341 272
240 169
14 72
155 227
278 35
240 317
250 259
101 24
138 166
234 262
119 112
207 323
245 316
107 248
69 342
299 53
101 182
222 114
97 220
185 19
99 68
335 348
326 280
15 307
89 92
212 208
47 262
18 291
221 124
26 290
309 168
342 53
350 51
167 90
115 351
308 213
62 287
204 231
54 63
181 342
354 236
37 45
141 54
179 6
21 49
139 329
216 124
226 53
19 36
143 133
230 94
189 135
224 36
9 121
298 33
107 296
268 343
184 252
41 206
101 261
254 239
78 314
207 303
10 225
182 352
201 255
290 33
33 157
268 241
122 210
273 72
149 28
58 176
279 298
25 224
47 279
106 124
80 156
270 89
224 295
285 268
193 218
300 225
18 212
109 339
265 225
54 257
252 312
76 18
97 100
