781 612
381 453
739 502
263 167
757 276
545 220
271 374
114 757
712 628
171 611
377 521
24 541
584 304
239 759
169 670
672 344
729 302
16 686
23 309
103 29
584 678
248 105
270 393
80 231
270 250
92 646
770 115
406 604
449 644
612 618
564 533
211 511
53 257
447 75
566 549
104 368
445 382
472 745
24 583
195 293
51 286
158 71
431 594
674 98
487 535
746 269
286 207
30 338
463 476
444 278
274 578
677 749
209 398
712 233
199 156
556 250
472 744
351 152
556 274
281 293
27 245
592 312
451 652
680 164
346 373
472 650
169 367
617 409
765 579
672 182
734 446
462 456
409 31
607 214
335 106
537 361
382 348
703 82
218 633
245 595
224 717
463 424
333 330
82 316
127 753
529 110
417 240
596 75
302 422
289 636
558 75
216 158
422 168
240 671
19 515
515 274
481 227
728 64
556 28
379 713
780 157
73 446
397 668
521 698
339 59
552 116
133 17
304 586
185 543
475 234
308 239
538 38
465 484
101 271
542 511
202 571
667 274
236 282
192 756
198 530
33 781
676 196
16 199
781 231
772 474
465 329
743 252
367 427
736 498
697 527
227 148
317 113
422 552
425 644
557 623
423 620
653 318
34 668
516 34
118 506
538 613
85 500
83 451
176 68
167 91
595 425
238 130
537 690
712 211
552 518
83 194
356 735
542 389
622 276
453 770
31 241
601 115
771 683
596 165
1 13
255 595
437 523
755 223
432 716
433 233
452 516
457 57
500 217
476 340
523 148
328 585
419 178
730 408
111 576
572 111
588 76
736 274
598 740
527 279
705 209
543 406
724 218
462 474
466 156
32 238
334 391
41 752
599 21
378 709
596 199
69 433
274 54
737 91
12 482
400 747
690 161
371 664
410 51
356 94
238 418
331 571
58 403
542 657
454 169
584 299
368 684
731 641
737 717
762 780
417 412
745 356
572 366
269 200
416 655
324 653
292 655
474 349
307 234
224 760
402 58
277 19
741 257
691 727
223 702
725 639
332 720
244 123
304 513
353 750
386 677
653 708
581 345
276 106
609 530
115 260
618 422
279 577
709 188
554 150
108 528
38 471
497 281
593 50
43 195
19 460
90 702
417 701
296 723
56 123
472 201
382 308
622 691
135 549
128 688
729 267
465 766
737 181
297 579
230 370
23 279
79 144
199 496
63 525
437 119
647 158
319 279
497 191
219 631
770 378
568 718
644 251
702 630
462 248
458 723
618 480
220 727
623 450
441 686
193 128
54 90
285 403
399 781
624 617
661 613
213 478
549 106
760 500
735 440
779 411
381 646
141 632
591 763
300 251
698 523
409 1
612 724
404 229
755 246
96 634
108 308
331 687
414 340
406 398
779 403
59 410
267 199
260 107
180 590
388 128
331 15
128 162
739 562
421 743
58 547
595 165
74 175
71 518
545 507
165 543
159 223
202 456
421 461
562 632
269 169
9 599
183 136
10 171
698 462
132 5
227 758
169 331
182 270
98 727
776 263
519 184
516 720
639 187
430 420
68 698
619 76
546 51
211 587
222 158
298 384
162 524
391 362
105 604
662 202
549 688
495 317
90 261
255 729
447 715
398 514
631 235
589 426
285 49
262 537
238 559
171 430
333 561
10 437
383 703
669 181
609 414
528 698
674 32
676 370
746 292
102 595
557 721
271 92
19 532
659 256
310 48
686 642
640 726
328 241
647 246
453 505
690 199
422 582
231 347
201 195
670 333
40 445
303 341
567 322
91 445
608 431
523 512
322 381
488 680
653 384
145 324
108 53
553 529
666 33
94 116
259 763
449 329
458 751
669 274
291 9
718 118
440 460
660 761
90 366
660 742
750 54
315 107
106 87
635 21
150 759
137 408
772 616
736 479
585 654
752 95
663 720
243 321
429 152
331 518
518 209
479 517
262 12
623 399
129 507
450 279
515 617
717 505
451 703
233 255
575 204
380 487
142 653
57 570
23 388
337 571
596 34
306 108
77 178
506 236
715 205
545 449
41 481
203 491
402 436
776 226
639 374
744 30
245 19
630 299
406 185
88 252
250 425
359 357
602 83
592 536
287 356
234 358
86 436
68 518
90 62
774 759
467 736
38 742
755 667
259 410
102 347
661 382
771 238
769 622
351 579
407 669
184 640
245 269
295 343
5 415
436 779
393 121
764 430
112 737
347 371
397 479
748 276
79 737
514 66
577 83
675 203
1 78
92 246
377 386
588 413
20 273
441 443
393 423
122 505
410 468
125 25
196 91
300 274
77 63
370 684
177 295
136 177
403 228
453 779
644 260
441 694
563 100
355 175
554 477
710 182
194 84
237 390
174 567
694 250
661 283
183 56
608 319
232 229
577 716
226 439
225 698
352 6
16 706
180 600
432 139
31 657
222 267
265 426
84 177
706 744
490 108
18 347
457 280
575 252
214 51
690 438
748 260
444 13
216 654
613 647
43 674
553 264
191 36
721 274
244 645
267 764
752 284
330 427
594 154
678 58
204 618
526 201
96 219
214 342
123 76
239 165
749 10
428 158
46 398
462 320
262 728
333 263
261 662
690 74
35 617
162 269
484 687
470 580
156 683
171 278
8 409
442 756
419 119
164 495
517 625
64 778
572 396
259 51
277 198
155 342
65 316
641 548
253 329
377 408
261 548
685 268
175 376
274 624
494 437
337 260
311 400
256 101
46 546
183 353
743 337
694 57
684 584
605 155
132 200
593 423
747 527
722 172
121 214
14 645
681 382
124 210
31 410
342 76
174 524
