164 3118
73 111
152 94
137 146
122 92
49 58
82 75
155 6
7 10
115 28
83 102
25 106
6 65
136 148
45 138
20 60
35 93
90 106
106 146
8 63
73 56
40 155
51 115
160 57
124 111
4 42
132 29
67 57
13 38
40 58
11 143
37 130
155 127
155 96
108 162
79 17
138 118
91 24
68 86
80 27
116 84
152 83
112 54
139 124
92 98
17 22
77 138
71 151
100 146
83 127
63 161
63 36
34 153
59 102
159 139
48 30
142 36
113 89
89 7
132 100
25 69
42 21
42 32
7 141
13 9
23 76
5 86
31 123
74 90
60 152
148 107
18 125
62 50
49 71
140 16
6 164
84 131
104 45
163 111
21 95
119 128
90 44
49 121
2 42
130 145
30 113
7 131
73 69
16 41
59 75
56 148
75 60
115 98
104 33
44 45
47 83
8 137
46 140
13 131
17 142
111 130
10 37
96 82
25 31
122 83
106 97
67 100
76 101
33 100
133 77
144 15
79 71
71 44
46 83
10 146
144 40
112 153
76 43
154 101
74 111
103 15
44 5
114 39
105 66
138 157
142 117
92 140
107 162
19 72
1 28
54 144
151 85
53 63
127 42
83 120
73 105
54 36
30 87
74 134
153 48
47 50
84 138
26 111
135 44
18 135
156 155
35 142
75 7
124 122
132 126
77 40
67 131
75 96
53 69
149 125
116 115
11 119
88 36
65 143
163 83
33 74
157 151
136 68
157 95
25 125
141 101
84 127
151 79
142 124
147 46
84 18
161 94
136 84
49 37
146 48
39 15
121 31
1 92
98 78
107 42
38 3
143 41
129 49
119 26
8 101
71 12
118 67
105 10
71 154
46 52
121 84
150 77
114 151
89 132
64 31
9 21
117 71
61 81
120 100
106 47
120 12
58 158
163 3
153 72
48 124
28 51
110 24
164 16
112 131
79 62
60 19
14 130
163 14
85 18
119 132
138 51
25 51
133 107
53 121
14 20
80 125
70 25
149 153
40 16
40 38
78 99
140 11
148 139
25 69
76 63
120 49
33 144
99 1
7 71
41 20
90 121
65 79
65 49
152 25
148 111
146 61
129 122
156 112
16 100
100 91
82 55
60 115
35 78
35 125
149 76
144 158
32 128
157 16
12 144
124 160
10 106
140 58
147 51
5 82
150 105
92 68
159 151
102 113
65 136
157 133
47 137
126 162
20 118
98 32
17 57
111 110
82 6
3 64
141 92
65 126
32 157
113 110
63 134
143 47
106 135
15 72
27 61
70 47
98 87
162 35
143 28
144 61
117 67
44 93
158 109
139 109
21 87
138 83
57 36
130 82
7 64
153 117
124 142
83 58
64 164
92 127
27 155
23 64
57 150
156 50
94 130
78 34
137 52
117 113
87 82
30 13
65 102
130 25
80 132
82 63
132 93
25 78
83 131
61 60
37 53
109 50
18 107
84 74
158 36
22 80
37 51
93 101
73 142
125 72
29 126
134 80
138 79
158 141
129 138
36 1
26 64
51 128
6 54
37 163
89 59
163 125
29 11
145 101
72 26
92 100
71 146
16 45
144 93
21 108
66 140
29 92
39 163
139 129
52 11
47 60
153 45
104 102
139 84
122 46
109 50
146 16
31 81
144 10
9 84
37 158
59 149
5 97
147 143
145 118
74 28
13 62
72 116
163 47
120 121
12 64
6 157
163 120
157 62
129 1
145 85
79 39
70 83
56 52
62 36
6 135
63 102
116 55
54 115
21 9
155 32
156 160
109 75
35 101
56 83
22 37
3 100
159 72
18 50
44 163
6 133
53 68
70 5
42 43
39 62
135 29
94 47
108 38
41 142
58 96
60 79
132 62
98 127
54 36
96 97
118 101
149 7
89 54
11 130
17 49
28 151
77 41
33 104
162 157
81 55
89 60
54 140
121 71
22 94
106 118
110 60
138 94
150 62
148 160
28 164
128 139
70 124
15 23
63 12
15 63
150 103
122 39
79 162
110 100
92 135
137 37
114 111
131 99
92 34
14 119
117 61
13 106
20 27
128 2
122 143
64 108
1 21
66 163
19 95
99 30
66 155
150 99
101 116
118 29
69 131
67 105
28 80
47 131
26 10
133 148
72 32
11 73
137 76
71 75
7 89
104 156
80 89
90 16
125 43
128 113
94 115
54 41
30 100
7 139
109 59
42 17
11 52
9 147
128 79
141 54
4 164
129 83
8 138
18 52
101 66
1 30
16 54
154 129
73 160
103 101
139 145
37 149
32 45
51 79
44 27
52 47
26 16
49 33
74 150
85 10
51 5
39 150
142 28
114 50
107 137
70 1
117 107
149 68
71 119
67 114
145 38
160 90
54 128
43 127
34 47
56 4
51 94
154 112
41 23
81 67
159 150
68 31
92 136
99 163
91 85
32 155
122 112
1 95
75 43
141 28
9 32
32 143
125 21
90 85
127 6
152 122
75 139
152 87
110 6
85 36
10 36
111 132
147 111
62 142
153 39
5 81
154 36
59 35
140 68
119 103
157 26
60 67
84 131
153 30
57 157
149 66
29 95
33 11
41 15
152 113
137 77
113 126
112 7
160 88
158 35
26 150
60 5
53 144
55 41
93 111
34 161
13 146
12 129
76 52
63 148
85 35
60 117
81 7
124 76
14 37
30 123
23 10
127 75
73 102
35 1
48 152
81 144
133 92
29 45
64 91
112 148
46 7
20 126
97 143
121 31
16 71
153 122
80 36
32 152
137 150
72 20
138 152
84 26
80 112
154 143
122 101
46 3
107 65
48 124
128 89
154 63
159 142
20 74
13 51
61 69
120 132
9 93
119 92
119 118
123 108
96 80
45 141
3 71
42 50
30 5
138 19
67 132
81 86
125 13
56 105
82 11
72 90
24 111
101 142
64 59
5 160
138 133
56 140
40 17
110 153
21 3
8 7
135 88
12 15
100 151
120 101
82 111
26 105
57 46
2 41
104 6
120 162
139 11
57 98
28 2
86 132
5 13
139 59
20 70
157 40
57 112
140 138
59 86
162 35
131 163
75 71
4 30
152 62
125 44
79 152
130 85
39 54
97 32
37 3
24 76
143 136
51 116
30 136
113 64
103 31
59 93
118 88
80 16
48 43
14 119
92 98
78 145
115 10
12 151
12 120
62 74
91 32
25 40
4 57
23 26
7 81
118 125
89 117
60 56
79 73
95 7
91 8
151 41
17 83
111 113
38 92
22 48
123 131
87 46
107 29
71 114
110 24
74 118
60 133
9 139
41 103
145 51
110 51
11 47
53 121
159 10
132 16
57 91
66 63
136 9
92 43
122 121
150 115
74 130
83 82
104 43
105 4
94 134
138 104
16 111
145 10
40 112
110 97
38 11
79 94
103 90
56 60
46 125
94 39
90 12
41 113
55 145
116 68
34 10
7 50
40 71
143 79
19 8
11 140
103 10
69 41
99 44
21 65
5 114
103 94
126 63
43 100
127 78
3 161
7 93
130 46
84 108
125 102
36 55
161 138
64 150
14 83
29 34
67 33
68 89
127 29
152 89
48 114
2 134
110 9
146 75
54 65
103 98
86 138
153 83
111 136
68 44
54 96
162 120
49 65
45 11
93 116
99 60
65 20
29 95
112 10
89 86
159 111
19 80
84 7
82 114
143 149
78 116
1 75
72 49
139 36
143 151
151 161
46 135
16 158
65 48
3 74
133 81
20 151
161 24
78 137
56 147
134 7
147 44
162 115
18 117
93 88
23 89
133 158
24 126
142 71
49 51
39 129
71 110
45 94
23 123
150 162
105 120
4 7
163 86
121 101
122 133
108 145
141 77
138 164
122 35
155 90
86 29
139 76
58 19
5 80
61 74
77 85
113 1
11 32
6 131
52 127
19 159
107 159
71 164
159 113
35 69
122 40
97 96
115 75
35 39
154 15
32 151
100 145
151 110
12 156
161 63
38 99
57 65
94 48
64 8
80 18
76 121
141 92
137 91
2 7
49 156
105 81
62 40
61 48
70 156
123 150
138 160
84 30
60 97
161 44
104 160
145 15
117 122
107 89
132 28
15 17
103 119
97 164
79 77
47 148
68 89
53 125
85 56
154 64
153 71
27 92
66 8
27 102
49 53
26 16
80 40
32 19
79 48
102 157
44 149
60 111
157 112
71 77
87 145
61 75
135 87
87 120
14 33
58 62
85 3
162 84
127 29
22 41
161 124
33 40
28 92
71 20
123 61
17 45
125 161
40 15
3 46
135 17
78 112
162 82
34 159
1 160
108 107
120 104
150 72
63 13
163 53
116 41
114 52
6 74
48 129
9 51
10 143
151 7
10 148
88 43
63 88
123 6
114 78
29 99
150 91
111 68
144 147
29 13
34 118
6 2
82 14
52 11
76 38
17 85
105 104
48 3
111 90
92 61
87 120
159 72
131 26
60 30
92 8
126 125
125 131
46 126
65 97
56 140
54 72
145 79
95 28
81 41
117 93
21 39
48 100
31 98
45 10
47 136
101 8
16 61
59 62
106 123
78 161
98 132
68 78
130 162
25 46
122 141
58 143
100 26
78 50
123 42
59 90
13 159
97 28
139 155
9 164
113 87
160 131
138 147
128 103
64 153
68 105
49 126
83 68
151 80
117 29
121 95
118 53
9 51
1 147
125 9
66 158
15 145
124 152
127 87
90 110
159 78
51 44
39 53
111 109
133 64
137 9
78 91
62 87
61 62
153 105
154 55
98 5
35 141
76 82
148 2
27 62
79 161
105 37
50 136
145 102
119 117
110 32
127 91
38 107
72 27
132 62
1 149
150 35
126 61
36 29
146 147
90 144
143 115
16 28
6 160
129 124
33 159
155 79
85 29
106 157
139 73
54 139
57 123
93 102
19 129
130 1
111 140
64 89
10 80
37 15
159 85
58 111
79 48
26 164
160 131
156 54
123 129
28 15
87 41
117 25
5 2
109 35
141 9
43 70
8 79
4 2
84 61
33 162
29 142
81 108
28 156
162 150
120 109
164 126
149 116
71 153
118 15
23 14
107 150
84 114
148 87
36 67
68 65
96 45
145 39
72 137
36 141
12 145
140 58
129 92
128 38
129 62
144 142
5 129
145 38
113 152
73 15
55 140
163 150
104 144
24 95
36 144
71 47
124 47
24 8
58 71
45 106
133 25
3 57
73 148
14 21
55 87
36 109
146 34
14 6
97 121
100 52
100 7
19 143
137 42
151 114
113 31
55 1
139 57
141 48
124 154
68 14
160 23
42 62
141 139
67 157
96 86
45 115
12 63
94 148
104 80
17 136
30 71
56 5
48 116
136 7
26 123
105 146
66 2
42 41
152 34
56 74
162 6
85 60
99 153
84 98
5 139
128 160
115 52
43 66
23 133
91 145
73 32
46 59
117 87
99 105
41 154
14 122
159 18
18 14
6 21
111 11
79 158
6 29
45 48
95 151
100 105
132 93
56 13
151 9
20 85
113 144
158 46
101 72
63 38
85 69
142 116
79 57
109 4
5 74
135 99
60 70
124 27
162 15
124 148
23 63
152 55
126 65
100 62
137 163
20 141
151 161
12 149
137 121
152 142
30 122
160 89
27 119
36 109
134 79
92 76
141 164
51 102
64 70
83 36
68 22
97 138
19 108
122 155
148 29
52 97
150 48
22 97
2 141
41 55
55 52
51 115
51 101
136 115
6 138
70 158
160 2
51 98
30 9
8 13
37 60
30 107
107 135
39 28
111 163
83 85
50 53
119 101
153 90
135 78
147 40
155 142
126 42
75 50
83 7
6 142
36 112
4 6
70 31
116 68
33 120
118 85
74 138
73 163
108 71
146 147
61 43
28 102
118 102
71 120
109 77
17 144
108 20
150 14
134 21
81 3
141 34
87 134
91 80
133 34
150 34
101 130
160 128
68 113
66 58
152 94
134 4
73 162
107 142
11 77
83 91
79 143
45 1
112 135
164 5
149 33
105 35
113 152
102 61
53 79
133 146
133 136
139 130
163 36
140 75
118 150
153 96
30 73
128 85
73 127
9 141
80 33
11 28
20 32
8 157
111 140
58 79
32 44
30 152
103 24
105 88
96 121
38 4
84 122
160 130
130 57
45 82
67 72
101 19
164 13
129 139
71 127
90 22
90 119
9 28
142 34
35 157
154 72
81 157
29 76
122 78
52 87
79 119
78 16
57 77
112 105
52 18
67 141
40 76
16 132
103 77
1 137
70 74
129 150
66 157
145 108
155 33
30 69
71 107
4 127
20 116
67 155
53 51
92 128
66 144
150 63
144 42
132 54
6 37
119 83
101 146
73 133
11 61
39 118
65 85
57 100
71 47
152 123
97 164
6 83
143 155
145 122
117 32
11 122
152 50
124 88
31 116
57 126
13 15
79 161
20 135
96 90
101 83
49 33
82 54
35 60
129 15
102 81
130 32
122 117
1 82
41 116
33 97
77 129
31 75
125 50
129 56
140 65
59 108
17 140
81 52
120 129
150 141
45 116
8 87
68 9
88 108
124 40
124 120
5 75
30 129
124 158
21 19
58 163
126 74
58 127
45 13
91 31
73 56
66 81
142 53
9 65
161 52
104 40
7 108
114 36
157 158
29 97
12 6
95 58
163 152
20 44
85 110
158 157
1 143
157 62
31 1
46 27
52 150
151 142
13 20
13 89
97 125
21 109
130 115
86 49
23 105
12 107
134 5
19 55
147 12
116 13
96 162
124 68
67 30
45 163
133 58
88 66
102 108
94 152
143 15
36 85
39 47
27 8
135 129
62 37
140 98
133 156
95 12
59 81
125 103
79 94
80 2
159 18
30 88
89 92
22 124
12 60
90 122
151 144
86 133
16 146
66 68
137 80
164 31
160 124
133 74
53 133
160 131
150 109
138 74
36 159
117 47
138 126
88 45
105 9
13 40
74 162
107 46
77 106
160 156
66 49
65 38
17 144
89 86
88 62
159 123
141 31
89 114
156 12
158 96
21 90
55 14
87 161
60 163
23 139
154 8
23 139
129 39
118 53
44 126
115 38
84 11
152 93
124 143
104 38
158 44
47 48
58 134
129 37
52 71
11 126
78 118
100 42
76 137
15 120
18 129
77 22
139 65
114 18
127 53
139 41
17 22
8 74
155 56
30 126
126 124
87 39
77 106
1 73
163 15
28 16
63 104
37 121
88 150
58 135
123 33
95 139
138 102
132 48
158 161
9 119
120 96
78 117
121 162
25 119
96 52
135 78
75 91
34 83
161 11
53 119
127 147
13 100
4 144
67 161
140 76
36 15
91 33
131 47
30 75
86 45
126 56
122 121
66 75
39 62
85 11
100 48
77 112
67 80
91 134
161 150
45 116
1 55
68 51
21 97
126 106
61 7
81 18
47 147
92 5
44 96
15 144
143 11
91 130
11 102
99 91
87 63
42 7
117 109
142 137
125 23
163 21
29 79
122 160
61 133
164 25
64 99
88 127
109 98
92 39
35 110
129 42
8 90
132 44
118 109
100 78
131 98
18 80
13 59
75 157
27 74
17 91
92 24
137 121
122 148
159 156
93 44
117 20
133 85
147 87
29 82
164 80
100 102
159 32
160 69
108 23
62 45
33 154
68 5
110 25
72 24
101 164
67 53
19 36
57 85
42 86
86 125
1 105
62 79
136 142
67 80
164 128
124 116
37 111
40 66
136 111
90 72
30 76
44 132
111 101
52 72
106 137
33 106
78 94
104 133
71 6
132 154
133 11
25 90
122 148
155 93
94 164
84 123
76 127
90 106
63 61
14 4
34 46
29 31
139 52
163 130
57 131
39 110
141 148
35 98
131 25
110 61
25 29
103 20
156 113
125 138
9 138
62 126
19 10
156 78
62 75
127 118
125 85
63 101
68 97
119 35
42 64
15 150
93 37
5 4
149 129
141 78
23 122
39 41
132 115
38 29
25 164
146 149
85 45
5 72
61 123
106 102
107 40
7 119
77 11
122 61
60 18
58 82
140 97
42 107
131 80
135 75
163 116
143 3
80 147
75 141
26 100
162 52
140 89
6 52
99 127
32 78
64 90
159 39
106 37
145 156
36 35
66 34
151 44
121 150
110 115
46 55
50 128
106 109
52 31
160 70
77 112
148 141
121 62
15 146
18 80
137 53
114 38
7 20
1 127
6 30
161 135
5 46
98 110
155 149
61 70
55 137
101 122
113 57
19 48
122 37
47 94
9 80
51 99
100 135
145 25
1 141
159 5
23 13
34 97
161 14
86 135
151 23
12 19
163 31
66 121
151 32
50 79
112 21
14 131
155 158
75 135
69 163
77 1
117 9
162 130
94 52
116 36
64 55
35 14
40 155
84 72
124 162
19 144
95 69
55 89
143 129
143 131
48 55
132 164
147 49
129 160
100 1
32 83
55 150
16 94
60 99
1 103
17 103
3 111
7 57
35 69
105 97
36 152
71 3
71 53
51 36
133 70
36 84
153 10
153 88
103 48
23 24
150 123
126 152
69 53
128 24
121 153
120 76
60 27
78 131
163 48
2 131
38 121
134 110
130 122
33 152
5 139
11 75
97 57
146 2
109 30
25 149
18 64
145 77
90 142
127 9
26 128
59 63
4 29
92 133
150 124
121 75
99 51
69 31
107 50
116 135
163 60
40 16
124 20
13 133
161 139
141 106
23 120
88 26
148 15
79 53
59 119
127 157
5 115
107 112
1 59
2 83
118 41
99 161
60 31
130 141
89 26
2 111
145 10
57 48
24 55
101 82
9 147
158 97
98 101
128 18
159 130
100 32
6 118
29 150
68 158
46 157
103 47
23 84
56 163
131 164
53 151
1 145
134 159
162 151
95 125
88 9
90 23
40 16
61 68
1 128
145 130
40 4
12 63
87 152
145 137
151 34
44 151
98 97
145 95
83 159
140 6
87 149
112 127
164 92
114 84
56 15
49 95
18 61
77 24
48 58
80 118
11 123
24 28
55 89
43 137
83 18
62 6
2 94
52 2
21 85
85 160
19 54
11 36
114 87
143 81
64 59
118 158
17 141
22 72
65 64
128 68
1 26
157 2
39 44
87 59
48 92
139 67
145 149
102 14
155 81
14 139
59 131
132 75
27 73
146 92
56 30
159 56
139 71
142 13
114 64
155 81
155 129
147 55
33 5
68 24
5 81
162 63
131 49
137 158
42 39
5 97
68 83
73 42
153 50
138 22
113 128
102 24
13 85
78 45
9 66
68 13
66 149
159 33
118 51
110 79
89 34
11 76
116 83
37 104
52 94
45 85
58 146
108 70
150 105
34 158
90 22
90 156
90 84
108 43
135 137
121 143
6 52
139 121
54 95
144 106
25 24
110 82
5 53
71 75
77 24
152 3
45 78
78 135
81 21
97 135
157 138
34 162
109 8
38 162
22 17
23 46
40 132
47 128
104 37
38 101
61 110
103 105
107 100
159 23
120 92
78 32
149 31
113 93
122 150
10 143
2 33
25 125
84 71
88 24
28 46
44 88
155 66
112 97
1 107
39 120
118 36
71 102
66 19
114 23
4 123
86 5
155 110
49 159
100 136
102 127
17 145
50 91
46 162
107 46
24 146
85 141
17 155
162 3
9 111
109 12
153 30
100 64
139 148
58 159
39 159
121 140
139 91
66 20
8 93
149 31
74 69
91 10
59 88
96 151
118 41
82 106
70 17
5 129
84 146
123 42
140 79
17 34
89 3
137 96
95 121
46 88
25 136
97 3
143 113
153 16
153 70
42 58
6 130
22 89
112 144
51 7
143 67
41 67
153 13
83 54
128 90
78 100
107 81
162 55
69 14
43 139
55 100
64 20
42 73
131 105
123 58
83 25
98 70
98 30
152 16
83 35
106 81
134 48
161 52
22 149
65 64
43 39
83 107
58 124
15 109
65 137
86 67
81 19
136 14
132 43
114 135
78 55
51 131
22 47
18 43
31 2
26 158
40 108
100 18
68 114
46 52
6 131
118 86
69 10
100 36
136 49
6 49
23 56
100 128
22 37
90 137
39 115
130 162
142 149
15 129
18 144
16 23
110 54
108 98
147 127
134 118
95 59
87 37
35 106
164 56
142 9
112 16
43 161
14 21
145 112
149 162
92 85
20 121
138 48
55 40
94 108
77 25
2 163
145 120
24 65
96 2
73 43
101 116
40 114
56 20
146 40
102 157
44 41
33 17
88 7
140 18
114 53
126 36
135 106
155 159
6 86
160 163
49 96
34 8
130 89
111 31
48 107
92 89
139 28
96 146
4 33
15 56
158 134
110 20
125 104
109 130
19 27
98 35
60 105
84 148
52 114
116 19
140 43
107 114
70 39
15 157
71 114
132 149
83 78
88 127
101 116
93 120
143 110
154 38
51 157
106 22
106 57
40 81
99 67
114 88
25 49
1 15
162 132
163 80
129 6
43 66
122 55
105 100
84 94
137 54
6 78
75 111
134 35
111 152
101 144
160 125
28 80
139 109
47 58
109 96
63 71
161 20
125 101
119 128
114 12
18 119
9 92
149 63
126 15
50 146
158 129
26 106
44 1
50 11
142 158
26 40
64 22
144 108
42 18
156 155
29 9
29 38
100 13
20 146
111 153
47 104
118 73
129 81
157 99
11 134
92 36
9 76
141 72
103 18
90 94
92 38
22 120
159 42
52 14
107 162
3 153
22 40
61 150
120 137
84 51
106 96
6 35
91 147
106 113
84 31
127 12
153 148
131 147
25 19
161 131
100 163
120 121
122 100
107 161
73 110
47 14
41 53
48 131
119 74
164 38
104 126
49 92
109 100
159 134
38 155
100 137
73 139
14 30
159 40
26 67
149 157
164 110
129 132
160 83
41 159
40 64
120 9
156 65
108 70
34 65
60 53
121 52
28 134
1 22
9 110
8 78
102 7
23 150
58 18
152 98
13 28
162 132
36 73
32 63
142 149
47 121
122 3
92 149
137 92
90 65
37 17
142 59
107 164
44 1
102 32
98 114
143 15
1 98
87 117
160 64
101 42
104 58
44 31
126 100
42 135
1 79
71 142
57 14
62 20
14 163
51 31
112 29
46 32
126 132
148 41
116 85
2 139
62 130
6 108
149 47
78 149
45 149
47 21
82 28
41 95
26 91
45 57
40 90
88 85
142 72
46 93
76 131
151 57
16 156
164 1
123 78
69 87
146 35
108 63
62 68
77 7
78 121
63 117
131 71
122 108
62 87
120 57
53 106
113 69
18 113
153 60
110 57
146 11
92 9
157 73
76 153
80 74
29 62
26 159
52 67
22 33
153 141
89 42
3 122
30 20
154 18
163 19
158 144
113 5
73 105
78 68
13 77
141 41
138 87
120 110
153 141
142 62
118 151
23 120
108 52
59 17
153 57
35 66
120 147
71 112
7 68
100 103
144 76
143 37
82 98
146 155
75 124
52 112
110 74
151 137
45 153
33 21
107 18
140 9
88 8
99 155
107 37
54 18
99 91
20 117
72 10
111 115
61 142
144 54
128 116
98 92
24 50
112 50
67 7
58 75
14 76
149 120
32 39
58 131
129 77
3 120
86 113
71 66
90 50
39 137
86 56
64 29
25 11
163 91
17 140
85 31
52 70
70 83
108 127
133 156
39 135
111 44
3 17
109 12
151 147
148 156
38 131
20 62
141 102
73 78
78 77
28 129
146 97
131 9
60 20
164 18
74 111
62 77
47 6
8 33
73 76
24 30
42 128
12 103
65 4
16 62
80 127
26 146
143 77
154 38
96 154
56 5
20 37
1 66
42 9
19 34
4 42
64 45
89 159
67 74
162 82
135 77
128 81
142 107
157 132
144 8
41 119
12 60
75 97
45 37
105 63
70 28
25 53
72 113
47 59
106 128
140 161
125 104
161 102
130 153
153 29
80 29
68 91
8 142
23 137
14 47
35 84
74 59
56 66
92 23
124 117
150 19
113 110
42 109
132 7
17 120
120 96
149 23
107 76
164 49
48 14
16 3
17 9
61 72
158 72
94 37
25 164
56 57
109 17
86 76
108 22
116 63
38 20
85 144
95 4
112 63
17 127
65 117
136 45
109 129
37 38
86 145
121 141
37 66
77 42
61 104
64 12
86 21
31 6
164 46
10 31
108 110
158 92
63 49
56 7
97 92
128 18
72 85
78 29
70 75
154 50
14 53
146 100
157 12
25 156
141 118
107 4
148 20
95 130
68 71
56 84
162 19
102 154
23 99
18 12
9 91
62 107
144 43
126 136
138 150
48 115
24 74
38 7
93 53
136 80
123 27
163 40
129 20
29 72
119 130
83 47
57 64
73 120
26 34
11 164
104 142
34 127
51 71
133 63
123 24
142 1
134 141
41 98
80 69
89 118
119 92
1 11
155 73
50 101
27 60
20 130
122 137
92 127
144 155
86 3
132 86
136 28
46 153
108 115
162 61
153 89
145 163
163 138
132 99
164 111
38 129
68 10
140 160
137 119
150 142
41 37
147 12
65 29
84 92
63 81
72 51
89 53
133 88
110 100
106 109
46 144
157 34
73 132
29 45
6 98
106 46
134 89
141 118
117 144
45 99
145 117
149 69
89 37
76 34
56 18
62 21
81 54
54 73
105 2
38 110
19 143
75 73
67 51
110 103
114 155
37 94
27 105
163 35
61 74
152 116
11 49
137 11
22 110
4 126
112 41
155 50
19 149
122 86
35 68
108 148
142 65
162 88
89 160
42 150
153 29
101 84
77 157
14 98
103 17
143 134
57 133
19 76
117 61
81 71
48 108
138 25
8 135
32 17
50 73
2 123
101 22
126 13
15 139
30 37
76 8
90 132
60 28
127 12
88 127
2 55
71 59
163 162
30 14
163 22
99 121
122 121
82 54
55 141
3 91
52 10
100 19
69 127
66 164
51 28
85 105
18 144
104 100
9 53
33 91
75 132
48 116
8 49
90 62
25 92
72 160
22 7
15 90
133 164
10 103
111 94
128 49
73 151
148 1
123 100
12 33
151 143
69 158
27 158
139 136
5 130
131 26
56 65
116 25
64 45
47 95
58 94
143 51
80 46
135 123
145 146
155 132
124 143
45 151
136 20
42 141
149 8
86 125
157 37
149 56
1 115
150 59
45 128
29 44
93 163
2 74
145 77
125 104
139 5
10 31
24 51
91 93
143 12
53 135
133 121
110 133
155 16
111 119
63 139
163 156
138 84
65 118
80 25
141 55
29 151
85 137
121 11
149 99
22 121
153 154
77 99
43 151
114 73
106 12
48 24
87 105
27 151
142 107
95 118
81 44
24 1
16 65
95 84
163 36
40 72
110 36
90 72
22 39
144 127
134 27
70 57
51 97
127 28
123 58
66 39
101 89
123 36
153 137
119 72
8 78
63 37
113 152
108 134
26 88
17 79
34 86
55 85
102 18
32 60
159 97
18 15
106 140
134 14
112 8
5 40
85 67
76 33
54 20
86 163
27 102
162 60
108 52
64 129
153 96
25 67
112 126
81 53
102 50
67 133
141 155
8 61
58 4
93 31
23 99
30 133
120 111
28 147
162 12
112 71
107 56
137 54
17 138
27 38
107 13
7 84
3 14
144 17
157 11
123 91
124 91
46 70
39 113
151 50
60 57
76 35
114 49
51 87
159 89
29 7
95 112
94 28
12 157
129 4
3 87
14 46
98 143
115 56
91 22
105 70
162 100
104 111
68 75
33 63
83 146
153 97
13 2
124 24
159 88
111 161
95 44
43 112
107 77
3 33
18 27
23 16
46 126
113 120
79 95
38 60
84 134
156 85
14 100
79 21
46 160
115 10
122 146
116 118
148 68
136 10
90 151
55 56
112 88
11 110
18 133
5 21
22 161
106 35
16 104
56 61
99 90
154 140
72 105
94 139
93 65
69 102
135 43
157 2
130 88
112 68
140 116
88 161
32 29
116 47
53 7
28 71
16 101
47 7
126 140
66 54
124 134
75 94
12 68
95 62
75 42
129 50
78 52
46 29
1 161
160 53
87 107
43 23
43 89
113 4
148 14
141 107
147 52
120 79
39 135
140 33
96 104
82 93
75 47
122 75
128 37
