816 3713
51 651
764 484
340 532
404 644
360 14
337 206
509 202
560 620
572 808
465 339
483 327
541 202
338 150
332 348
682 787
484 604
622 303
272 145
19 547
660 378
433 52
455 125
254 199
617 697
62 265
220 416
463 632
489 800
653 4
331 390
663 814
177 340
173 320
356 191
51 199
568 355
122 206
479 375
276 279
256 209
415 347
496 61
34 169
733 686
44 247
259 706
117 435
229 289
755 584
479 677
654 102
215 776
179 565
206 455
716 333
535 186
679 215
247 584
255 35
453 298
281 711
60 269
202 288
557 12
744 91
560 453
192 774
284 243
394 490
697 293
6 287
479 557
373 597
196 627
631 649
109 783
415 168
236 616
327 664
499 126
627 242
579 690
199 734
116 465
407 684
757 285
155 291
713 399
759 92
210 445
740 190
284 211
229 519
10 555
238 509
553 736
750 187
610 5
104 725
341 511
465 153
667 491
444 563
73 258
526 282
703 450
471 170
660 699
560 541
310 669
105 46
589 727
232 382
603 335
162 127
717 626
279 567
172 594
185 245
724 711
526 610
216 181
651 747
751 266
471 244
806 448
161 578
358 392
15 144
599 49
142 499
546 292
122 718
70 306
146 793
200 671
458 415
723 164
345 530
301 688
773 290
319 806
740 548
381 754
563 35
674 704
534 404
179 527
177 120
16 322
784 88
48 297
502 643
460 719
356 632
462 184
106 652
173 29
383 426
654 1
460 512
704 49
787 754
575 147
746 463
340 713
550 259
66 107
85 525
697 312
341 342
368 318
49 412
218 431
21 55
431 353
438 190
273 408
816 32
426 745
494 765
513 99
80 578
205 164
159 86
348 371
427 715
688 348
310 89
778 203
15 265
555 453
326 699
44 325
730 342
253 279
162 638
377 241
399 582
277 557
539 624
111 21
394 670
368 703
758 202
777 773
466 387
281 663
270 324
172 183
537 296
334 699
117 582
123 388
347 399
128 757
78 111
778 471
780 329
230 594
530 190
550 51
577 14
714 718
209 757
772 746
236 289
500 225
55 494
612 273
77 611
214 26
721 175
497 557
375 598
334 89
659 755
139 419
768 724
320 32
664 148
649 772
436 332
52 362
698 535
507 774
329 720
671 106
766 223
662 196
4 179
284 663
117 295
137 756
74 329
659 738
476 364
693 783
567 616
329 448
334 19
405 662
610 132
639 431
354 484
626 358
534 782
76 522
132 212
333 205
412 176
126 71
539 690
38 289
489 238
737 6
128 197
540 737
328 234
351 554
718 32
95 307
813 42
13 128
125 345
333 537
392 330
479 114
76 388
275 436
497 195
314 624
263 725
544 463
142 766
200 43
798 166
222 666
207 106
666 203
322 54
739 714
255 274
699 330
661 157
766 342
223 135
149 358
43 565
4 184
386 203
99 239
240 320
89 318
425 626
520 746
679 315
515 117
588 398
319 304
426 268
645 649
402 666
190 316
286 65
499 671
139 597
94 378
100 54
695 396
679 270
198 413
584 712
529 355
165 31
659 591
170 359
423 443
80 484
758 365
548 313
92 686
93 185
119 65
238 685
332 788
138 529
384 722
297 784
260 461
687 790
235 40
333 529
355 284
196 168
649 615
480 740
356 573
796 474
509 89
342 24
60 480
553 315
385 721
282 516
365 152
362 472
64 566
184 418
33 252
585 553
50 249
348 406
693 327
751 385
287 277
280 346
628 704
660 68
608 814
583 29
149 816
500 212
565 555
501 598
678 142
206 600
262 554
61 138
752 811
394 223
143 673
568 770
561 284
21 352
153 476
252 301
475 623
385 224
362 757
693 95
82 694
343 507
754 352
443 621
745 665
763 474
288 717
218 443
609 441
595 140
693 80
487 499
336 582
732 276
458 11
358 411
704 572
102 514
108 544
318 36
392 264
509 551
36 598
178 517
223 772
656 787
723 326
469 242
91 257
390 420
267 619
15 26
374 804
539 481
403 40
517 794
176 81
528 211
679 705
727 773
533 439
743 439
636 267
553 727
523 126
202 789
744 88
687 301
75 409
654 477
449 354
326 624
306 726
706 40
486 489
812 202
111 610
513 746
61 249
528 583
246 730
428 173
1 170
345 764
578 182
296 82
407 622
577 585
403 467
624 72
139 620
146 121
285 530
50 345
778 450
800 207
363 283
251 235
452 467
54 213
521 350
167 111
27 743
567 429
393 375
372 403
50 389
523 334
102 445
551 751
78 534
13 312
688 263
546 323
602 472
407 306
5 573
288 31
372 39
331 764
285 574
223 334
19 745
539 120
245 273
55 322
678 67
505 549
202 235
743 675
578 334
164 582
778 323
484 333
233 686
153 517
443 375
722 461
175 445
453 420
589 507
613 451
445 302
183 518
408 798
376 169
315 411
750 148
734 289
353 22
158 505
411 600
63 316
117 109
632 569
528 405
131 325
727 447
626 781
149 217
762 524
385 132
807 190
152 596
478 504
617 635
192 211
290 126
399 406
234 214
30 634
490 32
142 272
479 639
237 627
39 54
206 295
186 196
484 337
791 17
712 464
651 775
674 812
84 256
274 189
342 303
694 703
335 19
159 685
657 267
367 567
320 572
45 377
640 400
585 486
416 480
133 122
438 679
118 393
806 391
454 331
565 331
90 771
222 248
639 750
386 189
501 705
633 417
266 456
689 722
125 160
386 130
282 695
808 271
144 669
533 597
184 281
799 145
236 204
392 58
10 777
119 382
537 751
670 674
390 542
580 386
574 21
387 727
715 250
181 42
103 713
510 158
49 493
302 156
568 565
214 577
397 204
142 117
138 812
663 399
409 426
656 166
318 227
76 216
476 128
130 578
712 639
735 761
187 220
100 755
784 185
515 364
388 529
353 397
524 199
795 116
496 635
282 813
45 229
84 392
357 213
26 252
724 760
68 782
36 40
720 691
96 291
111 484
3 335
752 398
533 731
513 84
421 666
80 465
767 35
728 307
120 753
430 27
569 370
680 476
281 584
350 376
746 332
43 620
538 667
201 126
581 585
209 185
435 160
521 257
195 432
563 314
241 48
212 809
289 75
468 569
530 689
129 459
77 43
262 614
709 462
740 345
103 4
529 537
164 105
793 358
409 411
543 649
330 626
641 619
700 164
243 414
724 371
744 800
286 62
470 178
395 265
523 497
268 107
89 303
212 753
532 492
219 258
324 549
67 20
223 639
183 337
108 778
708 35
634 177
784 287
226 363
423 620
731 690
727 4
177 810
628 708
485 31
22 680
451 776
699 545
598 753
65 705
714 644
612 531
4 451
689 102
813 167
721 728
41 503
603 89
368 414
668 36
444 689
715 766
649 469
494 302
405 559
63 175
386 674
577 262
180 450
235 177
616 139
776 528
514 434
488 65
31 340
789 347
84 559
296 604
212 662
90 488
404 24
662 661
569 423
106 748
744 340
108 415
351 755
815 48
244 486
800 275
697 772
493 653
387 660
440 598
505 401
141 92
424 803
625 176
281 730
796 208
126 775
494 476
714 492
395 141
34 378
287 730
206 651
566 592
495 62
245 55
334 385
19 758
243 643
805 523
428 784
602 553
743 152
84 512
643 478
524 548
728 683
334 805
389 83
580 755
16 696
810 350
136 12
163 379
526 23
773 137
679 431
690 477
582 645
172 280
307 567
700 90
305 217
78 694
299 529
632 187
280 625
536 415
508 570
665 89
592 494
226 454
796 787
114 433
615 157
712 793
596 595
754 84
811 15
777 166
415 593
352 694
273 759
165 653
512 13
741 287
378 150
613 357
808 726
789 479
755 557
455 534
207 265
617 74
151 450
111 566
98 334
315 370
276 479
206 659
364 3
1 613
24 613
154 16
395 814
366 333
426 692
738 633
140 410
706 291
43 688
40 140
205 226
382 352
705 459
194 124
461 194
736 485
679 761
372 257
759 737
461 368
612 254
56 624
663 633
98 706
504 9
29 708
234 282
243 810
741 308
117 385
502 725
741 364
669 296
492 483
88 8
723 572
261 778
379 107
467 476
684 154
484 585
734 589
50 32
455 790
340 571
359 25
351 283
260 76
451 623
558 410
630 336
165 762
298 543
52 636
202 736
789 557
504 578
202 425
610 656
399 133
282 629
29 633
783 160
708 417
782 321
11 467
657 175
284 10
590 335
645 791
126 489
404 501
251 605
110 44
444 380
176 725
192 76
541 158
235 304
447 72
497 329
410 337
375 693
346 148
83 46
811 209
534 398
581 784
58 562
11 501
125 58
281 188
133 6
218 239
181 664
310 677
48 591
69 422
467 286
442 550
331 436
630 49
705 266
704 762
12 587
318 8
644 598
196 649
475 285
71 656
132 253
388 51
27 457
472 494
742 785
99 129
404 600
177 164
49 752
797 748
522 298
756 350
768 7
54 426
291 124
137 294
376 397
344 275
37 687
640 650
656 738
778 115
521 10
151 569
762 131
373 467
301 312
688 252
190 741
677 352
49 686
645 296
266 44
442 302
602 265
7 441
186 657
428 578
666 578
203 611
708 575
134 192
758 5
443 131
746 176
482 666
45 182
17 310
97 459
483 698
723 489
195 781
329 622
542 51
383 744
533 274
502 666
338 315
671 780
445 472
11 798
321 55
35 337
364 3
667 718
701 574
263 79
410 463
700 135
513 138
751 230
283 308
79 620
623 621
456 251
276 466
105 468
393 139
677 756
14 527
530 714
156 792
664 565
438 419
572 135
556 506
236 22
813 314
514 619
807 153
742 266
490 718
734 66
728 466
694 741
176 407
638 332
382 357
768 691
775 523
9 386
212 116
408 81
430 793
571 292
129 496
557 618
397 346
684 181
811 561
105 43
23 743
246 276
283 197
150 114
592 31
499 803
146 778
755 447
754 510
738 754
61 351
428 330
696 295
510 563
727 614
605 621
412 722
80 567
102 229
680 693
131 234
552 277
196 362
723 5
55 645
759 116
179 370
445 746
536 10
364 318
623 152
122 219
745 73
785 31
173 648
595 304
753 202
580 132
564 358
9 490
186 639
477 236
64 793
38 599
802 401
788 609
425 781
699 353
37 667
255 209
370 722
512 306
795 147
310 414
505 318
88 562
12 436
798 75
413 707
545 398
291 516
62 715
352 632
124 388
354 378
468 723
155 36
85 134
54 266
547 558
455 506
304 466
126 157
540 410
47 268
679 209
655 741
796 190
428 791
577 782
352 100
688 379
7 644
512 61
93 114
618 419
620 793
68 617
133 607
210 51
746 72
132 584
684 799
773 296
773 405
261 180
377 4
558 383
520 125
443 612
239 117
215 730
93 154
402 98
633 611
20 562
554 151
202 294
133 158
589 777
435 721
141 811
596 698
377 299
7 4
95 117
120 181
30 84
206 431
181 22
97 201
456 650
223 657
815 228
686 459
188 304
363 328
298 143
82 547
441 88
550 407
204 541
459 105
624 537
535 677
558 503
61 69
208 155
597 207
382 467
665 570
770 84
769 124
226 34
670 538
121 275
1 196
815 331
300 494
51 706
354 481
392 286
549 600
441 330
806 6
668 526
447 493
609 400
488 706
305 341
300 298
487 300
493 485
502 665
35 553
554 260
89 2
546 509
473 170
710 462
47 561
43 494
238 652
765 725
541 253
122 24
550 608
195 99
149 697
763 55
305 372
314 393
373 43
85 29
84 795
362 131
411 277
624 520
112 444
301 524
696 294
420 302
85 614
400 105
366 346
159 670
589 473
246 18
387 203
734 471
53 280
601 463
556 280
39 539
723 339
246 474
632 665
775 588
335 358
565 700
575 723
426 348
251 671
237 510
745 154
164 669
305 636
316 732
787 226
454 565
436 572
222 123
292 53
710 498
282 458
382 41
237 807
260 359
533 496
52 334
521 87
186 10
594 373
741 564
598 251
312 217
694 406
339 169
458 105
667 739
434 104
651 542
782 85
370 461
8 575
166 95
761 47
688 317
787 308
787 93
619 59
786 80
270 139
537 246
677 332
679 652
166 405
489 132
361 730
464 368
489 501
334 433
547 206
621 390
513 463
482 187
522 324
267 663
334 675
92 66
190 642
717 228
102 261
231 462
174 566
702 662
251 219
150 669
296 643
114 680
289 468
51 682
791 189
528 308
735 491
373 109
317 145
208 418
405 438
752 450
187 637
168 309
727 317
34 207
15 147
70 304
614 808
169 460
52 569
767 787
243 195
767 559
339 158
33 615
467 784
121 525
476 288
18 386
476 739
592 491
69 534
794 555
397 18
70 449
586 21
419 13
87 369
443 298
398 347
96 48
186 216
572 661
375 461
103 35
383 566
525 324
283 374
750 552
391 3
184 161
711 474
45 798
714 359
151 295
706 246
214 75
334 657
608 708
302 710
614 556
331 322
63 486
695 684
221 142
687 404
174 453
749 90
306 646
448 456
812 209
574 209
284 779
49 763
542 222
528 340
778 42
661 712
527 412
580 747
425 322
206 598
774 138
559 136
655 190
591 650
399 220
730 554
182 779
372 724
56 83
247 17
124 779
729 651
246 364
453 670
557 531
323 386
540 65
521 379
127 168
84 397
387 686
134 569
648 505
476 575
459 722
592 582
556 376
288 802
739 613
527 351
327 722
736 50
786 441
300 96
608 256
364 178
125 497
618 644
57 277
402 387
54 177
153 610
424 312
467 218
108 49
568 434
770 488
356 612
800 527
579 591
782 127
640 90
495 442
605 424
718 191
810 644
239 146
309 663
330 647
64 437
695 632
743 649
303 154
444 158
680 78
748 646
204 443
607 699
68 396
306 658
458 299
357 696
317 665
542 646
495 478
138 245
293 64
77 467
217 392
624 81
470 427
598 545
53 260
427 809
527 604
650 168
87 190
736 275
726 461
104 404
810 113
648 286
177 597
624 265
44 303
217 385
729 686
114 782
130 412
774 528
200 479
696 158
540 487
304 449
3 279
724 813
391 427
282 567
207 778
16 123
264 104
379 177
790 492
14 103
776 659
630 31
193 381
60 732
739 363
364 742
513 143
738 87
569 75
526 776
36 413
770 172
516 332
348 489
696 233
463 527
75 149
557 139
529 488
54 324
722 289
249 418
431 170
376 183
116 85
14 152
497 655
323 69
171 542
557 50
646 204
448 720
352 188
730 752
547 783
259 452
127 507
741 557
548 300
611 664
385 625
687 753
463 65
5 505
606 562
426 435
637 57
210 172
116 123
795 662
777 238
169 87
616 93
643 348
393 309
195 777
117 753
585 452
1 590
140 606
207 566
96 27
494 177
70 610
299 48
455 131
285 624
217 85
588 731
432 164
223 498
812 212
434 581
663 434
226 674
95 432
295 62
330 789
238 399
454 536
446 92
538 731
587 754
687 231
540 174
394 762
671 262
29 160
714 691
465 123
421 431
426 715
492 755
559 729
337 196
320 782
160 41
568 618
666 438
32 389
611 298
206 337
559 235
496 456
797 16
578 401
446 187
172 809
813 602
721 333
798 224
170 141
136 738
630 801
359 662
245 154
143 451
490 573
557 42
212 537
745 661
810 375
31 165
367 715
766 144
231 619
239 400
631 375
321 445
231 552
162 476
577 176
798 122
748 538
35 143
258 780
803 251
210 705
287 448
603 237
591 17
39 702
288 542
260 481
170 490
88 331
21 664
506 2
785 437
539 4
451 797
655 437
103 48
197 390
367 799
498 14
687 408
715 30
133 158
510 302
519 597
504 412
316 65
413 157
373 8
32 7
676 686
315 778
605 511
223 27
365 720
40 235
184 754
265 316
783 646
490 358
299 49
769 486
114 237
642 486
244 673
365 103
414 551
65 74
118 287
101 482
63 140
589 246
766 725
561 732
426 106
145 724
155 97
266 268
334 91
625 577
636 45
680 105
468 616
179 585
774 279
250 20
290 710
137 239
618 570
155 228
675 299
7 13
268 272
152 473
235 649
233 54
565 784
158 216
583 336
672 413
486 794
432 776
687 441
198 489
194 224
588 52
395 594
753 534
738 776
190 156
480 294
209 101
262 238
316 716
446 172
312 115
21 616
762 707
240 16
251 305
239 22
228 505
488 164
222 409
812 283
564 347
577 644
447 710
65 635
481 382
678 665
369 698
464 314
588 575
329 23
63 440
732 290
816 403
326 94
811 193
376 430
411 8
257 42
717 194
548 254
575 409
102 815
162 565
313 621
195 513
515 129
8 431
290 8
17 615
789 700
679 220
313 274
228 442
187 816
635 734
253 265
198 354
264 359
790 448
163 40
144 678
168 24
164 458
719 180
128 691
751 679
94 248
136 193
689 194
65 379
111 189
515 180
415 650
410 388
281 572
300 297
305 467
320 468
796 94
520 796
784 454
658 749
573 665
814 317
42 62
567 24
250 266
75 664
99 484
108 252
111 279
420 288
745 611
627 597
704 330
576 543
656 289
475 412
9 344
601 50
405 351
761 527
616 707
246 587
374 225
710 356
503 313
643 304
107 454
84 810
655 531
536 494
3 66
778 11
410 562
748 686
784 564
268 584
326 514
226 571
610 119
110 297
431 753
472 409
262 555
274 100
141 681
466 15
746 299
25 211
732 644
81 699
263 220
338 588
733 563
342 399
553 323
695 39
259 350
447 392
776 720
364 100
584 13
114 386
311 10
468 98
525 420
796 787
640 318
430 428
752 643
10 489
149 576
527 280
797 158
671 756
749 218
727 389
102 712
646 284
593 297
381 301
717 361
143 540
550 444
151 485
270 33
157 291
608 556
570 589
585 296
400 517
386 311
89 359
78 734
643 671
87 79
27 803
439 170
398 44
613 548
529 755
452 557
229 244
168 670
16 752
21 287
453 278
469 413
637 547
203 463
273 289
413 299
147 36
468 544
767 137
147 351
763 599
780 47
714 131
588 729
67 608
71 391
758 540
675 578
270 749
96 542
93 508
712 239
415 236
654 366
244 801
716 190
455 679
108 352
810 695
136 748
358 206
194 299
745 52
60 70
801 27
483 77
535 379
188 133
614 25
370 41
697 270
230 335
4 337
686 685
87 693
616 444
83 809
615 699
733 546
769 717
573 435
665 291
813 724
295 610
749 665
522 629
806 751
20 809
143 577
550 101
454 221
417 408
214 215
290 2
760 242
718 516
549 438
678 545
346 157
211 150
693 732
650 682
539 669
546 553
302 279
654 755
500 126
346 585
340 635
586 155
749 359
671 481
668 532
81 197
560 291
218 436
79 52
173 489
720 591
225 205
741 750
15 296
59 232
64 398
739 521
425 671
751 279
207 475
682 287
543 298
450 761
605 528
812 778
72 587
552 296
664 476
102 678
772 160
782 707
430 704
284 38
558 90
188 764
564 741
106 291
222 555
235 11
138 230
660 209
688 395
505 535
742 606
269 569
637 234
332 250
121 487
159 550
576 346
369 324
271 474
486 364
85 720
374 222
5 217
431 692
483 807
283 281
468 423
721 160
528 236
282 520
594 440
253 354
658 493
549 800
22 218
347 106
121 721
328 813
809 630
560 348
492 26
628 15
448 532
46 159
640 327
678 417
639 802
642 480
350 374
463 372
591 681
477 583
585 676
579 450
361 323
797 724
220 608
610 540
195 656
570 18
166 304
307 804
289 132
339 639
506 673
66 152
538 542
735 178
274 369
627 634
563 607
542 783
270 335
506 465
46 259
354 212
562 660
71 723
664 282
417 225
138 482
376 675
207 166
725 352
535 170
153 326
583 119
595 789
624 115
19 755
469 102
500 184
44 278
31 325
694 255
335 359
631 65
438 668
789 258
508 14
411 705
596 529
355 441
209 470
459 147
122 432
518 305
475 668
208 672
545 462
190 776
148 254
397 688
227 241
129 734
255 539
494 722
124 32
346 204
501 676
222 494
291 611
671 638
462 62
493 63
395 554
22 543
807 290
414 217
530 414
6 784
9 499
690 4
403 91
207 87
767 428
453 113
94 307
750 556
240 298
618 634
35 511
232 26
800 517
114 513
803 808
353 811
362 98
814 764
188 76
723 138
375 359
123 468
537 744
79 776
226 696
465 260
390 697
157 373
269 143
758 255
6 294
121 367
391 118
187 578
65 781
588 439
323 582
91 731
509 169
690 734
737 210
50 182
778 78
555 231
92 368
357 97
661 478
336 235
467 394
684 532
358 327
154 552
92 116
466 473
157 211
390 77
420 311
258 382
389 684
484 352
235 24
449 767
501 656
57 152
233 741
555 462
123 708
197 87
696 662
559 36
56 4
800 475
315 241
728 575
797 395
110 87
419 430
38 791
269 94
814 373
18 552
18 13
316 214
787 195
747 529
102 802
532 85
333 718
197 116
476 177
511 458
264 801
71 301
775 212
394 645
584 284
380 474
168 567
559 138
761 490
666 734
475 253
2 679
155 199
795 502
247 489
143 510
345 86
682 175
169 260
3 752
415 255
281 582
5 24
719 638
513 440
555 43
564 429
722 718
627 572
276 57
116 290
439 460
375 304
634 543
435 637
351 721
75 503
486 767
526 260
588 222
571 327
137 319
755 730
92 437
485 367
365 600
657 803
115 87
163 748
502 469
440 36
374 386
538 731
337 120
175 796
213 617
178 349
119 804
262 211
424 618
449 789
273 161
647 387
248 681
191 749
334 630
656 707
72 249
621 280
240 667
259 453
468 437
673 458
424 807
540 720
608 173
564 65
333 266
323 452
131 513
256 336
199 95
98 270
216 590
421 455
313 551
779 652
43 636
293 339
498 17
242 289
61 677
225 265
126 420
717 128
116 28
463 314
811 432
455 210
206 747
536 518
482 499
353 524
190 517
46 559
405 159
31 337
19 128
602 145
547 374
144 534
401 479
32 395
94 358
476 299
289 68
688 642
566 96
349 627
485 267
369 73
425 271
282 316
270 67
332 688
312 475
406 584
137 309
163 231
666 510
401 10
577 145
651 198
240 56
696 596
322 248
669 618
391 6
117 532
72 320
404 255
795 809
22 803
173 56
217 22
566 490
720 326
634 554
524 745
481 403
525 674
523 249
476 785
254 464
500 197
784 87
451 634
767 472
620 123
528 709
17 149
382 736
474 71
345 53
815 10
328 523
683 722
643 214
690 80
678 373
276 517
460 598
206 282
126 9
405 525
589 293
673 26
212 202
96 556
255 95
437 454
489 176
359 316
389 232
267 122
604 415
510 119
196 715
273 321
596 677
29 240
153 573
266 236
775 361
663 85
327 156
538 816
331 80
187 719
183 325
713 786
739 406
777 807
177 105
311 644
653 212
67 677
784 332
96 614
565 630
698 75
785 419
762 299
498 4
74 552
329 786
522 251
247 354
241 423
458 424
122 294
507 189
154 474
392 121
272 140
750 153
215 719
444 32
73 813
36 146
549 364
803 126
486 234
351 599
528 808
78 650
157 584
710 182
113 285
174 256
297 107
281 511
697 724
414 642
720 449
787 324
684 646
449 354
751 799
8 462
662 85
167 690
668 748
743 780
89 100
220 385
79 500
767 647
279 364
472 182
813 315
378 680
144 10
89 766
681 96
411 526
180 450
272 719
253 198
555 341
170 646
725 248
329 675
766 607
223 422
660 91
608 221
642 623
103 731
572 783
698 38
364 750
359 635
652 612
705 262
8 58
91 733
177 419
463 126
81 557
419 613
519 210
705 345
16 679
131 459
517 12
497 65
761 39
571 469
522 459
730 530
516 5
318 692
295 652
2 248
393 292
732 783
502 492
311 389
355 441
32 55
325 400
807 269
438 562
609 16
204 523
545 720
399 46
467 693
569 340
812 17
632 727
800 317
403 166
577 629
607 480
683 115
63 674
255 373
419 48
260 494
442 804
397 24
721 48
588 473
387 584
490 74
494 345
262 768
510 23
580 172
374 319
158 309
48 413
681 338
332 124
15 773
799 284
668 575
203 439
103 461
78 592
535 572
808 796
395 502
2 31
673 248
349 703
556 268
171 292
605 502
287 619
330 269
774 181
27 160
491 1
621 569
593 339
196 456
318 462
141 192
492 686
439 712
572 178
163 742
469 639
299 627
314 500
79 271
552 793
431 226
793 235
666 441
445 45
81 634
507 93
9 54
650 319
766 405
368 800
202 708
623 372
518 120
55 468
390 606
316 692
704 293
798 553
605 426
598 557
116 160
650 812
213 483
315 34
760 682
18 17
446 512
389 147
631 315
487 76
105 802
768 808
278 621
416 755
103 197
495 218
228 200
213 313
555 399
346 370
137 235
386 582
746 646
600 560
145 270
508 121
256 331
112 405
135 527
343 109
596 710
326 695
93 539
191 647
809 409
200 129
643 458
710 445
287 494
60 303
763 567
423 74
769 406
479 88
805 5
196 584
586 394
334 679
804 397
381 796
805 453
109 503
782 2
131 252
367 191
555 186
629 33
259 582
439 737
541 427
614 608
66 383
185 399
117 44
795 370
24 655
6 4
342 787
693 344
94 244
406 520
301 91
553 559
672 47
352 268
473 21
59 538
275 116
808 264
159 659
633 54
497 510
57 710
352 622
238 445
49 515
21 221
605 445
651 332
491 58
599 147
766 658
556 225
645 547
360 803
261 176
729 758
685 785
651 92
462 760
536 382
331 556
602 807
56 437
323 546
494 105
692 444
634 303
540 462
722 83
321 166
130 233
795 686
73 502
777 535
317 496
100 647
108 702
638 35
194 16
581 559
120 328
58 626
631 597
271 408
551 591
573 680
695 552
421 768
109 381
486 425
749 457
128 728
342 765
762 407
780 526
150 771
38 207
580 540
804 723
131 410
497 575
146 376
182 566
199 290
131 684
715 63
196 26
790 538
662 607
816 497
317 149
323 226
356 87
765 215
809 79
496 361
525 641
608 707
391 806
180 521
545 766
455 741
663 300
334 508
90 333
60 278
482 383
503 709
469 451
795 333
401 474
565 110
299 357
688 561
218 51
265 763
1 591
559 663
74 76
227 163
280 286
313 633
668 815
525 192
322 375
524 594
33 145
703 203
501 574
763 718
497 83
536 369
673 278
215 618
225 313
780 377
599 276
193 322
147 590
514 468
148 93
245 52
237 4
254 609
449 72
511 1
154 102
369 10
252 584
627 348
80 463
724 550
610 101
56 628
690 441
279 709
533 396
761 642
271 70
434 719
142 816
720 295
790 272
177 225
727 675
572 679
321 480
284 803
452 339
614 197
651 765
89 240
216 721
65 486
791 370
388 116
242 163
282 215
307 458
439 89
317 66
639 509
545 107
367 52
317 165
248 152
801 209
263 200
801 327
685 775
568 128
762 809
163 228
207 469
685 645
429 185
711 252
566 311
230 116
235 546
152 354
569 136
562 15
207 547
213 763
377 781
75 323
773 237
550 36
577 418
680 189
475 446
312 224
629 541
339 47
271 491
400 711
498 18
598 705
436 810
651 812
646 597
190 603
705 739
510 465
213 245
526 559
691 21
782 375
562 176
293 704
538 692
470 220
581 251
796 72
245 502
756 74
283 129
548 43
740 113
508 8
358 89
566 232
109 403
478 542
578 770
301 300
517 771
391 282
205 242
225 321
743 164
267 81
165 686
812 88
799 503
95 340
463 532
443 571
118 104
169 695
57 469
50 573
295 312
726 500
553 7
692 352
170 14
304 334
700 299
293 554
673 259
77 319
790 391
762 91
494 114
658 422
454 579
50 749
75 648
304 499
654 51
722 695
65 82
213 764
252 377
501 797
636 449
299 481
23 116
444 388
101 285
681 555
47 602
487 809
433 662
364 142
712 269
21 776
222 105
595 474
353 151
454 172
599 624
525 493
740 152
752 24
308 488
450 226
274 808
219 578
653 582
592 549
722 612
380 128
588 159
473 124
181 110
168 652
733 692
328 528
715 136
424 206
623 57
303 768
49 521
402 701
158 177
305 752
660 557
751 431
587 407
554 767
516 593
602 304
340 802
704 238
121 311
315 615
367 618
439 287
194 24
172 224
200 348
31 43
88 781
345 546
371 770
497 758
547 282
117 70
267 4
180 259
314 366
58 681
39 496
151 105
519 194
200 590
414 230
504 373
66 32
103 436
673 599
249 403
752 365
345 203
369 396
461 682
633 390
418 672
69 441
648 459
506 31
104 791
132 607
348 197
510 322
504 239
104 752
513 39
172 41
113 540
308 574
278 125
19 567
668 88
63 499
418 569
529 394
543 660
56 762
728 566
267 415
804 242
222 500
153 393
413 265
805 592
710 138
716 729
704 439
688 639
121 161
391 649
554 805
364 610
623 275
231 73
689 90
315 94
461 467
359 745
603 347
521 497
356 292
281 243
731 152
65 35
184 327
556 738
188 103
531 810
250 761
754 810
722 252
776 366
590 318
295 249
536 815
745 75
162 81
189 76
104 126
799 287
324 538
208 383
512 610
376 633
426 314
627 331
437 586
697 83
775 47
331 366
45 131
440 206
211 500
154 314
497 136
472 5
545 680
387 112
345 635
745 771
4 555
285 312
196 37
394 26
83 596
391 815
726 702
77 808
385 102
177 754
237 649
630 653
384 200
764 728
706 692
682 581
302 23
77 497
747 342
522 14
122 96
700 719
669 648
583 238
749 759
47 41
463 676
693 30
747 641
758 637
388 623
401 690
517 349
370 448
691 764
333 684
731 216
458 584
736 224
693 668
167 739
581 501
598 457
531 528
153 472
220 541
150 493
414 667
25 655
298 587
602 630
454 389
717 96
156 508
319 32
360 357
642 812
42 295
452 572
694 477
99 98
201 248
590 486
98 486
196 267
257 798
80 710
242 669
677 397
360 52
300 591
280 813
586 321
291 94
764 168
570 734
137 642
166 726
183 135
268 378
402 524
231 353
289 472
205 22
740 437
73 223
83 352
91 669
545 381
634 364
421 259
282 557
772 319
339 138
453 606
387 38
185 618
391 345
273 467
366 69
87 310
291 42
662 254
710 262
634 399
625 238
529 778
795 484
280 317
493 733
794 63
642 162
680 216
506 9
555 744
77 513
237 239
554 770
492 319
215 182
717 712
419 429
673 269
96 9
457 460
613 306
523 438
467 386
526 29
266 264
644 342
776 64
453 514
18 816
16 104
181 605
815 472
89 544
612 57
552 253
516 220
558 222
657 81
480 238
797 745
501 624
143 333
559 595
718 576
594 605
680 647
393 550
302 354
277 97
410 700
221 109
103 651
331 632
603 682
53 583
610 426
262 752
758 4
402 659
580 52
319 315
698 584
736 183
121 69
151 530
768 244
510 743
78 24
558 680
577 610
318 371
219 579
178 32
582 452
562 217
503 65
531 256
648 323
310 768
391 460
353 342
703 46
140 652
758 697
515 518
363 16
760 453
594 122
357 232
445 102
448 131
38 163
258 685
357 567
508 747
82 732
144 657
778 284
492 591
36 63
292 270
766 236
595 416
229 135
647 545
108 278
547 146
312 804
702 668
554 266
598 507
181 614
347 14
81 23
604 804
773 768
258 722
59 724
321 159
42 151
703 21
301 433
166 612
420 52
336 29
189 805
535 369
602 754
255 554
776 42
542 604
681 671
509 739
578 14
769 619
36 655
639 336
271 677
4 562
600 211
462 788
199 53
212 801
806 466
538 637
380 135
424 116
805 116
39 566
1 807
240 37
518 63
244 660
611 119
406 394
329 739
237 528
791 448
384 652
786 793
472 221
112 79
336 100
67 374
538 67
237 777
791 626
711 91
469 505
81 746
770 410
669 190
809 515
510 376
351 479
224 6
699 335
773 218
307 23
464 28
777 572
676 624
381 571
714 33
259 794
651 85
259 503
274 251
73 783
498 423
317 722
301 71
112 257
161 290
151 496
317 799
251 177
606 503
619 375
407 749
225 241
17 483
615 163
606 688
1 159
166 318
752 466
260 48
594 420
337 744
99 526
727 221
574 388
723 376
763 314
308 43
426 197
525 225
359 186
784 359
345 133
548 280
599 808
199 248
283 536
176 382
117 774
602 690
345 381
249 163
566 428
205 175
624 602
271 38
659 238
269 59
371 816
339 25
679 409
144 146
816 319
399 116
148 56
805 365
436 109
399 185
537 604
232 216
261 502
126 103
740 394
162 166
265 372
62 128
780 205
145 780
396 415
79 415
470 756
779 778
48 362
18 456
21 249
544 153
751 669
255 674
118 288
711 382
659 772
381 495
160 397
330 427
811 280
26 337
219 804
298 139
221 315
594 113
564 193
265 498
45 392
227 162
679 121
416 394
76 796
760 107
249 273
534 243
552 559
579 643
418 748
653 639
119 302
623 682
495 760
235 411
335 461
445 69
453 44
334 528
711 277
506 143
549 223
258 157
653 708
671 255
640 507
765 758
808 571
495 486
386 729
769 720
245 397
661 697
440 178
280 206
455 785
349 59
192 478
87 716
369 757
154 192
319 102
5 311
545 499
668 114
283 620
706 527
200 550
407 511
599 558
717 237
527 121
168 590
598 254
489 22
195 643
214 513
616 90
695 216
589 419
202 55
222 91
454 294
512 732
676 294
474 448
403 184
440 570
773 221
7 317
115 73
15 328
458 631
289 336
718 61
754 103
804 32
65 441
325 576
228 56
742 701
504 200
68 127
641 712
220 519
85 334
592 99
533 233
601 693
440 503
754 378
477 613
409 542
109 605
173 336
532 98
93 219
169 160
218 809
744 309
512 700
514 159
798 102
391 455
794 14
13 603
263 489
399 543
214 379
203 259
587 735
228 679
9 397
710 98
389 637
406 772
392 791
114 374
76 504
700 54
390 712
528 524
256 111
251 342
