937 4893
723 228
587 25
88 506
456 398
266 156
295 696
548 220
650 92
304 589
633 709
495 824
397 70
205 339
320 928
889 732
99 153
22 686
178 110
670 112
923 414
267 280
172 294
499 822
385 802
889 496
52 446
799 864
931 66
682 314
472 112
108 570
265 545
734 858
133 882
32 118
359 715
398 530
487 375
830 871
656 781
845 707
705 185
634 699
250 378
491 200
905 77
249 232
621 461
152 233
406 600
350 764
377 226
356 863
601 665
275 735
508 598
504 692
783 616
869 511
472 422
190 440
498 438
150 597
898 302
829 782
380 242
608 756
883 443
160 546
170 850
343 156
510 326
326 771
4 257
761 892
678 13
394 238
866 22
835 305
323 205
150 181
446 757
936 392
678 574
416 847
486 238
482 475
42 807
724 461
127 547
415 804
38 287
521 903
309 834
271 110
101 420
291 26
655 705
833 396
342 727
721 306
27 265
259 484
551 462
8 677
71 422
22 109
188 21
490 496
333 760
84 434
658 374
875 376
142 249
250 899
38 33
683 481
714 5
27 327
466 34
482 15
456 503
539 122
524 92
617 335
330 700
768 51
553 184
842 173
432 570
134 470
81 816
13 794
299 39
599 243
73 143
674 7
125 275
128 127
782 223
461 175
401 708
641 16
891 545
188 802
593 321
334 673
616 762
530 393
279 607
115 767
750 267
773 874
541 379
63 802
80 2
39 481
709 158
496 663
181 684
527 773
483 339
508 577
163 516
449 857
186 42
687 414
308 522
766 848
380 307
191 459
308 645
418 80
802 914
221 45
139 226
296 100
564 804
156 205
798 604
124 462
645 810
875 15
811 182
341 669
488 11
606 796
655 87
354 520
479 53
43 96
278 339
195 320
205 350
3 481
432 542
6 555
831 359
48 704
541 805
851 507
815 519
781 532
84 197
114 41
665 157
136 5
911 331
740 594
159 221
137 70
763 558
624 656
917 151
838 936
18 751
505 832
748 349
426 311
24 19
351 689
591 487
172 564
296 391
220 870
611 772
2 436
393 105
570 788
255 470
786 272
699 769
582 510
596 70
820 99
504 233
266 157
198 437
199 493
306 834
426 396
669 427
310 124
10 880
390 264
412 238
14 174
485 74
162 144
144 460
242 126
171 923
699 369
838 897
340 207
794 765
602 525
671 911
127 680
332 516
423 223
232 852
812 195
926 36
754 548
911 474
673 144
459 434
928 360
810 331
566 666
574 646
669 307
98 274
466 430
789 367
652 499
281 526
693 685
40 510
295 13
46 447
572 921
359 563
343 647
372 908
791 8
95 522
731 192
795 259
100 125
104 751
102 384
755 795
548 273
783 842
285 307
767 336
290 605
377 111
314 748
81 168
234 591
168 27
783 442
701 361
566 804
591 147
667 408
420 277
681 265
597 444
50 427
779 756
510 218
866 302
444 426
469 678
79 116
704 340
557 884
180 601
750 770
747 479
240 229
755 399
909 415
322 438
320 163
672 308
797 600
609 303
504 557
459 62
672 226
817 707
588 59
370 400
828 596
879 547
824 175
424 275
589 745
712 387
387 446
694 662
524 366
27 507
922 902
47 135
190 863
841 777
922 689
655 291
347 75
316 650
250 740
924 317
547 177
704 412
101 876
136 103
720 579
88 183
543 134
317 211
60 636
466 460
804 183
750 213
258 129
341 923
347 327
302 372
919 484
784 498
839 398
601 621
39 688
804 60
822 599
270 360
714 214
819 580
397 110
792 133
654 612
534 479
417 835
851 399
798 176
375 699
573 38
798 91
205 143
150 505
742 836
343 934
112 224
576 924
749 846
535 882
520 131
423 937
445 336
814 721
927 251
898 563
705 758
653 909
901 281
892 184
595 297
180 707
936 234
172 226
142 186
170 662
316 593
140 239
407 16
22 397
266 919
438 33
219 569
420 182
328 790
781 923
149 439
171 147
672 342
373 813
527 21
16 322
92 155
560 915
586 582
790 852
42 290
363 260
337 262
857 664
114 700
649 679
617 819
304 351
640 155
643 645
176 137
445 267
292 68
660 877
128 512
270 169
280 112
845 616
373 764
343 902
6 470
643 622
768 10
452 470
164 573
593 755
709 101
501 479
168 223
835 711
214 167
358 493
694 265
588 545
92 930
510 513
878 631
613 708
640 127
240 283
699 833
100 887
412 79
428 58
302 325
768 931
908 188
486 664
453 136
272 23
544 781
535 485
474 626
255 593
753 911
354 930
285 453
358 696
11 786
753 728
173 62
721 143
249 269
286 180
821 557
618 843
816 631
390 768
320 124
423 551
97 776
22 797
708 380
555 197
228 786
924 816
847 707
438 574
454 723
754 337
758 434
659 636
544 111
466 863
650 368
476 225
622 497
84 808
876 638
67 582
902 53
877 290
238 377
864 692
578 680
507 398
592 228
512 198
755 456
539 467
823 77
692 924
53 775
794 407
892 340
52 335
808 928
625 109
783 551
800 423
709 785
820 779
76 810
40 830
328 57
775 214
134 529
616 602
783 472
71 216
290 122
550 161
528 237
269 373
787 547
274 37
394 572
816 469
444 334
777 772
390 94
48 2
622 663
603 883
613 674
577 903
274 190
542 281
426 810
132 692
835 406
728 291
40 85
239 484
418 494
318 808
587 781
809 688
922 891
633 76
106 273
457 379
878 61
138 782
349 270
15 246
675 743
16 714
306 254
676 724
226 56
73 813
315 360
563 715
313 674
791 418
9 310
276 365
787 413
210 614
682 224
860 835
445 354
91 751
86 766
537 311
301 88
186 615
447 227
393 760
901 662
656 388
34 931
753 299
823 441
913 46
664 314
881 588
667 450
401 231
278 416
541 578
919 206
672 428
432 127
250 395
788 906
783 300
378 77
599 679
517 53
725 243
366 147
309 511
596 188
741 352
82 760
930 63
28 664
491 876
269 740
333 535
187 594
834 44
670 911
722 249
26 925
908 391
550 695
380 624
883 183
39 27
6 447
90 449
589 580
803 857
798 199
870 464
271 766
507 420
219 707
147 244
174 533
114 723
291 909
410 236
155 864
262 576
373 351
503 440
409 369
775 270
46 707
733 732
535 718
214 232
903 361
476 139
893 68
862 246
39 750
481 609
155 222
663 6
51 229
445 460
76 282
208 121
51 419
852 64
199 545
296 164
905 250
719 339
733 643
585 250
871 544
338 88
765 63
509 295
707 16
754 782
713 440
381 763
858 712
305 535
319 79
177 286
328 895
624 539
79 687
789 12
710 189
515 16
667 86
310 437
101 542
281 813
44 141
117 901
852 838
498 233
916 675
518 723
111 620
324 190
786 591
201 558
258 716
52 404
280 362
840 381
903 599
672 426
739 268
389 653
168 366
885 562
519 881
347 629
43 150
818 828
219 498
864 893
276 915
359 34
755 261
830 200
338 44
625 140
311 492
792 894
857 219
934 438
162 344
130 204
909 426
510 606
923 852
561 677
830 398
711 126
658 603
325 475
646 428
614 435
920 884
391 839
165 388
756 743
210 364
425 597
789 414
265 775
328 305
514 636
702 703
762 839
369 565
376 77
56 468
928 454
414 381
771 58
247 589
279 872
15 182
10 283
595 275
120 923
58 112
100 759
815 861
660 662
905 514
217 439
44 207
892 874
67 725
410 729
793 688
664 286
869 152
568 6
842 166
407 899
694 506
721 50
846 859
711 813
852 927
314 895
197 684
310 263
887 719
54 742
885 196
91 817
348 137
301 252
719 707
214 475
275 413
3 183
750 713
58 143
702 787
517 377
533 826
639 483
608 693
287 34
367 793
850 714
409 629
445 606
398 137
143 673
28 145
855 777
336 392
399 100
241 915
893 253
803 594
735 889
765 500
923 195
772 314
387 659
6 831
327 403
30 885
554 473
508 472
729 843
342 190
421 61
167 376
313 448
449 526
400 276
89 801
886 339
177 336
60 598
645 802
480 154
749 96
626 319
46 417
640 387
606 123
864 251
915 239
699 426
765 161
701 332
24 129
149 616
464 624
693 171
488 235
740 299
746 429
96 792
324 735
657 930
336 583
243 313
301 4
217 544
580 397
354 82
525 502
177 467
188 869
637 154
582 856
452 390
347 26
660 670
760 796
141 574
441 800
887 220
803 582
763 862
41 595
6 565
159 598
94 762
529 210
915 589
128 845
42 890
870 180
101 171
38 242
745 895
104 173
177 385
754 419
725 795
492 210
838 651
807 411
891 815
620 869
466 226
776 923
594 188
166 694
358 619
414 165
576 933
337 232
797 570
129 584
427 620
793 743
333 142
216 703
19 314
634 900
18 888
886 611
554 530
784 912
211 676
139 266
672 892
497 10
524 625
593 429
307 865
650 119
485 866
821 503
658 933
465 676
362 829
765 916
421 90
890 111
766 507
376 500
877 872
509 879
38 580
786 344
923 499
878 470
843 240
451 563
651 916
301 76
286 545
470 707
634 838
817 462
823 255
440 242
605 427
183 642
70 32
464 471
9 821
4 851
123 870
476 774
327 256
328 613
800 276
798 912
176 156
437 477
826 876
718 493
782 901
613 851
411 139
800 419
22 803
332 561
736 286
813 541
541 203
216 819
894 76
794 132
231 293
608 119
647 389
90 491
768 702
820 241
841 683
138 862
27 885
901 241
233 776
782 774
41 476
134 934
552 927
544 261
698 631
380 824
82 469
793 328
234 155
47 553
837 184
893 342
131 857
62 779
695 322
615 736
797 749
211 411
217 234
672 915
864 530
280 424
477 135
751 710
289 797
325 604
459 281
9 68
200 486
846 894
807 3
171 666
230 798
556 446
94 290
839 436
298 181
859 774
316 151
547 83
426 350
687 363
109 174
430 724
659 338
681 7
340 330
672 569
606 290
494 178
58 395
613 355
55 13
608 786
163 633
868 67
45 617
429 570
269 858
356 406
675 515
412 77
324 563
125 929
852 97
170 389
491 782
222 545
795 829
393 436
524 740
503 48
835 931
617 167
331 35
51 68
29 463
560 352
88 163
343 418
259 512
285 750
773 507
773 109
814 645
23 401
447 525
864 760
935 543
926 744
56 40
811 84
918 849
435 484
75 257
380 333
247 665
561 82
650 813
606 526
936 629
405 861
216 331
683 629
352 151
435 824
606 724
907 586
636 821
548 189
556 927
937 802
654 561
884 366
852 31
371 850
659 775
252 354
169 934
45 936
147 896
822 752
161 271
816 796
570 426
463 188
416 463
52 548
502 414
393 416
445 763
744 166
600 58
519 247
54 43
246 617
417 130
847 577
816 205
852 448
109 377
635 3
839 687
551 819
579 6
297 86
247 103
668 325
576 665
572 109
186 296
725 602
841 113
242 720
317 572
230 426
11 865
428 329
93 457
210 671
878 923
236 187
504 382
928 143
525 562
667 711
857 870
375 760
45 95
542 778
145 251
682 156
178 588
900 686
524 588
835 464
52 549
130 556
930 120
177 518
160 322
291 79
254 144
317 298
655 338
554 799
588 714
433 244
365 811
408 888
462 305
830 929
854 438
547 325
36 202
842 195
523 611
689 776
234 69
553 367
822 585
228 888
362 140
610 205
13 80
155 890
800 463
882 195
901 907
520 936
588 424
610 589
514 361
428 226
845 459
592 208
522 298
158 883
437 767
150 866
325 720
297 188
246 657
382 625
627 901
102 693
804 711
344 796
551 250
84 874
708 675
145 293
35 302
654 888
548 804
295 351
65 591
538 726
311 399
413 416
778 931
171 123
183 514
918 733
764 480
149 13
217 293
305 668
73 438
97 99
304 391
450 784
44 466
573 770
864 464
248 705
457 418
306 640
411 287
851 237
766 62
249 462
770 33
608 843
470 704
420 252
157 869
98 616
398 149
449 740
613 175
923 132
72 292
250 482
578 580
718 822
120 445
762 890
893 432
274 841
614 693
155 249
625 669
865 501
296 792
303 908
445 289
519 516
580 768
60 636
826 256
936 9
180 761
898 135
671 650
39 764
405 609
75 508
756 418
487 115
688 790
85 196
557 603
190 615
850 250
313 738
921 311
746 163
550 185
714 700
834 752
5 718
423 79
704 658
913 254
772 142
522 856
753 141
1 6
755 850
255 130
650 654
856 875
817 885
538 593
126 851
823 130
631 724
624 813
444 599
129 278
220 650
613 35
790 613
40 86
4 710
631 132
427 29
69 722
913 86
793 101
936 678
646 108
880 332
920 387
410 528
143 629
240 234
663 509
846 182
73 328
891 704
460 796
732 7
580 186
92 851
702 506
591 410
613 13
741 75
399 213
602 20
320 254
46 307
578 227
380 385
596 562
844 455
356 329
513 20
837 427
721 405
496 193
497 508
412 571
385 104
651 821
423 449
137 884
756 193
589 614
577 248
238 899
181 72
291 172
91 190
598 811
73 157
482 569
143 372
618 528
475 331
411 377
780 26
323 77
218 912
690 274
638 927
235 297
477 4
468 567
193 129
856 682
701 400
313 843
250 410
849 725
740 738
164 61
763 902
553 460
355 721
212 55
710 446
351 665
450 298
294 121
426 212
802 605
90 594
926 756
66 838
543 284
638 185
761 880
565 376
818 920
160 92
37 348
537 804
76 465
580 785
65 68
476 345
151 565
1 139
383 482
39 404
766 156
67 589
514 632
443 394
93 81
485 545
429 500
411 920
444 53
246 508
536 721
331 165
765 748
304 626
292 758
509 536
392 575
187 905
685 109
361 777
189 845
385 96
408 274
494 851
743 740
837 757
523 230
922 350
40 704
455 748
524 26
346 395
600 12
362 764
120 723
82 724
109 466
820 932
219 792
845 440
594 223
259 596
453 659
424 908
425 878
718 428
903 127
822 45
138 246
808 673
447 889
459 35
834 757
29 115
612 874
33 684
575 291
758 90
13 245
477 853
601 257
343 567
799 227
611 415
889 897
150 814
327 609
848 223
844 356
753 518
708 785
681 345
555 501
851 567
745 390
482 409
125 304
454 924
9 543
401 376
502 551
253 828
638 579
530 544
934 761
541 183
609 284
528 642
263 441
271 71
830 231
895 433
13 827
419 22
432 299
397 412
328 128
718 444
707 310
50 182
550 69
365 637
352 371
341 615
811 90
164 182
320 537
614 333
842 512
770 336
289 229
226 95
357 6
538 542
732 66
202 344
135 45
43 902
415 799
58 704
888 637
364 686
652 457
497 556
447 329
370 735
558 595
829 393
80 429
413 811
910 93
633 107
138 154
488 31
15 545
214 902
661 577
650 375
96 210
931 542
17 779
755 574
437 646
445 932
553 336
805 526
429 916
111 45
548 598
75 562
622 704
5 345
344 133
198 855
758 607
876 775
449 693
827 364
818 335
358 849
670 641
437 577
98 27
621 645
624 175
269 724
878 689
547 700
821 745
618 642
414 35
479 341
206 368
704 86
181 540
935 330
243 850
906 756
876 69
463 42
243 210
765 599
898 375
362 261
182 458
902 74
492 859
415 697
705 597
262 886
200 259
278 858
587 662
677 526
730 618
567 451
828 810
113 267
247 474
527 844
410 491
397 901
412 811
139 180
886 400
544 148
137 300
485 203
440 640
728 233
320 773
162 210
645 274
477 371
226 66
693 635
36 152
77 863
441 216
521 390
94 127
16 647
842 916
849 345
618 118
56 1
369 217
626 76
907 581
862 611
126 97
309 161
248 801
502 168
495 86
36 68
628 467
714 12
446 104
356 126
637 411
542 68
106 647
559 491
290 484
165 415
59 889
54 306
231 556
889 726
120 924
793 747
870 48
758 378
567 592
919 266
481 3
333 66
649 370
556 1
853 199
416 911
150 885
696 797
503 126
585 622
529 856
848 461
903 668
317 532
739 714
276 282
716 608
347 427
40 903
844 372
580 738
761 209
685 935
68 251
540 652
351 131
570 261
591 14
408 386
545 209
162 299
906 878
385 316
783 840
697 689
690 339
489 514
547 653
927 614
382 529
744 732
138 792
472 207
805 879
592 828
566 233
189 534
173 573
849 434
476 87
186 228
426 153
220 451
284 626
544 665
633 350
876 771
205 410
40 72
767 111
379 395
343 567
407 931
203 735
427 157
821 91
800 725
660 83
239 6
187 782
150 819
610 88
652 293
497 171
365 742
281 222
199 623
788 605
616 469
818 521
625 702
612 904
489 334
49 727
755 651
50 904
532 660
54 247
15 29
833 795
770 176
79 447
277 346
531 371
814 411
891 918
175 44
884 664
377 411
869 611
124 919
577 134
120 631
380 550
138 691
824 908
866 381
417 621
726 10
470 82
421 424
62 74
883 424
737 739
313 148
412 852
545 51
48 664
160 844
692 298
597 578
684 5
22 163
625 747
589 158
828 488
60 368
561 5
791 777
222 582
924 633
496 531
163 544
673 738
450 427
98 109
68 260
113 89
839 217
314 490
374 621
456 849
51 79
332 321
855 554
902 320
665 877
850 827
483 585
628 932
75 204
519 558
464 632
125 781
327 854
333 700
537 267
90 67
345 421
387 679
453 767
61 181
706 390
70 667
453 176
661 6
796 659
563 738
769 166
581 158
83 392
336 619
658 425
164 481
324 29
222 777
796 699
20 43
151 505
710 82
160 849
88 18
49 129
755 817
295 398
37 377
268 788
474 925
275 638
468 599
666 169
854 3
867 352
462 496
856 650
577 494
40 143
511 89
272 744
905 45
620 421
837 887
271 789
353 25
489 821
102 634
52 18
115 397
369 576
892 703
288 10
260 328
153 249
416 840
56 799
884 154
282 262
104 32
113 456
56 81
755 157
714 285
590 828
681 21
883 114
202 233
124 877
39 692
189 454
73 660
732 19
813 492
696 395
523 808
851 57
888 147
213 143
432 802
450 591
301 395
705 919
106 307
337 145
477 4
77 549
663 808
46 18
363 741
412 364
90 741
421 41
888 633
599 798
914 111
451 693
505 634
153 611
3 490
755 479
493 310
506 635
181 551
652 22
354 542
385 444
346 805
900 712
917 561
572 372
151 85
127 655
198 696
744 200
248 40
158 219
350 663
853 9
693 567
30 525
172 414
447 933
698 409
707 677
449 757
527 599
320 132
732 517
827 18
717 553
473 353
772 822
494 687
309 249
733 338
774 383
231 699
378 407
171 563
562 98
382 151
175 701
282 385
281 172
818 476
724 354
307 558
654 800
724 26
528 519
779 780
901 488
541 757
894 190
382 518
703 763
668 877
5 13
741 285
600 621
239 802
37 545
839 691
824 625
716 414
206 557
256 585
524 275
404 480
465 785
61 230
89 207
586 93
635 389
794 713
488 511
578 525
119 479
694 421
166 888
834 787
923 568
850 509
842 316
52 785
579 528
494 146
734 142
654 848
9 926
623 912
500 263
499 97
741 671
517 385
621 829
650 607
459 562
178 779
877 645
627 934
235 183
142 448
740 275
358 227
263 459
201 241
722 179
337 4
849 332
805 12
223 517
618 160
142 274
2 497
919 107
910 632
705 530
142 923
804 499
212 130
21 828
786 221
485 186
640 813
933 507
824 219
503 920
794 123
256 274
98 653
380 70
348 563
79 489
548 882
467 238
490 903
545 339
602 92
3 304
904 935
290 269
632 792
251 489
914 923
762 490
638 621
560 48
662 638
16 689
61 898
926 30
863 533
368 527
104 786
309 70
783 598
339 478
868 589
445 323
53 685
813 691
784 851
217 509
30 648
260 506
608 248
535 533
260 381
538 363
229 326
848 491
923 665
447 333
733 891
655 785
638 9
538 485
859 234
472 367
881 731
873 552
457 470
563 716
851 164
557 558
489 884
111 890
611 557
285 406
926 419
254 106
427 270
69 765
919 540
194 863
333 129
893 789
78 518
47 407
160 82
443 127
28 554
80 118
589 780
2 57
677 255
162 583
4 230
410 401
248 82
326 580
627 281
847 704
278 372
589 437
870 94
564 376
126 122
493 194
380 495
250 120
228 827
181 647
535 590
111 782
150 436
840 776
196 228
21 473
600 609
388 532
703 14
907 307
135 879
500 931
436 228
529 142
533 709
789 130
777 378
390 926
292 708
244 487
936 264
438 77
873 826
87 117
839 472
839 453
413 402
862 327
108 453
885 641
224 736
770 479
176 639
467 883
409 710
433 407
37 349
899 388
237 48
920 555
520 821
486 411
701 410
738 809
341 685
512 43
899 760
521 553
877 50
498 349
239 409
234 691
758 196
141 473
659 539
506 241
838 54
652 602
879 868
889 698
94 879
740 471
701 323
86 641
789 62
468 90
887 180
259 707
791 815
658 513
416 227
232 732
696 362
396 117
292 763
814 801
704 96
334 884
418 835
66 685
897 533
253 846
712 511
94 45
388 230
557 282
872 788
77 631
213 888
226 920
714 518
263 480
613 596
426 510
494 491
257 869
502 510
256 693
499 765
737 366
57 356
647 408
622 202
101 313
153 742
712 866
322 37
824 935
111 729
507 83
282 242
430 263
751 685
18 729
928 754
157 464
588 282
871 688
484 450
480 115
254 459
575 706
345 51
816 136
557 378
834 278
807 159
507 555
592 298
24 824
870 487
474 215
420 640
177 869
182 291
601 851
749 655
619 572
184 914
187 741
354 83
81 223
657 587
256 727
364 280
613 296
766 565
926 665
267 165
75 865
871 676
778 161
809 876
733 55
852 919
274 684
480 770
906 615
836 641
404 262
920 79
36 227
122 441
370 804
84 445
731 18
599 572
178 470
510 389
3 840
370 277
586 328
525 33
5 423
152 408
163 550
902 615
777 502
118 625
369 201
132 162
634 730
212 812
678 200
263 681
102 112
436 166
439 23
615 444
862 766
330 503
795 711
180 113
691 713
737 122
914 869
700 610
140 911
900 818
174 642
40 691
753 891
336 670
913 429
592 316
673 401
819 530
174 477
642 343
253 442
465 645
789 227
733 928
616 175
287 268
816 326
438 110
279 773
779 671
264 850
465 415
313 762
8 902
302 649
307 33
569 771
677 836
476 888
827 571
125 176
838 419
918 338
528 675
589 786
824 331
698 768
746 73
592 753
37 372
880 759
404 928
72 559
826 547
510 715
180 634
370 497
116 766
834 122
919 902
907 806
295 146
636 103
634 706
855 670
141 277
908 23
267 42
582 155
588 154
349 247
266 197
222 797
25 534
398 6
498 783
290 793
929 404
895 625
173 292
774 729
47 744
751 313
785 395
883 851
27 294
576 709
906 797
47 930
394 444
415 370
290 704
641 697
587 599
800 238
369 636
29 415
858 779
206 184
653 151
514 158
861 152
345 829
428 392
301 300
314 715
669 82
897 373
778 25
450 641
262 297
755 290
190 155
548 395
338 679
24 851
836 884
482 660
776 909
114 555
271 843
332 418
925 707
790 765
732 718
884 56
77 702
762 266
856 372
139 672
529 163
586 843
109 130
565 363
517 157
917 787
63 727
267 50
913 536
293 186
316 240
241 809
420 481
553 338
331 692
488 859
854 136
765 441
681 808
283 260
28 262
525 506
468 792
34 859
390 326
107 184
44 347
55 463
307 608
279 637
778 767
559 694
381 802
613 541
672 895
800 699
636 804
683 582
658 716
503 526
521 609
188 564
434 243
506 740
329 784
440 169
92 477
341 473
341 16
76 75
390 354
253 88
220 935
669 356
714 234
881 297
842 548
339 754
269 844
557 597
170 59
244 261
535 63
733 875
78 287
428 883
641 680
33 339
157 180
695 349
829 117
645 212
664 462
29 932
369 585
591 17
122 313
277 656
375 489
72 869
775 499
814 894
658 326
296 814
505 53
225 397
169 348
608 833
288 636
306 135
699 376
151 820
688 428
17 542
916 88
473 232
66 765
189 202
153 900
494 137
15 197
12 599
23 98
910 310
213 279
445 911
654 595
794 820
501 810
424 895
377 375
190 858
619 794
538 771
235 94
386 249
290 397
326 312
495 715
100 707
472 23
159 604
618 431
486 597
720 389
555 159
242 223
495 860
495 95
173 729
188 558
456 893
434 260
683 407
37 782
592 508
805 750
174 901
244 139
39 26
6 72
600 247
710 157
170 267
667 758
474 333
378 408
288 290
668 449
696 183
709 350
691 576
163 343
18 822
897 473
847 902
544 509
212 317
144 797
62 810
617 15
205 473
422 908
242 152
835 937
335 606
766 504
661 407
846 678
291 806
629 616
249 236
603 876
31 746
735 92
97 830
106 717
782 7
166 86
158 63
501 908
668 329
474 391
735 799
548 504
146 239
182 810
474 784
749 504
71 546
75 167
855 596
883 178
81 111
263 239
589 242
625 320
571 578
710 784
855 320
767 63
38 11
872 511
795 162
494 865
187 47
511 104
121 872
281 202
462 22
856 113
263 543
432 312
599 621
575 516
419 404
57 456
414 408
30 687
569 2
94 755
464 83
858 584
17 617
264 478
117 182
591 380
204 501
170 802
184 744
797 603
210 853
121 103
323 566
268 892
46 777
188 509
859 109
572 876
204 835
416 321
496 485
179 699
49 348
42 648
571 838
313 259
233 850
777 555
478 108
925 524
363 176
511 285
700 145
223 382
459 117
702 17
81 359
194 129
186 651
776 756
31 568
493 263
480 333
296 436
856 284
438 697
875 12
44 637
572 682
81 509
799 262
525 879
620 197
486 284
848 740
518 357
370 74
619 328
822 914
764 219
676 680
915 613
691 438
728 742
182 809
313 459
549 317
400 231
513 364
515 839
167 511
258 15
584 355
343 884
748 169
165 486
848 559
578 81
59 368
301 240
655 613
699 266
408 577
913 400
4 490
301 586
63 38
600 126
392 5
488 202
589 132
167 916
690 744
475 227
590 775
882 308
866 643
573 337
699 548
736 181
516 515
245 58
552 844
599 423
328 149
103 916
280 269
373 448
491 847
674 560
684 619
867 92
740 918
844 501
8 121
160 2
635 404
475 666
727 136
151 117
701 253
511 43
1 884
907 793
643 529
19 324
874 110
543 334
16 522
341 136
682 758
249 564
296 914
353 431
543 469
610 275
43 132
275 926
101 660
260 743
252 278
546 604
803 151
937 818
672 756
432 832
577 160
459 872
136 811
781 158
759 454
432 801
64 185
268 164
844 6
385 574
284 930
657 149
559 656
446 710
891 356
604 530
515 125
880 130
415 723
287 652
655 718
931 718
381 261
881 703
266 329
756 28
737 475
593 359
609 101
547 562
456 213
154 450
754 96
579 647
298 865
361 15
124 354
212 920
93 571
685 774
378 503
802 178
456 457
15 128
36 561
689 907
252 843
419 68
417 60
714 403
137 208
5 490
419 924
61 468
151 835
846 132
699 86
588 218
516 715
669 555
466 638
806 787
120 353
267 595
129 459
477 682
666 481
650 563
884 711
94 513
608 418
644 785
919 294
481 497
487 212
530 16
849 398
281 31
750 26
105 358
485 581
518 629
124 230
671 486
3 243
61 89
660 184
873 641
893 416
616 443
627 208
874 539
84 217
48 313
243 152
670 206
732 250
834 335
895 46
299 377
288 776
465 10
22 401
129 914
295 744
835 401
14 771
418 514
467 465
826 188
96 37
393 306
286 705
640 659
751 418
98 101
256 563
527 277
442 655
669 215
462 46
615 891
295 95
467 761
39 355
427 550
391 819
855 155
587 37
293 400
454 390
916 709
431 505
464 872
223 611
566 163
135 243
116 430
754 62
669 271
832 159
820 702
40 737
335 105
252 627
504 705
80 483
892 510
466 834
861 688
508 489
329 121
210 861
550 442
922 698
712 816
856 594
580 374
810 915
479 124
604 461
308 162
422 262
672 888
575 74
117 145
562 446
265 250
369 294
692 353
54 466
647 388
539 706
761 827
683 718
13 765
242 736
406 663
61 140
613 114
629 730
258 669
654 1
918 85
710 151
853 242
96 562
629 634
330 869
523 491
649 14
735 890
750 203
95 289
758 186
402 449
915 138
180 110
554 576
194 743
727 109
47 301
671 676
934 479
607 935
33 318
427 246
687 239
448 781
6 268
445 823
195 839
439 790
11 56
428 205
798 633
313 323
933 462
61 408
4 146
821 452
880 311
697 629
28 623
888 450
890 395
335 563
712 774
415 723
308 321
927 168
433 718
906 428
659 30
315 662
591 198
592 533
924 767
640 15
452 69
464 820
880 277
445 654
113 859
439 836
658 844
66 153
625 35
60 346
480 374
486 133
50 556
145 37
385 784
467 836
332 930
718 274
685 641
927 798
562 845
696 698
751 241
851 854
691 910
678 649
762 226
260 811
781 404
326 644
667 792
21 61
263 738
750 11
857 218
287 897
125 461
658 355
180 571
271 349
22 12
60 783
653 736
135 913
618 461
619 347
731 119
823 57
335 635
483 255
332 769
214 456
708 871
289 888
920 39
715 4
466 254
265 181
52 400
572 669
339 670
495 132
788 380
604 185
494 565
439 825
812 653
759 583
65 527
12 48
565 726
467 93
42 732
273 93
610 845
241 427
56 735
37 843
593 641
90 565
684 8
868 559
660 169
204 203
695 215
666 322
419 196
414 461
406 165
32 78
488 688
504 543
485 540
864 557
659 17
600 406
24 10
27 162
178 646
780 872
339 509
672 757
704 564
696 172
728 665
695 478
231 716
442 249
643 477
387 138
555 271
577 564
713 738
741 837
580 154
238 151
825 473
333 451
232 504
658 438
231 831
394 877
609 314
605 730
790 54
867 824
740 506
450 515
722 670
414 781
823 130
931 711
602 743
640 312
309 776
749 19
669 206
374 757
519 41
549 788
510 895
153 312
879 602
305 664
334 197
507 636
326 916
825 407
721 527
718 509
366 530
6 513
214 379
332 211
420 360
477 408
317 629
199 258
710 503
400 522
179 906
220 920
364 107
389 563
634 586
134 478
594 555
53 286
934 801
496 832
223 452
718 539
559 916
275 331
898 675
853 139
122 551
537 485
658 405
111 770
469 660
726 125
694 778
410 690
120 384
63 342
314 780
359 873
238 634
682 198
787 597
752 908
211 767
872 347
234 45
179 702
183 904
305 876
223 714
107 343
577 585
163 890
844 522
304 144
634 49
757 483
124 571
869 750
816 803
159 113
326 753
293 925
198 598
863 837
790 449
242 845
96 820
277 418
404 59
561 516
107 380
477 647
429 409
875 308
690 513
836 79
328 607
66 5
683 407
841 15
855 561
859 430
443 198
847 326
673 887
841 779
329 797
904 237
268 842
23 20
417 337
514 223
6 579
643 689
49 546
703 382
169 103
811 91
717 200
416 452
149 735
709 893
594 676
608 340
59 630
776 891
445 352
592 451
931 298
618 458
843 799
839 491
380 192
581 159
807 475
89 18
688 798
389 345
15 60
684 73
168 522
442 613
353 96
542 346
393 222
282 715
499 599
268 878
269 327
516 138
280 604
571 30
464 23
374 894
498 537
29 665
537 470
340 889
566 881
713 437
581 57
214 142
135 897
499 403
702 493
541 44
159 174
74 102
612 863
58 172
878 503
837 478
451 239
845 495
599 621
932 242
156 624
800 290
584 777
693 764
332 712
808 490
885 360
70 560
285 544
210 226
109 182
559 764
89 533
425 188
527 145
344 629
423 112
691 262
804 518
72 578
388 41
5 747
110 43
510 653
252 214
240 777
395 278
603 484
810 506
671 815
129 493
506 552
605 260
292 887
777 364
7 643
404 11
868 513
469 440
645 199
654 884
38 527
224 119
73 96
624 223
910 232
194 895
783 277
217 553
227 472
916 649
593 382
138 523
374 606
441 81
804 573
443 321
163 667
439 651
241 542
352 630
252 25
587 97
301 282
128 6
232 107
654 824
904 791
825 340
875 744
836 221
796 342
541 437
487 458
150 727
478 918
835 729
421 484
304 200
244 432
206 475
538 338
361 920
608 664
323 545
471 637
244 745
41 784
244 6
721 809
212 677
789 109
469 688
72 251
888 315
682 572
790 698
909 629
681 579
772 482
603 721
181 846
528 638
172 771
643 892
642 854
631 910
26 578
660 513
829 610
827 52
244 158
229 632
787 909
273 100
869 354
820 112
263 410
749 434
243 455
804 363
787 497
335 812
554 474
387 445
562 693
912 806
850 203
916 178
590 667
277 521
84 575
633 346
463 860
258 184
377 124
547 227
99 881
517 652
833 383
575 458
554 29
742 466
231 720
123 821
449 815
820 11
453 515
772 915
438 92
162 293
215 187
935 730
546 931
444 442
376 498
899 929
526 703
873 235
485 58
534 412
873 417
423 804
931 257
260 847
349 837
619 42
86 616
250 632
609 173
136 463
670 97
454 674
799 806
908 762
342 505
236 277
921 137
559 393
394 819
719 221
718 400
678 283
494 928
914 582
163 528
107 311
624 40
47 901
845 433
725 249
416 439
5 815
576 42
271 448
339 468
668 536
346 824
818 839
814 273
483 455
800 69
765 486
108 290
865 431
202 131
679 617
48 162
495 623
204 244
549 21
190 695
556 535
582 436
852 874
708 814
808 570
882 114
534 468
404 877
898 84
70 118
700 118
280 673
219 899
395 768
919 584
4 17
597 585
452 512
1 223
804 808
271 748
921 284
278 803
223 654
886 709
771 128
305 529
800 523
906 674
769 367
736 773
383 396
836 834
386 836
535 668
706 285
478 690
568 234
555 269
366 920
40 199
110 344
207 388
346 175
124 177
541 339
428 402
213 327
715 77
225 728
744 410
75 700
162 121
412 195
806 777
177 845
38 702
668 244
153 492
835 692
147 854
93 575
319 721
901 96
797 604
823 603
76 377
781 653
913 255
327 781
94 919
168 548
684 314
270 315
805 167
69 14
500 578
588 818
777 30
392 637
113 693
718 604
548 562
736 524
295 125
367 389
106 13
415 268
326 684
582 193
330 130
207 829
186 273
188 25
719 58
140 831
750 858
497 361
898 295
884 255
835 729
643 420
221 536
166 546
699 227
218 91
356 424
398 20
175 64
460 893
121 600
786 870
936 762
709 896
535 134
213 433
863 335
331 562
870 496
170 631
722 387
200 556
289 76
54 880
555 514
835 675
176 163
87 590
924 795
548 937
929 760
848 333
573 241
894 506
737 542
615 937
408 294
556 175
785 609
117 403
185 15
140 776
593 642
844 58
500 454
57 907
693 905
302 328
624 674
312 423
694 406
839 164
178 457
339 25
544 871
843 208
364 462
462 19
166 369
76 144
822 549
113 577
932 830
384 618
566 695
520 739
579 421
902 756
877 719
260 899
653 581
169 79
105 631
514 687
62 589
830 883
616 422
2 610
314 801
291 359
37 810
160 616
293 540
850 648
322 172
609 453
753 778
531 336
887 107
85 11
175 394
372 790
815 789
463 607
652 753
444 689
104 603
367 396
622 279
522 6
867 193
458 161
449 467
496 398
53 60
824 227
869 259
495 225
526 20
310 241
251 754
408 354
835 253
228 519
10 749
3 876
421 460
515 348
406 490
225 458
28 111
163 896
785 657
599 374
677 908
93 406
724 500
239 622
231 466
619 240
694 622
595 593
560 172
419 28
661 643
485 688
233 126
125 80
783 723
869 1
694 440
406 896
418 644
59 648
589 678
888 761
362 24
416 400
195 313
428 335
19 391
501 667
517 626
225 362
827 157
362 583
75 246
21 493
890 79
203 20
235 569
780 596
592 674
59 266
49 902
600 483
355 579
212 350
267 437
190 157
72 551
218 146
276 654
638 228
733 320
663 30
888 505
105 22
657 579
703 705
543 365
251 376
6 878
205 689
377 394
324 448
424 20
73 699
674 710
405 885
92 130
393 459
113 497
896 769
554 661
15 159
504 681
14 925
622 218
155 477
90 478
925 513
498 60
274 650
248 157
597 756
286 52
693 814
28 130
645 581
790 139
219 772
819 648
238 503
865 393
43 17
349 446
9 325
921 698
37 231
855 112
465 619
580 220
496 86
349 619
666 617
757 363
867 639
73 168
620 416
39 141
849 387
586 857
712 48
617 227
695 534
755 222
216 397
858 711
482 269
392 626
365 628
52 710
329 540
877 11
19 394
568 867
781 216
786 34
264 465
676 21
478 493
658 693
368 578
882 328
326 752
17 690
442 484
462 249
86 818
676 104
274 306
33 533
937 297
566 263
241 721
699 718
276 420
889 123
476 833
450 801
126 466
32 47
12 910
295 514
790 449
617 542
754 129
138 754
425 182
495 144
902 673
861 657
155 812
779 109
186 291
910 312
236 4
774 247
913 131
760 244
580 856
786 812
463 402
628 887
583 602
510 27
337 433
683 907
724 3
78 909
293 50
699 7
470 535
670 861
145 908
168 203
826 432
77 351
833 184
717 894
785 289
920 184
200 144
153 923
146 646
895 855
696 135
861 644
149 593
567 293
43 213
911 868
644 50
698 539
233 893
496 244
894 158
859 101
310 845
662 19
281 579
193 415
919 315
42 53
881 334
95 157
307 442
279 773
202 818
484 157
792 43
816 227
200 737
327 926
123 52
423 403
109 94
297 506
408 338
38 351
151 132
923 873
52 265
708 253
561 255
825 831
713 182
120 391
398 447
379 936
914 280
402 501
373 177
486 780
514 523
610 143
133 74
79 185
754 265
853 377
519 220
270 710
817 806
164 277
731 21
276 186
717 156
686 152
332 650
411 324
235 83
467 784
572 24
31 389
288 362
765 286
581 514
58 461
382 637
216 175
137 907
360 853
125 524
483 872
237 893
675 887
38 620
212 89
643 658
477 409
83 304
694 142
296 231
81 677
346 297
330 482
682 168
813 807
692 359
220 407
314 894
772 768
55 47
856 697
183 811
169 265
177 341
823 889
571 903
107 396
678 437
877 423
604 232
708 774
590 406
659 382
363 910
628 417
19 25
593 617
835 240
361 491
59 246
442 630
627 548
504 368
463 443
269 130
153 39
382 221
860 520
82 285
492 709
181 926
734 252
605 110
907 28
600 28
273 104
136 900
131 639
746 593
561 493
201 713
10 583
413 869
165 494
633 135
265 292
123 477
543 727
587 928
234 249
18 506
769 154
884 899
792 171
554 831
663 755
607 672
816 82
604 459
54 299
593 318
590 194
274 611
920 860
601 216
587 97
201 834
250 563
795 521
213 828
414 875
124 499
89 2
59 171
876 112
469 531
846 537
724 182
626 185
520 705
817 585
801 496
482 114
537 755
113 749
645 5
166 768
504 254
248 41
424 186
153 371
195 61
386 397
658 74
582 240
257 877
824 120
435 784
649 450
602 761
262 725
766 427
35 748
159 282
788 582
468 3
431 141
479 816
538 199
368 182
854 624
537 741
743 450
66 455
899 667
694 223
871 1
128 905
748 286
249 78
346 195
496 776
336 454
654 873
652 500
533 569
186 548
788 929
60 853
862 21
62 97
244 411
98 787
378 324
136 105
817 481
300 376
736 114
829 452
465 22
15 476
69 616
86 335
86 145
667 10
165 207
107 824
617 620
153 57
422 288
161 302
247 876
156 45
468 47
913 932
484 406
886 553
84 34
366 170
594 95
595 238
301 180
540 917
799 692
452 700
458 613
64 184
30 219
228 498
681 619
908 227
503 857
258 66
890 103
651 26
197 308
263 914
904 802
372 765
557 824
6 493
915 69
676 7
287 383
920 446
64 891
152 46
810 825
111 241
927 761
266 187
547 528
579 513
809 13
757 428
836 762
399 292
831 138
715 596
520 697
521 62
650 672
107 1
559 633
658 549
456 923
214 482
930 792
57 801
283 813
707 598
117 168
889 426
721 666
84 303
426 604
365 554
754 887
555 376
583 275
924 517
676 616
61 147
470 118
426 752
409 195
412 525
779 364
13 562
508 513
344 412
595 708
29 412
136 62
787 718
336 252
298 490
867 358
637 815
891 125
108 779
736 520
366 56
362 795
617 348
786 439
760 443
625 788
333 761
849 598
541 663
328 317
215 257
675 851
550 107
455 658
885 253
656 730
308 80
587 403
843 851
842 665
356 8
515 168
768 842
765 788
567 156
167 782
828 320
174 857
427 628
577 374
359 295
166 666
790 231
548 695
144 868
423 916
875 416
562 706
321 389
556 887
23 201
210 330
521 800
249 426
490 825
799 328
598 444
472 450
153 82
623 713
12 524
691 887
3 315
134 323
182 168
688 621
368 377
13 367
239 261
792 207
564 133
534 224
55 69
152 207
150 253
919 578
777 151
527 258
881 139
59 542
306 746
225 152
185 653
519 423
913 789
109 18
921 642
241 454
189 808
140 339
539 537
395 378
688 921
635 110
538 693
130 843
918 354
57 581
69 575
67 460
843 591
477 305
295 196
759 484
482 898
301 84
913 695
877 142
157 575
252 694
746 381
78 726
214 134
370 698
188 852
637 93
505 176
397 278
788 634
240 748
73 19
831 49
713 771
190 348
824 857
520 111
301 76
316 930
210 164
169 813
78 805
384 61
460 259
754 726
893 57
536 28
75 430
492 267
679 682
93 44
601 92
154 380
167 469
788 792
632 20
667 188
303 113
664 762
372 481
550 743
537 565
249 90
57 741
356 214
901 449
257 43
19 826
423 185
358 689
40 468
708 185
656 74
714 382
314 564
862 343
369 877
907 96
30 442
836 801
655 278
728 390
321 746
278 222
931 114
910 449
582 681
112 300
233 825
160 546
451 501
888 298
440 857
394 885
361 708
749 494
49 539
362 785
348 119
69 757
232 41
684 813
200 795
591 432
162 230
457 612
730 823
389 232
222 261
180 61
31 928
555 495
8 395
342 771
513 826
590 745
867 752
99 129
610 169
40 250
398 496
340 190
797 728
837 81
51 495
142 498
485 175
55 909
569 813
742 145
701 811
889 109
625 466
654 713
634 693
25 510
667 365
699 526
155 78
607 622
572 748
182 536
922 652
507 32
6 311
176 186
184 543
710 809
72 426
63 705
181 88
278 847
452 455
436 85
532 521
185 167
331 782
702 731
497 271
762 918
60 1
582 244
543 355
531 93
780 593
798 440
159 554
349 610
487 263
174 82
783 358
664 176
203 844
385 178
593 210
574 652
626 219
374 647
573 383
740 831
455 79
333 613
111 161
702 597
423 875
157 269
711 299
860 913
205 308
569 276
933 206
928 100
840 780
225 891
642 443
784 159
937 596
771 110
756 535
186 241
888 758
925 662
120 848
637 740
634 685
79 108
890 485
623 792
327 847
745 447
769 70
605 768
665 855
357 483
452 21
203 403
778 190
127 376
516 242
179 212
926 257
735 357
741 420
627 546
746 850
56 920
139 823
126 56
658 88
924 678
290 805
935 479
410 373
58 651
551 685
119 286
483 891
505 381
581 530
189 493
64 660
891 202
546 80
674 682
167 660
839 872
527 836
413 936
687 886
128 717
113 246
65 595
616 49
454 259
578 122
230 641
781 600
321 805
679 57
550 324
716 451
258 305
765 149
719 930
514 847
709 626
571 253
699 249
301 215
923 357
336 216
476 180
294 796
463 35
332 75
774 110
4 510
831 247
658 91
240 650
937 427
338 571
679 99
298 458
730 284
293 128
915 768
723 271
106 249
721 437
739 36
25 222
545 334
468 681
425 186
394 840
613 731
889 354
309 250
291 101
533 583
644 926
830 430
675 414
157 458
850 374
493 353
595 516
166 542
259 590
727 652
492 402
862 860
235 649
172 525
749 183
586 455
171 894
363 324
370 935
781 698
372 752
114 445
330 279
49 67
347 776
198 317
240 538
239 890
249 826
893 60
71 542
930 657
914 772
43 347
769 302
107 619
116 636
127 861
393 175
407 218
429 604
14 148
204 668
100 868
557 56
927 627
76 398
763 468
232 805
814 64
170 400
161 701
514 703
104 386
878 926
82 785
71 95
932 690
763 511
620 382
566 609
487 120
485 312
587 717
596 880
259 244
758 419
423 334
185 5
198 541
930 280
388 63
790 799
752 615
372 434
475 416
521 441
14 69
231 600
785 305
21 522
548 778
3 34
591 603
454 267
206 447
25 73
509 815
871 740
492 721
236 446
199 236
365 212
304 595
290 567
900 727
151 926
46 569
438 115
235 892
382 856
401 406
928 388
283 340
190 254
123 842
