633 4294
578 194
440 112
215 187
26 151
66 413
385 13
626 612
268 246
276 139
520 237
4 617
435 351
215 570
400 151
279 289
1 92
351 309
72 434
495 599
454 429
378 205
311 240
183 578
354 459
585 240
564 588
224 365
305 307
171 71
457 318
228 326
410 447
2 350
248 365
316 68
30 562
272 340
37 323
153 391
17 104
630 581
58 89
181 232
395 351
171 219
538 268
413 314
583 414
532 197
15 83
133 44
514 273
383 550
596 535
307 612
507 173
428 433
130 609
31 525
195 71
612 99
338 391
281 287
41 49
353 55
131 354
98 513
627 349
430 458
250 605
305 123
144 100
555 274
577 455
34 7
525 12
608 98
271 255
253 311
172 474
365 303
195 462
51 188
46 480
514 295
452 185
286 464
284 77
606 96
531 508
103 291
519 77
257 157
200 509
336 372
219 68
543 413
398 593
469 444
309 349
607 629
402 129
459 53
205 301
17 604
175 119
261 563
64 386
588 133
130 290
373 348
226 151
629 624
110 333
303 287
48 145
282 450
273 610
371 477
277 256
316 451
375 445
249 307
197 203
439 327
493 47
543 85
197 539
577 176
238 115
462 155
129 111
473 401
87 79
114 363
334 429
49 577
241 298
251 437
369 558
632 228
605 542
182 37
316 627
212 553
611 41
74 106
20 415
506 106
493 488
337 194
284 254
137 393
420 256
65 156
181 64
383 21
474 433
57 156
296 138
75 273
178 18
378 197
432 119
171 292
607 507
485 126
629 490
518 416
113 582
571 293
12 189
182 485
491 107
509 153
244 584
425 290
470 38
486 268
25 525
428 631
267 279
123 263
5 509
45 117
458 484
409 338
39 459
59 529
565 567
550 176
386 341
334 222
247 187
359 272
78 153
138 214
301 130
476 305
5 520
421 462
239 65
167 277
523 225
42 323
158 591
367 544
168 68
1 283
123 359
554 69
381 561
282 48
57 124
352 61
512 8
523 117
72 56
263 463
149 173
21 306
632 388
85 166
455 588
318 577
313 107
12 60
34 294
609 90
286 196
151 165
203 40
150 143
597 412
474 112
453 495
286 452
249 240
486 572
194 170
515 375
277 395
304 310
557 279
269 210
475 419
243 546
327 392
558 290
40 398
270 492
259 424
310 376
30 163
314 92
201 64
336 477
328 6
23 251
284 291
329 627
76 571
540 271
330 464
560 238
97 65
96 225
488 275
469 387
306 150
347 506
82 49
350 409
54 241
529 207
531 224
69 475
162 608
112 360
307 540
466 273
473 430
497 196
71 332
582 376
350 165
249 301
213 467
578 136
74 473
211 604
566 279
314 596
123 425
191 298
200 23
570 39
452 433
234 523
1 52
134 350
85 382
519 166
84 464
301 157
172 380
629 104
26 309
66 17
602 256
314 37
147 251
75 599
552 178
357 552
229 490
138 182
108 23
347 191
355 517
217 527
263 81
630 157
390 565
173 227
56 487
264 203
606 207
37 524
384 262
312 481
620 318
29 94
209 245
154 564
128 239
326 390
319 322
547 577
122 588
40 178
441 303
249 282
378 154
42 631
415 353
347 401
539 376
364 114
620 386
546 616
624 238
372 178
429 154
122 419
109 161
465 418
332 80
67 578
233 108
575 516
329 289
284 234
533 516
216 388
268 631
370 127
235 610
173 532
131 294
187 239
323 18
23 523
600 591
468 199
65 278
584 262
566 234
495 334
618 580
88 252
577 326
247 47
303 419
448 433
582 1
540 140
18 431
30 617
389 366
52 322
10 2
584 445
104 314
145 88
260 102
208 203
427 454
119 598
108 566
397 56
435 172
65 452
603 94
305 358
459 225
548 337
226 498
148 198
179 162
285 307
263 361
379 558
50 497
523 157
298 155
82 99
196 146
419 165
108 90
391 435
314 305
138 408
39 155
474 217
316 125
523 447
354 268
240 403
633 129
429 297
153 379
395 348
524 181
381 500
139 138
301 322
311 307
598 349
461 439
434 12
432 193
327 153
329 567
424 329
62 219
625 83
597 256
299 356
305 46
222 443
52 391
633 363
65 598
78 394
403 381
275 70
573 601
222 268
534 13
596 465
100 457
547 566
581 82
288 252
127 379
563 179
5 563
541 571
527 487
332 165
234 606
234 42
442 325
310 343
206 141
43 174
597 589
106 413
37 394
31 33
8 594
211 12
523 620
583 285
342 150
318 445
624 551
486 432
111 162
10 185
172 52
359 4
510 464
417 415
93 447
447 602
407 526
614 165
381 432
449 90
581 133
534 571
553 386
238 532
417 248
84 588
168 311
591 44
141 374
459 103
57 141
71 332
536 553
497 283
351 181
372 298
183 272
104 604
527 342
371 310
458 323
133 625
633 592
36 10
202 363
112 258
503 51
589 274
604 321
557 321
371 295
619 422
436 591
392 198
299 129
507 123
452 508
617 320
466 19
329 34
250 309
160 621
360 618
262 330
305 185
17 544
348 504
332 150
462 90
347 629
88 89
119 408
465 604
596 298
491 292
200 107
600 229
94 326
213 224
22 386
408 541
297 625
411 628
141 239
587 357
235 543
314 222
186 146
192 148
312 49
439 380
24 275
608 619
600 187
210 491
573 486
398 105
477 44
99 487
283 554
210 386
463 392
476 517
537 536
32 215
453 339
595 476
613 569
461 449
625 539
306 433
392 572
537 104
615 504
590 133
425 35
387 123
427 229
509 330
633 540
414 452
114 244
163 94
48 493
411 39
398 83
340 25
523 243
129 504
616 85
506 407
622 259
398 415
357 273
613 356
48 393
44 162
3 206
124 51
65 534
591 463
485 298
356 374
409 484
113 391
438 487
33 426
113 300
207 338
441 186
562 489
579 605
519 450
47 9
369 111
411 196
442 262
362 165
504 137
517 485
397 321
339 429
113 320
597 319
24 405
374 585
129 188
426 14
506 472
524 242
451 301
306 260
431 34
293 170
170 176
21 566
497 359
231 478
45 194
33 570
467 406
391 595
462 183
608 334
21 367
444 471
536 116
599 333
149 258
371 188
303 392
120 35
619 219
512 533
282 413
469 115
185 226
579 515
277 422
216 297
156 528
4 58
11 471
260 28
598 630
215 267
257 204
170 112
422 48
11 70
330 348
54 383
443 632
265 86
420 349
252 444
243 124
371 122
594 630
150 558
495 364
60 621
567 229
99 225
146 611
163 475
325 216
224 134
83 357
89 372
72 340
182 184
463 552
305 292
417 323
86 148
54 145
135 489
243 233
80 388
210 112
98 403
327 190
537 279
547 494
17 618
200 67
168 531
488 342
189 140
31 274
287 586
288 290
442 530
522 390
153 600
501 250
239 64
439 11
342 221
504 227
206 70
162 242
600 518
452 24
25 483
298 311
304 585
470 112
350 227
371 502
194 238
118 301
170 425
311 380
13 181
475 87
119 4
197 587
521 518
610 414
236 143
594 539
596 430
520 312
23 257
180 85
363 166
385 402
591 564
148 472
111 623
427 98
495 492
51 251
376 28
32 611
39 625
386 2
290 272
313 312
397 493
266 628
25 17
396 484
450 544
191 560
402 486
25 263
345 577
513 589
604 544
436 512
404 188
513 562
459 192
241 91
553 375
85 447
260 481
166 76
260 357
3 28
78 529
290 422
472 38
247 312
451 49
59 90
236 571
19 563
631 128
20 551
502 104
233 128
453 398
204 79
623 75
106 68
472 264
358 179
302 604
359 119
19 417
208 123
223 95
52 221
222 573
7 90
546 239
87 365
505 290
313 495
233 418
431 573
551 155
118 219
628 346
206 13
129 282
5 352
377 56
441 598
498 447
557 410
52 10
10 556
168 322
286 269
107 83
208 526
238 194
613 101
539 185
113 537
335 619
124 78
544 564
545 408
377 468
184 297
346 193
88 513
515 374
148 490
456 355
382 562
417 361
29 323
414 11
95 115
498 218
62 408
148 606
182 393
309 234
558 21
296 12
533 46
254 549
404 579
139 21
376 555
381 274
113 30
153 207
13 17
424 74
425 440
548 606
68 223
76 625
112 371
506 11
285 126
428 55
573 566
75 316
488 324
589 600
353 108
174 234
626 466
177 417
273 91
259 209
183 334
201 294
573 575
174 224
569 601
147 509
403 221
191 126
544 15
594 132
624 134
234 616
469 410
269 610
370 527
185 552
96 254
81 537
195 123
127 131
593 273
508 362
362 567
487 141
450 447
272 440
450 505
291 154
151 428
130 520
321 314
307 285
437 387
188 631
379 183
630 338
324 373
66 52
306 421
192 122
103 332
430 421
73 590
574 223
384 572
109 574
122 415
225 558
37 282
424 415
333 290
119 24
29 53
577 335
342 5
456 314
205 122
101 277
78 544
368 461
482 345
401 603
628 495
527 534
12 187
315 344
476 303
236 504
224 180
205 435
53 530
115 257
18 215
403 597
627 6
424 476
351 61
314 214
424 77
114 304
263 429
14 105
600 250
608 59
298 49
493 219
447 607
344 333
58 615
296 51
621 588
395 207
517 76
420 307
152 403
610 414
198 493
518 33
611 361
91 144
278 584
362 91
426 574
292 483
556 587
403 412
411 164
618 294
239 273
470 390
42 315
39 108
174 425
140 20
153 100
163 299
552 393
259 344
334 550
63 256
373 465
34 150
628 520
312 103
159 148
361 70
463 400
177 505
191 186
394 212
285 556
511 72
185 5
415 518
423 477
9 162
177 544
180 41
430 492
143 457
508 503
526 206
269 572
580 460
124 340
540 408
131 286
479 315
290 129
199 80
475 76
110 18
619 159
58 284
519 69
610 393
572 371
468 76
309 414
404 432
120 311
75 250
596 422
565 122
551 632
201 261
577 179
278 431
337 205
82 222
273 560
484 80
297 318
156 606
98 559
404 86
105 479
204 68
136 4
189 53
3 258
313 448
305 460
245 9
31 195
99 172
121 451
252 287
135 276
259 101
70 531
55 175
245 259
111 381
262 168
302 133
294 615
580 598
310 61
475 209
255 574
380 245
391 500
531 395
11 156
495 81
53 419
255 298
44 365
547 305
401 215
307 61
65 253
25 374
182 500
451 437
309 67
48 568
566 578
329 446
602 60
526 523
478 16
56 521
249 602
61 16
184 367
76 248
489 100
491 539
468 308
342 143
374 258
78 176
202 275
621 170
334 382
60 47
397 617
436 12
586 497
27 136
99 102
252 456
70 611
362 538
155 572
47 528
197 626
572 398
268 428
437 601
176 365
15 572
348 319
583 169
182 478
173 150
448 294
474 518
271 202
422 425
141 337
189 206
330 127
472 597
555 144
433 599
508 316
538 92
2 356
129 183
70 302
201 517
595 42
401 101
112 58
526 121
395 583
326 91
76 165
556 499
308 355
334 52
38 238
12 39
462 140
90 531
441 160
415 271
201 182
372 312
109 133
433 503
82 627
593 26
158 515
394 335
105 94
386 142
200 397
49 28
405 8
559 213
167 209
352 236
259 90
416 367
91 84
236 172
78 64
67 235
447 460
438 552
553 190
562 119
455 480
15 227
356 442
308 391
17 26
626 145
618 277
511 75
361 616
116 438
548 182
541 362
510 346
149 298
404 579
285 226
294 299
452 518
108 628
275 626
20 136
137 506
413 517
450 140
368 565
446 282
615 222
512 491
436 529
155 207
475 439
432 4
606 119
522 582
113 32
575 1
168 580
376 580
332 192
588 66
625 269
217 606
490 95
332 293
624 355
368 334
29 35
206 1
153 596
452 134
628 393
3 162
208 247
610 409
438 433
343 429
68 559
270 426
523 470
85 382
191 321
584 88
355 156
89 376
119 540
378 113
168 381
143 244
627 119
19 301
420 362
598 487
156 104
279 45
573 233
295 633
553 245
87 275
401 175
519 388
583 264
369 619
513 511
99 506
498 117
42 284
347 7
6 372
110 284
285 551
385 580
550 305
191 4
448 460
47 333
214 499
465 582
484 344
328 582
217 192
568 127
344 150
133 349
521 111
633 173
29 253
119 578
557 178
581 240
5 497
442 218
362 273
36 212
617 363
30 69
424 597
195 134
113 197
483 503
176 351
42 204
603 29
18 396
75 467
2 79
330 312
166 58
585 70
139 437
432 168
505 222
633 568
225 614
633 74
483 176
424 393
248 262
290 134
24 365
601 528
312 166
206 346
93 26
415 231
462 214
267 202
304 266
6 528
115 5
470 598
49 129
357 297
391 516
299 414
247 266
177 427
301 383
140 393
277 554
492 608
3 125
176 307
259 50
70 373
55 540
337 605
35 563
137 294
314 436
75 560
570 120
222 237
502 361
498 15
282 356
622 153
349 33
459 607
83 398
347 6
304 552
610 207
350 114
501 30
418 444
458 354
563 47
460 301
276 324
315 426
549 172
579 264
204 404
238 286
168 453
160 340
240 137
416 590
119 283
488 536
93 313
256 524
228 584
191 503
275 374
296 190
545 241
453 116
513 559
270 550
378 299
125 487
435 540
443 422
189 297
324 150
478 448
41 72
399 100
444 542
474 106
98 385
215 419
369 596
214 508
512 460
173 506
313 476
412 122
133 470
288 456
619 132
139 528
73 537
628 516
314 468
490 411
88 573
66 326
535 279
69 283
105 110
155 418
454 566
408 586
402 62
277 257
63 415
151 135
188 145
519 501
481 375
148 438
183 213
632 84
360 67
235 464
45 389
117 498
191 525
319 461
455 595
84 517
376 235
520 432
248 405
300 598
15 316
402 197
528 269
281 123
204 515
455 248
140 572
614 330
332 299
157 22
260 110
539 504
213 294
303 460
66 471
293 582
153 563
146 549
198 295
38 401
45 492
517 53
299 366
382 630
31 408
19 159
517 426
532 96
86 70
424 20
540 84
471 59
13 616
476 80
146 513
480 190
240 233
243 539
598 493
535 498
136 422
525 521
214 292
485 169
361 276
57 267
228 527
194 240
378 36
319 523
417 35
80 24
136 191
431 602
50 332
466 186
623 227
575 72
518 427
240 246
69 297
381 296
59 575
404 437
479 592
326 263
495 274
155 630
464 585
598 383
152 300
437 10
526 378
82 279
171 321
524 239
486 272
403 545
82 43
217 560
503 542
58 364
52 81
229 515
534 193
133 555
361 569
564 122
314 12
401 353
202 160
592 556
300 230
336 381
141 552
177 10
330 103
373 381
184 601
262 586
30 264
507 390
199 438
512 381
318 148
101 519
307 561
442 476
157 144
92 167
63 137
176 261
240 418
8 292
254 138
244 283
401 620
542 600
293 289
347 610
436 447
496 611
243 173
322 400
185 414
435 116
550 610
376 25
394 383
185 517
390 298
166 157
284 576
625 576
231 208
552 535
523 283
382 133
324 70
401 509
352 202
624 138
178 367
31 441
618 216
324 374
513 358
400 32
170 391
476 400
598 263
171 488
415 421
620 105
359 387
613 78
588 473
84 1
75 114
310 561
329 502
302 77
227 68
108 265
327 452
31 292
82 70
15 496
490 1
600 85
256 449
31 79
157 114
581 231
227 258
158 425
126 328
501 221
264 478
485 591
165 385
118 246
323 132
108 49
1 577
133 256
261 163
203 417
145 150
516 371
276 542
162 271
237 532
360 369
245 212
326 409
465 443
22 23
443 631
71 443
574 72
65 201
103 136
486 247
286 368
618 561
277 15
198 382
415 427
117 528
5 312
304 338
623 194
229 433
60 300
242 503
240 176
572 343
311 425
589 596
28 442
393 304
326 459
554 107
252 38
504 125
349 174
331 338
236 560
6 164
95 248
33 334
423 474
545 100
265 370
565 292
178 324
465 372
18 385
479 139
422 218
132 6
260 463
213 495
258 218
527 352
465 429
554 123
269 466
223 533
202 154
60 248
346 524
620 232
276 334
370 566
551 502
441 177
200 20
540 457
106 302
44 440
97 597
562 365
298 20
133 499
42 193
616 256
585 471
488 227
171 93
29 590
463 469
2 531
357 541
354 331
209 397
137 175
230 568
539 527
587 39
262 629
231 244
120 182
81 607
278 120
569 175
76 398
10 579
165 235
486 518
565 563
151 571
104 380
374 512
142 327
550 403
191 16
13 311
66 595
153 212
583 88
386 25
355 264
603 519
367 324
272 168
123 291
105 95
37 478
606 179
40 391
450 100
275 332
279 210
293 431
421 243
388 43
136 611
175 608
365 542
167 505
76 289
163 49
253 68
395 94
115 303
354 565
402 628
263 549
204 424
216 494
33 603
536 38
449 77
514 49
618 47
553 562
205 82
610 457
150 240
419 264
543 139
195 180
134 326
96 206
117 311
66 18
149 601
55 466
547 568
514 531
484 433
329 55
384 174
380 533
414 165
163 192
173 227
371 175
552 335
380 537
514 315
555 531
151 478
363 64
413 112
464 132
545 159
186 164
332 434
63 614
467 94
41 6
189 281
180 108
615 429
11 365
110 434
262 260
279 625
324 58
103 23
189 516
181 243
46 381
43 610
231 509
71 271
384 259
551 432
235 533
227 115
264 336
548 394
465 193
385 24
119 357
46 176
108 226
418 23
475 329
632 72
74 571
343 326
66 260
124 169
28 351
283 160
555 67
554 255
259 174
278 247
399 323
422 376
417 76
398 259
273 265
199 215
72 410
540 6
539 31
174 566
250 326
595 171
392 384
426 519
426 572
132 192
262 423
436 547
498 69
41 6
333 240
221 273
518 127
278 423
26 321
225 275
13 186
315 273
438 609
27 230
547 28
290 44
450 92
460 183
160 500
188 362
608 277
503 493
273 17
282 298
337 506
442 218
560 625
359 364
469 385
594 251
412 119
295 97
211 623
279 239
489 336
469 464
481 208
192 120
224 473
287 560
215 597
13 141
457 371
505 292
624 334
542 403
452 72
368 531
61 516
6 419
87 474
118 567
48 309
556 140
17 78
568 231
543 580
372 366
186 112
526 177
445 303
448 132
244 182
30 173
566 35
591 19
377 577
455 425
252 377
433 138
323 368
368 232
314 608
466 369
588 358
545 268
27 228
400 270
278 429
443 211
332 269
229 75
213 50
368 333
295 168
470 617
535 74
84 550
549 452
374 142
232 8
38 459
407 176
606 71
618 183
402 123
280 477
335 199
211 536
493 247
373 346
148 315
298 101
100 83
552 473
224 20
481 130
347 254
306 319
194 159
501 595
281 17
438 484
215 518
387 74
131 628
288 148
178 586
248 277
537 35
117 629
54 466
126 270
588 431
588 148
589 325
110 106
341 416
589 555
300 211
497 300
205 21
447 382
606 61
528 378
597 11
373 520
345 498
156 299
295 110
447 120
303 556
94 512
207 49
302 507
129 166
42 333
186 488
584 27
417 347
273 249
226 12
135 570
510 290
235 40
269 48
28 440
472 121
319 46
39 620
552 167
21 462
368 75
316 318
603 601
31 242
216 256
254 351
192 130
509 296
38 13
343 66
453 182
55 138
227 93
124 14
259 14
344 627
88 26
180 58
495 80
299 579
335 552
296 396
550 41
560 588
53 269
522 505
319 576
511 414
538 504
296 163
517 6
25 604
533 205
530 394
153 196
340 356
616 504
118 533
544 44
356 466
182 113
337 500
557 215
150 461
85 445
493 601
451 517
440 350
590 337
111 109
532 319
465 383
189 451
282 602
364 506
434 414
618 6
149 542
89 298
238 173
110 97
9 429
614 318
145 439
21 124
417 421
442 248
170 500
567 321
337 166
193 6
579 47
11 95
457 100
392 61
141 370
158 150
165 7
467 179
314 356
302 97
143 613
344 181
348 147
501 51
312 563
56 127
478 66
221 301
34 481
230 175
87 387
193 251
262 528
298 576
250 600
39 261
448 252
441 162
398 178
212 578
107 136
71 584
201 160
120 104
8 349
147 596
103 339
82 233
233 380
175 351
346 214
611 160
334 418
190 98
595 401
544 570
536 615
389 605
141 508
577 17
224 90
481 195
428 563
427 529
309 602
246 523
51 92
551 384
510 107
350 340
376 260
146 278
110 534
118 120
409 62
5 501
151 486
62 448
415 357
343 592
194 458
481 113
549 267
496 294
373 81
503 115
210 15
261 188
548 378
307 192
439 181
59 459
33 622
273 316
346 615
274 408
439 623
521 355
256 252
517 497
333 386
480 411
400 107
598 184
353 141
244 159
321 303
617 222
160 125
406 374
106 46
149 414
537 36
4 28
287 520
524 488
273 239
134 39
345 601
91 64
610 335
91 166
506 576
387 32
67 159
275 42
73 423
455 478
327 505
482 213
264 206
354 502
339 393
82 306
352 145
151 53
105 316
558 47
69 459
616 96
100 24
37 391
347 514
586 40
385 434
121 517
6 475
385 214
103 466
388 454
480 539
507 584
221 300
499 159
125 481
123 224
504 160
483 86
40 435
627 294
236 115
177 110
458 431
192 429
263 580
249 611
354 624
430 574
160 296
601 284
143 91
377 516
250 226
470 158
28 464
451 132
447 628
110 271
425 302
66 556
248 183
403 601
43 199
410 202
494 378
485 506
337 97
257 586
323 93
612 219
556 430
219 369
293 328
508 586
629 442
377 112
494 146
581 405
214 358
606 576
604 326
448 307
423 71
128 614
164 106
68 588
404 286
193 63
613 569
517 478
247 261
589 107
275 537
511 488
130 352
431 100
44 114
275 335
185 271
184 217
376 251
40 16
536 232
580 385
37 464
229 283
593 53
258 234
589 4
89 85
355 388
53 267
501 327
602 52
597 152
137 209
272 177
224 174
277 170
427 313
502 22
464 461
75 88
62 532
91 19
486 314
406 538
581 273
232 549
194 64
569 199
272 207
244 364
250 521
403 43
69 271
567 402
601 510
358 531
408 318
549 260
631 190
34 578
331 134
362 393
197 167
592 469
373 71
68 491
591 470
534 529
610 336
166 577
212 523
474 488
207 258
617 205
447 17
18 13
150 380
406 215
546 233
50 154
303 620
12 130
456 414
527 432
618 59
244 196
450 586
552 526
210 535
97 525
420 616
407 438
231 179
20 143
280 571
166 582
557 46
78 249
459 473
47 443
531 160
507 217
614 425
109 191
196 74
584 484
56 357
289 287
404 177
298 50
114 463
501 540
508 578
155 202
287 70
11 184
229 386
400 210
47 508
269 111
450 88
594 506
314 118
159 84
294 325
3 277
155 503
183 531
316 337
100 602
406 612
22 504
365 290
582 280
34 217
390 483
173 350
355 486
468 382
439 630
74 441
142 97
179 324
627 363
529 93
332 171
574 222
41 174
511 622
453 544
74 209
394 246
427 617
99 130
235 537
127 308
213 268
404 260
461 266
622 356
228 320
526 168
541 435
341 288
423 160
198 365
368 460
611 30
313 578
160 547
350 155
221 431
422 493
57 118
125 45
343 352
234 235
388 141
539 95
297 328
254 495
562 490
190 539
520 502
352 548
415 68
69 504
367 490
363 423
477 357
467 186
577 67
289 332
77 194
426 242
391 549
103 319
274 162
93 29
532 444
576 314
380 11
53 113
370 285
404 213
8 106
267 453
42 555
151 620
116 446
228 375
230 200
60 503
361 152
532 259
464 343
441 79
223 494
60 592
145 463
40 21
437 175
473 478
96 493
464 80
305 59
454 534
258 382
272 487
402 39
112 232
382 422
179 473
151 238
431 295
569 339
184 373
513 525
86 477
384 550
426 557
608 115
326 101
497 598
587 134
505 567
366 122
355 413
594 505
520 260
35 455
598 87
63 346
612 149
59 362
65 353
286 541
467 611
510 199
444 332
333 316
265 567
437 489
346 398
229 232
526 133
556 491
219 618
72 197
2 632
559 568
351 80
344 185
559 220
383 239
551 584
554 52
517 226
409 99
492 4
330 385
136 121
111 355
608 51
551 609
50 345
544 400
293 123
453 219
343 72
457 129
22 246
49 408
340 457
506 199
330 71
452 465
192 562
55 166
612 475
141 530
186 553
297 479
43 116
566 254
56 389
251 78
503 300
485 209
625 226
276 321
296 94
22 487
524 76
521 372
550 531
268 605
450 564
319 361
549 251
483 473
508 101
419 377
269 270
454 260
364 97
581 27
190 471
382 583
546 139
321 332
36 588
303 354
388 490
584 172
107 433
11 614
533 430
226 168
568 46
297 168
142 113
194 201
583 444
150 495
582 339
62 486
293 364
207 549
220 157
589 195
589 469
175 358
134 269
394 570
315 57
104 325
169 166
525 118
610 543
613 427
248 543
280 410
274 486
194 362
511 150
426 335
618 469
59 118
105 453
54 419
378 27
110 547
192 504
31 168
413 512
464 530
422 110
175 564
464 368
161 210
386 586
544 370
422 472
356 395
160 279
180 537
305 158
450 496
530 350
533 179
97 232
75 518
341 118
317 40
485 347
249 238
299 28
476 589
499 68
350 25
215 398
431 519
425 247
250 321
465 18
499 562
249 442
315 458
559 632
366 280
345 614
386 512
511 97
337 245
164 555
139 378
189 569
132 613
51 251
169 516
268 537
444 386
214 125
210 140
123 576
288 336
425 542
84 171
5 420
416 38
341 554
284 398
489 416
377 539
535 415
290 169
318 100
554 531
225 633
539 216
575 62
421 235
603 504
406 477
159 188
514 368
610 164
133 334
448 378
108 218
159 398
387 345
497 176
112 590
175 17
173 618
79 462
220 550
332 494
393 490
550 142
93 526
175 225
226 491
603 202
76 128
599 462
342 463
506 453
288 550
469 329
534 416
157 622
202 357
482 594
82 267
605 175
159 146
399 253
3 368
455 580
365 289
277 73
118 150
525 275
66 229
603 468
12 127
457 82
483 174
544 565
441 515
608 468
529 373
88 401
610 411
347 341
66 624
282 53
9 173
327 74
270 296
541 150
291 233
231 10
407 142
443 83
525 417
550 421
156 506
188 1
283 534
210 218
393 491
270 401
532 465
474 169
629 251
187 287
352 418
296 125
428 105
76 319
521 626
106 545
498 162
415 17
63 624
234 324
482 372
92 249
72 434
286 67
51 473
353 272
257 517
396 51
621 472
238 377
333 344
158 66
374 572
82 436
562 184
629 279
555 87
528 626
520 180
60 440
19 281
78 144
165 342
63 21
49 301
267 381
513 424
447 253
231 397
558 159
581 553
307 371
508 201
364 263
249 292
69 137
441 15
280 474
226 212
364 274
512 630
524 260
289 206
512 388
602 305
546 418
93 88
156 600
288 388
230 406
548 167
542 224
182 57
65 276
268 297
549 146
162 308
274 450
513 22
204 351
326 618
4 419
73 159
254 229
415 483
1 329
519 411
422 569
468 486
211 102
18 126
117 179
303 390
497 51
411 569
270 104
422 274
391 494
301 11
592 83
363 461
280 248
239 68
183 73
422 393
174 439
387 290
617 558
549 480
609 326
284 245
298 73
518 55
435 186
568 393
268 166
90 416
282 328
484 333
400 272
594 442
78 216
601 563
141 516
279 116
77 562
360 375
1 114
298 436
299 232
64 435
266 153
86 547
480 569
246 115
208 75
426 154
291 262
83 431
13 361
415 89
159 141
463 159
123 128
463 290
228 527
593 494
548 46
276 264
614 391
247 57
465 39
79 122
169 31
421 181
260 202
270 418
212 601
577 334
95 275
493 192
37 452
554 585
497 196
215 347
586 461
403 287
369 351
277 537
381 567
85 7
135 223
294 215
190 106
418 154
380 277
345 417
95 265
368 461
329 451
174 151
278 445
437 515
162 582
419 411
515 372
418 519
594 78
100 19
183 517
172 431
160 516
214 124
16 450
584 214
267 124
364 414
568 36
164 599
617 582
376 499
189 29
253 149
608 352
168 26
236 208
457 264
593 539
387 608
225 337
188 491
329 420
140 133
455 304
98 439
121 342
173 310
371 425
327 345
12 363
240 247
571 63
380 530
470 133
373 61
339 561
421 34
347 560
166 38
99 132
476 220
474 517
398 80
177 91
293 188
454 532
304 391
463 50
287 300
51 26
229 389
455 16
292 38
445 326
75 543
327 419
631 167
171 395
115 347
355 407
403 175
175 73
434 4
624 589
172 42
483 401
299 174
285 459
211 96
21 154
6 347
441 505
382 611
267 496
193 490
138 595
31 312
537 333
185 527
288 356
437 137
625 605
179 277
299 389
241 319
411 246
32 218
620 413
64 253
275 256
109 413
87 8
593 623
209 144
385 496
369 58
501 360
29 47
505 327
304 113
13 584
227 44
37 213
326 101
334 600
225 311
248 180
187 208
38 395
351 423
126 86
349 627
315 377
542 55
572 81
36 453
31 132
366 68
344 58
37 547
526 130
224 141
179 411
348 216
41 567
507 167
522 222
160 72
598 570
628 406
17 31
94 550
162 459
486 374
385 391
287 278
520 380
287 65
26 503
150 66
436 23
232 193
245 260
133 78
196 128
483 82
158 577
631 188
271 483
430 525
240 84
38 628
463 324
562 488
193 78
422 497
100 21
559 344
280 58
422 476
185 140
557 211
585 423
267 92
272 64
616 380
16 20
374 347
343 302
201 404
248 622
136 348
511 61
58 158
621 348
502 41
357 294
252 308
83 387
399 223
450 250
602 334
269 211
47 480
382 116
119 629
607 255
343 484
184 270
8 171
486 378
81 209
38 332
517 622
587 151
211 273
401 48
606 538
128 20
385 509
135 372
373 108
495 83
592 46
221 468
85 73
82 165
151 119
365 536
610 188
53 187
460 322
104 432
227 231
320 480
608 324
218 347
431 80
298 258
627 387
595 580
329 43
112 479
30 345
381 6
532 302
62 227
624 34
528 217
133 214
565 609
406 149
322 73
97 489
199 90
111 160
37 439
71 17
153 603
230 402
477 129
71 407
224 563
309 118
15 441
201 579
416 606
596 607
45 60
331 244
149 441
272 54
116 343
70 268
181 169
37 526
297 609
300 389
538 608
507 421
285 576
366 67
548 328
542 593
256 108
203 274
549 343
327 533
52 266
167 101
434 72
627 599
549 162
354 322
136 96
109 420
38 474
356 586
38 133
414 293
241 485
566 25
194 129
557 115
394 90
215 63
31 77
28 448
238 250
137 243
215 245
531 252
588 253
73 625
386 355
153 495
206 86
519 400
214 442
383 476
400 597
538 299
543 434
114 147
50 250
258 264
363 156
385 317
408 326
177 29
48 330
523 253
284 277
521 366
85 270
208 354
103 614
19 12
414 132
27 332
250 285
465 613
440 216
296 83
410 342
614 457
540 503
579 190
16 466
555 100
605 631
322 74
611 341
587 391
472 482
89 133
553 570
441 4
101 524
414 442
504 106
348 242
51 406
257 386
196 226
226 193
547 299
39 123
121 298
595 602
256 552
604 44
488 411
48 588
301 330
266 40
435 482
282 355
255 538
609 450
632 201
512 415
368 419
537 488
84 367
325 339
154 295
382 8
73 298
465 242
496 599
282 167
447 563
521 68
336 496
387 204
63 134
618 430
552 521
153 2
124 477
209 277
8 460
154 80
626 487
321 489
452 471
22 265
400 542
202 605
273 588
175 204
590 28
633 508
417 21
379 540
497 456
184 504
282 337
452 275
190 9
130 8
479 20
141 115
430 342
588 69
165 631
272 121
25 140
498 441
160 243
348 23
65 400
396 216
103 214
490 161
91 488
37 570
507 177
553 303
388 507
240 421
504 511
542 397
17 275
204 45
517 420
569 450
55 331
32 26
414 390
186 373
244 91
309 619
268 97
288 524
603 396
311 342
273 88
105 158
362 178
202 114
466 7
564 521
337 464
415 619
221 470
359 333
560 536
188 194
633 344
586 471
107 264
49 379
351 22
406 582
199 476
62 534
482 494
290 55
194 71
40 283
540 267
484 467
39 38
529 38
382 482
377 488
614 425
233 200
447 507
148 514
350 79
283 198
572 121
1 512
161 283
418 296
134 120
334 171
518 240
552 366
617 275
346 277
508 545
592 250
562 342
599 7
624 33
447 563
153 448
441 182
97 94
478 99
83 47
270 600
287 57
332 139
332 546
415 75
326 243
324 254
584 159
260 574
60 74
503 212
390 179
263 486
142 609
585 224
22 90
190 177
146 521
315 346
302 97
289 627
208 482
117 158
7 245
98 568
187 470
146 576
15 277
298 156
252 249
248 143
338 437
319 352
193 1
567 494
599 222
357 173
70 342
330 578
586 427
512 9
132 527
584 147
39 248
171 291
365 419
302 571
91 620
159 284
620 92
13 454
182 238
626 121
579 191
65 401
487 446
278 618
208 228
633 246
345 40
405 578
327 73
516 417
60 41
67 548
1 582
238 182
186 99
171 1
290 105
270 12
550 547
629 626
10 498
107 354
537 512
168 230
453 50
515 381
592 582
165 592
399 402
9 584
500 180
453 25
284 89
36 69
2 534
563 12
267 36
234 170
416 401
268 105
319 149
485 277
599 518
104 364
286 113
184 22
161 3
46 313
594 584
381 595
484 179
475 117
214 578
155 499
214 291
603 533
439 323
45 274
208 149
506 493
130 56
383 290
561 429
471 521
379 218
351 98
396 193
83 478
6 237
343 219
527 181
118 201
504 163
343 78
180 216
439 309
140 189
467 569
486 304
456 100
390 43
197 21
104 279
498 109
384 77
327 146
257 314
215 127
345 558
73 524
9 512
68 148
67 403
586 421
73 277
520 331
319 83
351 422
230 84
399 482
160 93
627 286
275 77
281 619
1 354
378 511
232 314
528 167
83 480
587 24
123 473
354 311
424 573
99 522
23 498
370 52
459 232
337 100
308 617
587 178
206 200
55 437
513 451
472 595
297 425
487 289
133 207
599 425
146 566
313 37
299 49
88 626
149 293
594 457
146 547
1 351
615 557
155 494
375 626
324 540
287 177
64 288
252 29
80 266
464 392
303 129
310 390
122 458
50 584
281 195
498 150
545 348
576 568
209 186
430 401
594 585
447 25
239 567
53 318
200 385
579 502
514 255
127 504
581 45
454 98
108 187
116 522
535 58
456 612
112 121
248 73
72 61
599 180
628 520
366 63
272 311
564 152
434 559
524 382
604 344
479 580
400 463
468 301
521 160
148 501
280 395
442 221
456 407
400 319
294 132
381 565
312 180
585 112
105 475
362 577
185 76
524 453
539 358
120 295
517 267
162 33
531 604
122 353
246 390
540 539
390 287
470 68
466 421
49 439
262 279
383 316
355 273
135 129
499 124
423 252
259 453
153 156
292 274
377 538
30 283
443 419
438 149
356 139
438 404
578 569
49 196
251 272
337 254
400 202
246 189
322 505
511 474
529 169
114 273
73 12
424 385
431 229
402 153
236 206
425 180
141 473
244 260
614 580
514 380
18 628
569 339
499 315
49 395
483 162
536 425
43 326
45 342
423 446
363 26
18 154
74 28
495 187
287 475
133 36
222 150
31 26
358 398
340 406
28 58
436 563
482 478
125 526
55 416
338 417
310 225
570 253
252 301
439 407
11 440
443 232
459 342
126 183
106 334
457 134
392 259
565 109
606 558
2 27
210 208
444 519
432 249
7 552
418 445
326 429
252 135
529 77
345 22
128 450
224 584
452 484
78 384
593 552
177 594
579 386
37 258
272 469
375 278
256 160
592 581
457 79
584 352
155 295
242 151
112 335
101 432
185 47
182 144
599 359
606 413
613 10
539 251
347 149
398 602
177 225
550 633
303 369
221 326
31 462
476 11
163 445
442 217
491 493
360 325
87 333
104 66
342 511
186 557
27 452
525 203
43 310
72 214
46 292
408 578
120 250
457 152
563 134
237 420
495 596
614 450
164 586
516 374
464 570
297 359
257 189
561 168
367 632
381 412
290 155
225 279
273 550
299 202
553 535
490 283
366 470
100 530
423 484
270 122
289 567
480 545
122 276
79 488
144 459
136 433
482 229
580 121
15 114
191 436
517 47
85 250
386 53
146 175
536 415
165 191
217 11
102 207
155 49
564 298
507 568
600 224
32 546
344 46
529 403
350 412
450 435
28 202
356 173
245 259
457 409
318 542
288 289
116 311
337 46
609 80
613 575
303 11
356 516
559 251
285 275
30 101
578 559
171 301
601 415
428 424
59 614
332 215
138 316
526 475
361 370
423 209
311 92
89 535
476 516
153 128
157 51
97 604
609 137
140 576
420 436
235 479
416 436
562 423
118 454
133 348
59 555
425 369
515 513
271 358
395 292
354 421
342 319
260 186
455 399
129 242
70 232
589 354
34 517
143 21
207 275
237 265
196 28
503 580
410 140
173 171
300 526
460 8
211 86
193 535
353 190
12 422
422 600
143 324
483 285
344 558
429 449
59 624
477 561
439 253
569 611
292 235
503 119
242 583
73 303
353 426
493 364
83 150
330 225
473 48
379 53
606 174
501 31
33 344
460 472
465 395
449 124
629 188
111 106
6 52
408 358
477 136
88 429
285 286
522 627
333 267
46 174
309 546
73 342
126 532
49 590
162 366
582 157
553 561
262 427
613 539
151 325
41 107
120 195
392 9
188 594
144 233
3 453
14 76
30 139
476 78
598 5
312 546
30 101
343 292
527 322
66 45
13 106
20 133
169 412
10 356
241 153
457 243
474 471
187 503
478 532
449 442
536 128
224 434
228 566
594 623
254 26
34 135
1 556
267 169
203 145
394 443
298 217
554 138
54 108
510 401
6 194
209 410
190 301
210 286
102 171
276 355
196 178
359 65
100 494
234 302
6 627
111 303
79 32
309 133
8 54
402 13
248 610
291 437
147 500
90 248
539 365
472 604
411 197
35 511
57 268
179 62
130 159
233 209
59 542
210 66
464 611
580 78
456 237
384 602
605 473
217 511
73 557
481 483
120 384
360 176
521 408
107 17
435 339
94 362
116 172
296 580
18 242
24 343
347 407
311 187
115 396
566 187
188 413
539 307
33 134
352 553
541 458
569 211
163 532
572 148
572 234
94 459
344 619
168 559
262 347
113 376
612 45
432 166
327 337
473 359
339 60
278 116
517 82
326 548
482 265
62 421
367 24
246 78
10 413
3 271
628 617
515 606
29 313
139 355
518 480
582 93
539 226
208 422
176 533
205 25
33 267
314 269
290 428
215 168
76 217
307 70
201 189
43 98
370 50
321 124
529 269
216 434
363 292
91 538
191 295
431 93
430 613
230 589
407 444
625 482
27 299
552 96
487 463
193 92
512 513
215 407
17 299
76 379
590 35
153 17
198 452
611 628
432 207
452 205
17 443
54 545
610 474
510 332
303 69
424 50
451 507
456 336
42 400
584 631
434 605
516 631
423 493
494 221
568 181
295 584
624 217
365 469
57 241
168 228
178 591
277 628
333 601
200 374
236 150
241 36
121 123
535 543
616 396
633 550
445 163
370 304
379 101
140 304
210 307
400 387
133 43
251 334
512 450
