433 1051
412 343
410 109
97 262
239 84
316 255
56 125
18 365
149 306
208 11
403 17
211 306
363 315
68 386
410 144
146 406
96 124
85 72
2 181
104 11
35 419
265 90
313 53
21 29
358 431
242 328
14 223
403 146
104 38
302 80
384 14
255 47
341 339
321 342
290 424
122 324
180 157
413 59
209 203
290 336
200 99
433 416
91 403
331 194
210 402
274 160
416 298
409 323
204 297
1 263
287 123
153 33
279 335
295 257
307 151
159 276
19 159
28 109
128 358
303 107
97 346
266 79
210 242
171 183
105 374
12 161
266 367
397 314
38 258
137 344
408 66
389 427
224 416
305 121
111 377
227 207
289 262
55 269
273 428
18 147
138 233
308 404
369 41
54 177
298 394
290 42
26 246
238 19
431 110
342 108
53 338
84 112
166 341
380 6
335 167
152 40
169 229
213 105
269 266
51 133
226 340
378 21
355 182
39 353
291 380
230 114
284 314
225 220
221 171
428 326
337 349
135 276
145 117
150 413
152 200
316 378
309 260
168 231
8 207
353 69
356 149
182 410
232 406
399 223
346 393
318 19
308 222
294 19
338 10
202 56
412 287
203 288
113 371
288 323
347 207
161 39
125 112
15 127
84 183
119 199
142 206
218 220
427 78
8 331
291 209
386 269
62 156
123 377
296 180
37 209
156 400
17 51
79 32
177 365
214 65
131 126
270 118
345 263
195 352
363 255
331 315
91 162
240 416
309 305
163 115
283 318
81 300
138 362
101 84
294 84
148 194
209 187
311 323
219 275
242 148
97 342
233 187
70 242
372 378
114 101
59 396
189 140
32 326
271 132
180 131
216 327
94 194
81 404
84 299
246 95
217 112
3 16
68 72
257 6
17 370
310 278
103 65
187 337
160 25
36 339
358 21
3 19
214 286
192 297
354 207
391 137
318 163
355 385
235 179
391 251
318 267
298 190
101 52
94 30
76 129
139 433
352 344
18 132
196 210
199 319
416 359
226 71
89 147
22 323
325 182
343 210
15 207
169 318
28 262
118 103
160 26
103 78
369 323
413 334
302 178
219 55
306 11
125 394
158 349
53 252
98 165
231 315
142 400
403 169
228 87
42 388
112 347
32 47
236 11
380 308
391 368
362 264
149 256
427 306
171 250
124 38
414 355
353 325
91 322
61 318
178 305
42 289
218 74
105 223
287 254
97 15
188 228
48 336
50 41
411 424
60 305
28 41
429 380
365 86
38 195
403 215
66 12
273 53
288 377
276 344
197 372
128 155
370 175
57 189
419 238
179 45
109 410
288 104
126 423
189 164
387 361
148 20
142 421
275 429
364 117
110 331
259 237
52 195
182 311
153 167
115 332
414 426
78 269
96 203
258 54
136 211
185 284
433 326
271 275
92 404
391 201
301 419
207 122
383 388
433 103
324 114
1 305
107 78
140 405
50 167
229 186
377 413
239 147
305 279
421 396
249 148
366 320
134 343
8 83
297 210
185 188
94 388
262 403
235 401
374 285
134 169
240 280
148 45
426 223
323 183
388 341
331 321
227 234
230 5
86 296
214 41
253 307
198 81
276 433
251 420
54 154
358 63
1 276
107 196
65 199
379 19
106 46
109 103
49 338
107 134
201 90
377 223
167 142
304 212
141 324
198 397
45 123
26 248
168 335
10 232
100 158
20 408
406 129
77 21
33 386
358 3
43 301
226 209
9 299
420 352
189 388
315 233
280 110
250 14
11 30
15 313
187 34
288 363
162 134
153 398
87 77
170 129
148 165
107 359
30 296
278 422
250 362
424 299
242 241
312 22
270 96
335 226
130 392
155 61
92 78
228 178
357 168
76 71
332 182
430 132
45 44
323 64
405 313
363 213
120 241
235 159
107 339
385 236
297 309
66 158
156 64
336 80
231 411
150 332
363 349
233 407
392 122
37 134
2 399
346 324
410 350
253 83
255 204
88 321
282 356
46 5
419 151
287 419
128 206
88 57
122 320
233 283
9 270
416 213
5 99
306 184
218 125
36 243
98 123
130 150
249 378
357 4
95 210
423 426
415 280
252 306
166 52
156 377
91 341
359 298
209 2
49 427
126 84
6 224
410 338
143 428
283 66
431 377
275 190
139 26
36 391
332 405
9 257
118 99
164 247
166 143
248 214
339 373
68 344
366 247
248 75
241 97
140 8
244 184
401 382
210 3
339 108
177 117
134 65
418 67
311 151
209 125
134 114
267 201
24 200
217 42
44 227
341 387
5 151
137 405
303 346
177 411
223 354
95 126
418 79
193 65
229 401
189 363
82 225
333 308
194 320
119 238
113 27
191 320
380 327
291 249
10 35
227 2
158 321
128 345
169 320
409 398
57 367
97 341
158 199
419 352
85 104
156 401
130 116
287 77
212 348
95 424
382 321
426 106
411 323
17 147
412 195
314 238
128 410
146 285
378 131
406 233
234 331
403 134
13 26
210 428
373 304
418 91
395 410
196 372
69 415
288 250
176 168
55 303
347 200
358 62
330 100
294 333
431 263
33 213
58 12
207 431
86 192
88 250
371 54
188 7
35 246
26 414
413 80
53 97
279 410
158 378
280 18
48 277
50 80
259 107
295 236
104 380
427 395
196 134
15 153
343 252
398 369
232 148
15 285
244 294
31 401
8 310
188 55
356 237
338 182
343 199
417 217
348 180
381 313
313 395
235 426
213 403
361 215
117 375
66 130
5 96
300 216
176 54
270 98
290 174
49 402
142 235
388 56
184 335
138 267
66 373
259 49
342 186
263 228
330 328
357 335
193 223
117 368
46 156
236 335
330 284
73 241
289 231
297 39
132 1
305 198
143 333
246 254
85 75
48 415
172 174
86 134
166 202
69 211
357 74
315 23
127 158
264 415
388 330
224 289
100 298
53 243
198 68
266 52
345 314
33 286
257 118
420 423
89 258
403 216
331 55
8 24
212 41
209 369
370 202
224 240
66 277
252 33
114 84
85 229
397 117
81 424
5 67
183 296
94 152
281 424
206 289
218 187
329 426
122 36
397 346
275 29
392 296
62 72
379 146
70 343
32 151
103 239
420 285
102 81
3 152
71 412
7 58
368 106
253 260
344 216
172 388
15 333
250 76
174 195
424 244
307 225
394 409
234 150
260 335
230 33
53 71
214 263
128 351
138 151
177 48
366 348
2 380
247 21
225 191
215 418
1 292
413 164
37 213
313 67
114 313
99 369
383 82
401 280
432 105
430 176
152 133
293 356
282 310
376 74
67 361
261 67
422 240
230 25
19 312
91 335
191 392
41 343
40 8
190 242
316 389
417 34
291 276
160 140
355 305
416 421
2 243
257 423
253 256
218 271
135 308
376 95
37 416
5 76
193 194
87 75
352 70
312 210
116 241
349 37
112 101
228 317
113 51
76 365
307 293
406 211
371 348
305 407
100 309
252 62
272 339
137 394
178 218
170 63
25 288
100 339
388 97
222 67
350 68
202 223
360 174
203 297
291 75
270 160
153 89
221 425
197 127
155 374
344 324
4 138
381 306
247 105
402 238
171 318
305 142
311 232
315 80
298 375
357 135
101 77
426 322
271 189
218 425
129 85
335 36
32 207
282 136
378 87
76 33
391 218
343 392
302 192
257 244
116 161
344 395
153 2
2 111
220 196
9 118
50 344
153 81
320 2
419 265
291 264
297 18
251 409
180 120
167 3
363 52
366 43
216 288
45 217
398 264
182 176
381 231
289 303
81 176
74 269
210 364
100 73
152 120
48 331
239 417
103 371
36 238
184 21
92 228
238 259
261 189
204 411
420 60
280 270
235 124
106 11
257 408
286 408
94 103
75 103
86 380
243 324
184 426
345 45
220 352
73 250
107 277
430 296
336 277
336 340
400 8
120 426
185 405
401 48
74 245
150 362
192 163
253 145
155 164
393 145
285 32
394 391
308 391
24 413
4 359
319 173
136 5
165 320
179 335
137 22
147 57
384 108
219 203
22 373
136 414
84 420
216 248
147 293
408 170
273 411
298 361
353 433
136 84
89 84
189 226
106 105
282 56
212 67
28 3
209 366
187 63
122 402
310 268
31 284
208 73
31 72
1 383
72 339
236 363
422 424
155 94
95 206
352 76
42 149
79 251
81 35
313 202
206 392
240 236
242 14
309 42
85 79
424 359
417 429
289 405
420 213
66 284
419 187
360 27
336 208
47 416
242 359
388 14
317 194
19 328
207 327
369 61
405 129
190 158
125 248
130 314
230 398
164 215
151 293
12 53
67 58
239 78
187 396
294 273
359 83
371 335
409 306
395 151
205 354
308 99
371 207
412 168
171 345
152 322
205 366
144 41
194 152
322 380
317 385
422 242
34 359
143 213
2 308
133 409
228 7
74 369
417 255
103 154
166 24
245 140
390 389
384 150
310 42
299 194
426 287
2 230
416 145
9 417
19 141
162 16
350 235
384 333
56 256
257 424
280 68
131 6
226 284
155 103
325 223
66 87
279 67
316 261
414 324
14 202
234 175
218 354
179 168
253 234
424 76
225 40
347 125
45 139
408 402
241 299
191 76
385 36
143 38
67 326
131 283
95 365
228 312
285 406
249 307
410 9
153 201
251 66
95 295
204 69
263 215
137 223
290 291
29 202
328 298
298 26
147 392
390 144
40 11
117 58
317 296
67 36
63 317
304 157
382 75
428 211
59 131
204 118
421 232
90 86
96 387
111 12
345 270
156 384
280 42
8 366
337 277
172 169
364 42
95 312
