697 1878
5 122
80 192
634 621
183 617
599 606
652 303
374 609
449 691
65 30
581 278
313 351
303 506
386 291
368 530
548 36
230 552
157 309
582 93
70 67
547 669
511 501
112 25
250 561
553 152
428 436
430 43
624 35
386 312
163 57
679 13
627 49
402 621
357 286
552 264
191 401
73 539
205 185
563 292
583 256
444 313
691 176
194 455
48 417
69 210
311 585
222 240
633 461
164 130
585 18
231 78
256 304
454 460
488 157
590 211
412 336
361 243
511 392
697 396
647 603
605 260
328 664
338 101
427 339
230 314
194 460
229 449
66 520
50 391
514 639
439 228
277 638
308 625
332 145
323 281
50 68
379 377
34 19
477 298
357 544
450 388
145 516
139 48
339 26
277 155
502 18
221 81
655 366
543 128
511 6
408 560
73 624
78 641
642 392
242 139
239 529
526 221
347 503
268 685
366 544
678 171
400 201
89 195
404 632
322 217
637 568
80 13
494 692
491 277
386 35
253 462
563 617
682 213
260 91
38 625
472 18
98 174
56 187
207 298
656 366
514 433
74 431
445 406
425 239
682 649
111 75
251 512
691 74
562 253
164 437
181 635
293 116
647 186
140 691
483 98
359 300
531 433
33 116
141 296
192 660
247 141
37 497
652 31
570 354
121 571
93 139
347 385
255 134
571 394
127 356
330 485
493 1
58 526
651 36
124 146
695 208
124 35
542 78
600 415
269 558
126 361
697 472
49 254
605 457
485 569
650 652
357 446
652 252
274 444
288 235
427 285
280 550
157 124
465 594
376 36
455 502
396 454
114 282
545 22
576 170
590 529
125 87
277 614
339 388
360 464
460 89
51 42
638 46
165 243
639 541
278 234
183 512
525 296
631 372
317 510
542 48
179 666
669 293
420 148
680 83
611 442
9 500
321 485
545 485
30 324
166 146
558 348
657 385
644 428
595 101
78 439
148 256
245 120
548 502
105 530
584 19
112 431
518 270
218 365
58 85
526 61
230 224
409 27
447 355
455 344
293 532
620 441
626 167
398 476
668 502
147 393
358 96
661 178
366 19
542 261
103 209
321 171
432 32
35 181
224 327
524 517
697 446
98 625
450 333
241 259
672 387
489 333
321 452
510 686
308 193
249 248
401 407
418 135
439 291
154 500
617 677
157 616
264 92
381 551
424 622
647 237
149 276
569 469
565 219
457 175
411 543
423 649
253 678
622 529
271 78
169 29
592 164
482 693
255 166
385 517
625 334
56 76
610 462
545 477
680 142
490 232
523 215
21 613
195 642
282 304
557 450
332 290
451 116
123 9
281 507
363 208
144 418
122 591
20 666
208 537
645 697
606 308
214 627
223 247
409 504
550 107
95 184
396 545
137 518
391 256
328 56
301 309
311 422
40 330
228 247
8 176
247 613
483 298
542 544
544 92
350 234
198 282
255 431
130 392
89 520
647 254
576 250
562 27
672 601
357 40
686 364
53 235
279 374
532 659
220 217
53 407
450 88
689 8
518 656
237 606
478 186
163 194
273 562
221 247
304 415
125 292
616 177
364 35
550 36
693 72
252 583
479 540
508 308
385 328
266 459
75 46
644 75
78 219
474 136
304 615
550 428
209 468
442 410
502 295
446 336
366 535
59 682
215 567
292 437
35 557
198 109
603 144
21 518
201 495
653 342
412 505
607 459
113 351
9 452
645 454
90 152
130 684
136 344
553 428
84 587
125 281
534 565
263 392
385 301
27 340
480 277
682 227
38 97
577 581
549 363
338 476
352 305
300 487
648 155
55 569
580 180
688 254
582 91
645 270
229 672
447 11
251 432
237 126
366 651
9 55
154 184
369 505
488 668
133 277
126 187
683 543
204 673
99 89
601 46
196 132
555 642
677 108
376 216
71 580
8 615
634 161
101 305
666 589
276 101
6 239
125 688
84 167
502 182
93 405
65 288
375 620
70 354
565 284
408 474
166 415
391 102
413 491
407 381
220 520
319 225
61 282
54 679
286 555
1 378
100 65
503 474
522 410
666 228
693 376
4 161
628 394
101 343
187 345
562 245
167 21
307 65
302 360
46 425
55 46
640 155
645 283
628 308
693 434
535 688
112 538
687 577
72 90
223 96
434 622
340 438
642 647
502 85
147 385
509 202
268 290
356 215
572 124
522 567
558 359
396 507
37 385
387 108
312 447
204 48
209 543
323 153
330 127
75 477
349 422
516 616
14 174
133 585
135 493
293 692
154 688
340 29
375 564
136 686
151 177
571 359
558 34
349 190
695 424
504 346
683 322
264 534
333 234
421 468
29 551
300 21
541 639
584 56
343 22
579 493
37 290
154 594
323 503
86 320
67 428
665 587
52 69
423 385
141 681
690 169
535 292
27 216
72 610
272 414
470 153
210 506
281 201
402 603
6 325
64 607
55 31
496 642
635 221
329 78
43 159
84 577
450 111
95 359
558 204
76 330
195 123
138 475
323 377
380 167
5 443
76 59
312 410
3 87
468 169
164 510
327 247
227 615
195 160
276 56
363 189
385 557
311 361
334 472
40 552
638 44
135 551
103 284
101 640
370 569
647 533
219 114
618 446
566 115
605 145
170 108
171 393
665 320
56 139
94 95
690 569
674 663
260 614
249 361
556 619
70 343
292 288
457 212
571 325
165 316
307 172
424 478
564 391
635 457
529 31
390 360
437 366
325 696
282 411
359 675
332 428
321 462
554 615
673 427
242 675
46 387
150 469
5 551
697 639
149 366
669 538
28 246
206 190
244 325
439 441
140 73
171 460
534 562
215 348
130 457
163 175
681 150
481 685
4 318
626 152
683 435
527 549
680 570
576 226
197 317
666 336
228 675
634 599
539 151
87 506
445 250
680 428
399 301
415 240
618 181
391 442
615 220
131 597
92 9
661 126
326 629
300 391
444 236
292 124
224 379
629 507
628 450
75 167
53 490
407 509
508 100
91 426
158 221
163 87
229 126
51 392
593 350
85 339
423 215
462 646
593 394
293 361
146 368
527 36
695 236
544 505
174 472
71 169
692 234
255 62
359 143
453 254
492 376
431 217
428 195
4 323
426 134
521 409
501 350
445 498
424 129
144 597
601 214
603 433
285 695
494 482
141 88
573 632
301 306
687 31
339 528
191 67
661 14
314 303
201 596
638 624
27 84
361 465
136 104
201 420
102 532
204 242
619 80
14 222
223 538
90 561
368 280
466 170
131 82
310 332
677 250
96 541
172 295
309 307
398 347
564 499
19 606
578 638
685 592
697 210
270 625
609 476
207 377
645 176
458 95
507 437
344 440
118 515
37 426
659 273
610 364
74 629
272 490
407 259
384 244
306 491
171 217
269 216
593 54
391 191
148 200
627 492
477 48
147 352
311 644
624 62
310 535
528 581
327 237
677 548
318 285
342 489
340 610
7 235
664 397
426 114
434 193
443 51
78 428
402 227
212 328
126 521
166 653
242 330
30 221
181 347
343 522
673 520
272 517
58 76
54 321
190 487
351 470
376 267
38 80
331 249
246 456
607 411
249 686
43 278
47 61
462 228
420 438
50 692
257 642
70 311
103 97
635 454
405 313
558 442
231 29
529 476
484 276
27 35
265 604
150 149
503 449
376 225
189 426
219 284
370 127
432 473
223 207
67 465
358 462
48 588
490 576
204 276
689 68
148 94
671 135
243 476
583 456
4 610
184 60
196 392
24 465
5 247
671 71
549 331
532 596
221 162
312 262
437 304
329 422
235 141
394 315
616 117
74 457
29 95
355 62
486 378
526 490
462 338
398 314
668 70
212 30
231 362
291 505
665 458
67 40
598 460
355 354
577 428
649 443
522 306
505 149
521 171
638 286
508 177
437 317
246 486
346 477
150 474
284 652
234 351
692 134
648 349
326 365
614 277
111 276
582 453
424 243
461 203
366 272
379 105
426 462
591 74
241 43
385 363
533 619
551 527
590 501
16 218
169 629
494 117
45 216
569 469
459 332
509 127
441 190
70 169
651 660
80 33
540 465
395 375
386 86
42 116
586 592
334 592
523 665
11 406
22 579
15 480
52 523
444 492
550 513
661 341
313 43
373 691
345 605
206 568
690 86
684 417
677 158
311 341
125 322
49 146
41 63
463 92
585 48
584 437
398 385
80 549
265 291
542 610
36 585
480 29
670 304
445 650
461 593
293 586
55 179
569 96
241 173
25 663
220 446
402 455
133 319
306 236
447 685
683 483
573 465
349 383
72 96
335 370
526 465
96 581
643 665
676 186
675 3
686 35
449 390
489 419
547 633
654 134
620 639
616 333
245 267
19 154
200 191
523 29
494 619
609 439
424 425
463 239
427 451
273 16
679 599
435 366
372 229
499 295
9 418
465 91
522 321
244 560
350 604
588 146
363 337
584 624
64 187
165 328
476 275
344 457
15 616
125 386
682 461
518 528
19 286
618 541
444 2
403 96
606 131
241 109
467 663
36 368
687 38
695 465
151 179
224 165
632 186
550 455
647 371
285 665
494 206
346 240
207 586
174 650
554 414
62 323
217 97
528 207
669 526
671 122
542 36
124 315
221 674
72 8
185 356
511 516
561 159
593 606
583 69
558 439
321 619
600 537
553 430
581 363
96 555
322 476
590 446
93 648
260 164
656 444
357 469
100 59
465 692
664 188
599 524
465 222
284 367
596 139
99 480
339 33
337 661
508 67
409 600
17 668
601 510
252 260
119 351
318 422
183 284
609 84
646 376
305 232
580 42
208 517
521 385
549 160
348 197
64 59
99 615
564 537
428 118
99 546
306 255
108 488
376 555
410 162
71 552
231 651
593 439
470 416
661 159
413 311
355 476
207 291
232 73
130 659
28 66
345 333
158 453
658 534
148 370
695 218
63 229
171 655
505 478
212 468
474 624
616 666
241 125
259 472
197 226
271 224
130 615
556 287
208 354
658 355
562 656
411 624
25 581
419 367
200 630
137 511
557 55
480 635
179 576
409 213
105 679
436 234
434 132
358 480
485 319
137 187
115 547
113 139
269 532
505 306
302 479
119 161
371 436
633 387
315 182
599 257
1 337
328 435
306 685
217 628
306 191
118 258
576 68
396 682
437 41
128 42
519 84
40 192
520 673
578 137
157 479
231 158
653 558
430 261
545 484
30 689
512 147
249 390
214 483
212 651
523 339
692 183
423 34
374 83
544 93
57 4
409 287
696 203
147 428
301 691
214 330
520 28
476 72
256 528
392 467
319 217
644 313
399 369
184 611
451 31
541 507
569 252
96 567
292 80
297 593
608 348
63 431
213 377
340 468
207 34
76 525
88 22
675 487
228 696
238 516
29 81
163 597
170 96
466 462
175 600
195 85
250 257
353 463
633 692
71 677
563 681
342 651
540 319
278 70
156 353
585 184
433 50
619 440
145 225
42 157
128 236
242 215
331 594
515 104
427 424
84 292
407 425
83 250
582 198
319 40
550 45
61 123
629 517
401 612
580 442
71 545
516 150
62 149
582 415
252 311
141 335
440 547
598 361
634 320
558 94
197 249
138 95
209 604
612 609
356 494
192 427
341 10
414 240
158 298
654 247
446 97
420 189
482 320
387 418
477 85
511 673
171 486
70 380
231 519
129 586
153 320
153 331
329 567
571 324
167 365
571 613
300 131
639 84
450 328
339 67
250 688
42 421
476 646
103 544
468 231
433 620
389 585
254 555
454 662
182 459
329 590
374 628
23 153
549 310
318 191
376 567
181 255
290 494
203 230
341 670
299 611
431 687
498 522
544 93
324 563
551 652
455 65
421 315
55 272
624 372
300 302
241 480
394 369
115 597
598 455
407 37
206 675
26 6
499 408
633 125
273 324
615 566
226 338
183 280
447 645
651 50
87 33
367 481
401 481
380 139
76 624
176 281
602 39
125 241
284 60
204 395
222 121
263 447
296 283
30 580
230 518
629 317
550 137
635 91
455 317
68 531
243 81
649 147
119 76
388 241
671 429
635 33
549 38
479 682
320 508
564 388
167 334
542 19
470 479
645 227
98 15
595 178
95 547
163 51
460 388
291 271
119 228
303 505
265 85
489 423
430 355
113 596
526 654
453 136
435 400
201 370
414 98
547 508
482 547
558 245
237 687
353 355
217 656
162 320
578 488
580 148
681 692
582 509
486 337
645 61
574 683
430 290
83 117
635 565
664 333
647 41
160 302
396 215
98 395
534 513
24 416
661 7
248 383
515 571
22 300
631 433
285 363
560 206
479 497
608 283
667 557
324 130
696 557
344 632
92 18
447 115
271 248
121 356
630 474
229 489
611 162
224 37
362 86
242 143
420 152
264 228
546 587
357 544
284 538
478 375
393 66
490 663
313 448
321 84
224 549
410 138
548 472
174 212
557 415
192 118
404 455
183 252
182 539
633 303
217 252
678 609
155 308
412 305
58 35
388 282
421 101
257 109
410 430
320 107
682 349
224 226
642 406
315 661
85 250
267 139
339 247
585 493
392 299
101 449
171 326
568 429
264 127
537 673
394 694
83 216
346 144
279 128
550 593
91 472
681 357
611 322
441 498
118 135
635 56
422 108
381 292
537 645
257 214
620 488
49 540
542 232
684 123
359 536
554 449
148 537
644 596
161 387
235 116
360 172
171 84
279 390
213 653
337 307
8 97
633 56
637 477
287 623
437 645
299 293
234 284
667 180
183 666
405 417
84 67
588 93
150 7
320 362
498 494
507 505
590 442
560 367
221 684
130 495
469 266
626 540
550 595
23 35
563 427
451 485
331 179
415 480
185 37
679 520
530 488
327 260
70 27
627 290
548 594
623 319
163 551
162 15
448 22
584 314
286 175
636 616
353 236
375 389
217 36
221 543
362 480
612 227
247 43
77 144
665 396
306 356
395 158
106 254
579 257
539 56
195 457
246 385
692 458
76 49
493 134
591 693
614 344
222 163
224 298
144 191
531 287
384 66
282 489
319 163
584 160
56 616
454 139
304 286
435 379
335 68
351 66
63 267
247 122
267 470
420 411
498 91
535 184
157 120
673 475
120 397
635 176
315 229
152 456
515 586
673 152
654 326
217 554
592 464
676 696
74 236
247 572
326 85
58 482
204 568
260 323
267 35
336 420
263 488
178 80
214 153
69 170
478 124
27 210
587 540
209 660
78 293
372 403
377 430
188 418
300 285
579 405
157 55
127 257
380 304
337 594
295 405
66 75
528 627
123 255
469 169
56 384
461 427
90 676
694 115
396 297
237 115
4 393
8 665
649 387
271 126
283 565
369 187
478 37
116 600
130 423
71 185
644 369
449 36
347 284
685 581
580 224
695 421
454 5
388 244
392 496
207 674
202 575
163 517
450 117
257 579
377 165
601 323
533 352
197 183
635 184
66 355
246 598
613 537
441 141
618 135
475 128
646 514
540 647
333 292
601 589
173 118
56 76
440 588
266 474
608 41
496 673
234 44
412 684
418 155
128 177
127 440
304 610
256 681
397 426
276 138
317 286
255 210
362 533
635 465
309 546
505 107
359 576
685 73
563 244
65 528
420 191
270 561
639 363
544 338
91 657
476 245
246 33
292 445
565 229
212 15
612 554
656 112
271 644
22 136
28 87
501 447
115 608
310 56
273 691
394 201
651 172
283 199
42 574
643 445
640 692
297 555
386 255
666 656
39 687
629 66
611 432
350 29
342 659
84 452
491 315
490 444
324 75
642 366
648 425
648 429
257 247
286 480
501 92
439 540
616 208
443 530
640 96
396 122
592 479
412 385
632 204
131 258
279 610
623 67
337 411
495 431
657 618
214 461
547 652
141 304
697 583
136 477
678 369
599 411
685 313
98 619
516 229
180 632
141 640
2 316
354 334
49 313
93 262
611 639
54 589
83 589
475 218
368 293
424 107
541 412
419 639
333 76
8 512
545 683
293 384
301 646
556 188
99 648
287 548
427 179
439 510
70 54
565 437
185 292
544 28
6 103
666 176
16 511
526 399
497 121
85 635
69 640
125 5
428 250
390 158
428 132
505 335
23 372
609 207
501 455
73 506
396 41
520 249
390 348
647 189
468 35
126 374
512 89
216 243
176 606
238 603
40 45
78 597
254 686
107 58
282 179
401 677
57 223
66 446
570 16
472 178
585 598
551 237
524 70
479 2
675 554
442 552
598 519
451 155
507 395
50 91
573 450
605 468
673 671
54 383
524 526
561 411
264 252
485 90
159 267
626 671
658 370
525 559
29 117
551 535
511 600
464 225
352 371
530 165
182 583
386 8
411 249
256 674
338 44
66 497
148 529
470 108
201 298
504 229
252 195
602 600
97 368
127 287
576 656
289 61
380 674
603 93
225 162
70 563
43 670
200 28
502 669
135 540
107 477
607 358
671 511
261 606
181 225
33 594
22 321
654 401
298 560
493 360
559 400
225 601
211 424
466 15
234 438
392 340
217 301
1 29
114 99
634 132
323 504
29 344
127 520
47 424
220 378
87 81
80 149
519 290
411 287
