960 3211
195 273
540 557
101 298
256 485
856 682
355 556
840 28
279 265
164 619
324 502
715 209
719 289
732 45
459 201
194 890
91 388
202 502
944 175
672 112
659 567
793 53
34 545
913 313
681 948
931 44
489 685
253 119
845 856
36 215
928 229
145 890
616 218
431 471
392 142
454 90
581 159
15 614
703 927
798 295
914 768
338 314
364 462
305 249
357 340
335 196
568 479
125 95
697 556
565 128
569 59
90 189
89 104
803 791
902 512
125 727
320 334
80 555
796 384
675 64
595 50
260 202
400 384
296 136
811 733
136 420
663 225
608 751
200 322
453 141
834 449
867 65
782 818
491 617
114 206
553 708
127 812
782 526
107 117
534 918
721 541
377 423
637 856
85 836
218 537
848 923
857 626
27 679
355 389
207 468
466 759
88 592
610 869
30 717
857 435
546 618
15 922
912 651
689 869
398 906
317 157
740 214
782 638
892 176
67 138
516 532
897 603
36 418
383 65
46 279
371 591
768 385
424 592
907 153
500 216
98 816
372 710
901 193
387 832
240 453
842 627
25 650
141 892
107 523
828 153
674 238
615 353
622 79
944 440
231 355
655 200
83 66
909 23
130 336
855 241
660 608
868 684
297 48
487 275
443 354
427 156
591 82
508 124
160 492
563 262
718 129
461 800
66 410
823 195
745 589
308 444
236 215
40 404
134 526
678 576
752 17
731 382
98 151
378 129
514 940
390 271
941 722
111 46
171 933
113 787
433 420
271 668
506 182
111 639
579 660
255 370
676 857
624 645
47 41
773 432
852 74
703 832
796 813
750 838
657 734
665 129
65 807
668 570
860 650
120 478
349 246
720 65
15 383
709 893
295 394
365 186
339 107
890 46
791 551
884 359
324 460
487 260
306 66
701 205
715 820
554 935
938 313
39 952
567 620
884 733
885 288
791 135
266 720
181 928
182 936
326 377
435 684
636 612
749 376
816 503
107 281
350 916
594 260
907 72
879 703
677 675
862 507
682 40
138 734
7 319
709 333
695 55
56 242
666 805
617 393
219 595
673 568
551 178
828 369
122 618
111 798
205 845
344 886
884 481
659 890
671 279
262 405
205 190
518 742
34 174
174 124
640 718
564 230
768 303
471 761
920 453
598 36
337 813
793 260
205 491
62 875
641 195
191 845
384 708
626 289
753 671
413 304
301 848
534 940
190 876
740 21
368 377
57 705
101 849
836 305
252 897
91 764
132 281
649 387
860 186
676 652
729 960
955 901
847 400
880 76
315 659
96 555
907 24
299 47
745 174
223 36
943 313
799 946
465 359
244 364
417 919
887 57
790 753
957 548
193 876
623 379
574 591
805 520
486 143
438 270
189 660
177 43
844 16
28 348
246 271
711 534
102 509
590 763
301 586
351 365
501 845
616 114
347 460
505 833
603 814
142 663
385 319
577 268
206 476
487 323
618 109
857 719
617 486
394 918
112 744
194 612
628 809
598 15
309 14
719 783
700 732
357 124
922 933
264 167
448 622
362 105
731 258
696 259
615 129
88 726
872 282
250 411
130 719
297 438
604 55
132 343
787 488
339 748
460 474
787 907
135 188
884 865
317 619
36 931
747 123
569 530
404 818
812 406
576 149
715 219
203 847
434 861
374 772
521 706
285 219
524 419
278 447
196 594
937 103
436 723
225 44
164 501
861 16
906 348
164 660
439 238
418 872
11 792
555 403
409 711
621 932
41 898
291 108
403 267
210 838
862 307
754 65
807 654
912 624
874 115
323 352
225 741
135 107
444 561
509 852
311 169
695 351
938 25
459 380
292 668
129 193
14 882
129 692
448 81
355 361
67 550
584 291
202 590
397 645
190 777
408 500
945 142
722 794
39 220
85 202
760 214
266 645
7 394
249 454
346 603
686 413
64 181
575 265
770 844
909 831
660 228
242 517
242 4
350 280
223 435
481 854
520 618
411 526
883 659
852 269
173 449
553 237
502 39
501 311
882 322
54 454
549 295
10 790
298 231
941 393
665 333
286 224
950 568
622 873
266 385
53 439
705 605
675 246
515 215
557 437
408 482
890 957
776 771
658 114
41 639
506 578
11 663
673 833
271 334
617 408
590 669
846 335
185 432
580 699
519 48
47 926
529 808
794 345
490 492
330 531
170 707
148 52
409 820
756 551
66 412
831 527
952 716
861 48
60 353
619 578
272 665
415 673
385 249
889 874
740 258
444 781
4 463
832 284
195 500
707 132
911 577
658 775
204 431
822 263
655 480
712 926
57 167
638 441
415 438
354 194
695 670
14 570
44 717
726 238
256 472
241 79
920 899
853 163
241 586
426 767
938 49
732 34
215 282
474 629
591 699
822 326
280 707
895 324
336 532
433 463
43 674
541 2
484 305
37 596
891 334
402 868
382 45
773 597
198 158
265 789
728 959
26 48
577 792
243 912
364 675
415 406
260 827
280 615
44 188
250 806
521 651
585 774
568 397
410 765
554 547
465 321
417 490
240 33
322 482
817 685
69 143
2 328
841 153
943 884
340 104
729 732
627 353
546 234
621 827
870 214
285 247
407 701
736 518
606 929
40 462
525 108
476 527
307 356
551 161
280 763
265 880
534 891
273 951
36 893
690 905
19 14
63 297
715 799
814 232
639 725
565 204
704 80
602 51
435 192
211 586
826 347
506 400
149 650
262 184
582 951
1 472
5 63
640 591
733 494
822 412
130 298
615 834
377 128
884 683
319 6
309 185
225 686
456 373
375 589
557 828
452 557
212 328
491 851
918 264
256 651
675 386
948 201
259 236
328 182
790 518
59 10
574 283
695 901
656 941
402 124
809 853
680 60
220 82
910 49
345 78
571 891
463 430
131 721
665 330
774 494
848 832
504 333
27 110
274 554
91 675
677 899
439 268
830 658
349 651
578 566
728 188
496 230
617 627
822 193
828 635
558 715
379 933
88 277
83 233
830 45
779 418
815 257
557 684
786 905
246 403
382 846
590 878
115 118
416 809
182 283
483 739
38 733
584 957
49 538
101 750
582 879
207 436
47 763
31 832
580 148
274 833
33 735
750 20
852 205
828 905
488 222
683 397
955 178
265 875
715 237
665 208
155 743
643 73
418 545
904 869
693 89
741 597
823 531
616 586
607 483
530 6
577 124
274 571
302 410
357 56
646 61
264 672
676 778
744 133
235 559
873 799
647 653
435 509
95 923
6 574
317 535
579 893
659 725
375 832
174 732
759 692
664 894
403 379
584 59
383 818
617 167
528 304
820 834
684 786
796 690
271 153
136 722
917 666
486 332
537 531
103 336
262 766
141 537
57 724
595 311
581 251
478 20
426 209
854 150
34 689
711 177
713 846
898 670
552 423
41 960
825 15
207 127
780 348
663 708
111 297
59 564
419 408
583 845
616 348
34 521
77 744
697 661
501 634
370 924
928 282
924 793
296 42
791 116
389 493
695 372
661 625
807 119
72 301
835 687
649 868
248 597
523 816
297 896
490 539
859 329
820 822
161 156
736 951
143 164
355 837
407 55
502 125
46 573
426 880
172 114
660 419
582 94
274 878
29 635
328 888
4 188
621 36
343 396
27 485
432 381
233 710
308 734
835 225
219 300
16 390
285 675
680 866
641 825
655 669
500 855
468 375
82 129
410 424
396 308
780 699
561 52
449 740
658 195
4 748
494 851
177 650
566 728
427 118
592 953
786 3
847 294
377 928
294 659
263 561
6 914
300 438
838 620
217 535
814 220
322 219
111 370
740 548
137 206
665 728
70 362
731 789
527 19
628 692
549 891
293 427
716 464
864 593
955 121
167 680
212 360
770 194
729 549
741 737
626 317
505 567
551 147
395 117
37 63
681 586
825 845
884 580
348 787
213 214
907 251
893 31
483 702
224 251
162 837
28 659
193 404
265 615
422 532
604 458
594 324
915 458
208 838
909 427
537 161
640 483
284 444
513 766
57 737
888 90
613 787
748 677
102 884
204 523
455 807
853 88
42 807
417 249
557 366
547 133
398 226
487 553
541 872
358 597
520 158
686 44
816 345
720 918
268 795
480 723
641 372
682 91
11 802
647 248
388 651
517 485
177 110
897 88
339 533
607 496
130 650
224 474
282 181
742 116
532 376
629 904
929 222
866 811
896 424
98 195
114 615
552 290
724 488
250 934
893 728
470 62
290 565
536 443
745 189
430 316
436 98
131 404
192 36
255 127
331 224
321 444
838 872
606 473
400 727
447 332
494 788
265 655
392 800
137 48
860 567
363 335
536 366
611 727
273 737
725 604
960 86
919 838
829 564
222 268
330 668
471 696
367 736
390 758
447 399
805 347
5 80
553 412
317 203
51 589
939 775
104 939
860 63
688 601
626 909
868 828
489 251
563 855
858 824
653 344
262 369
562 138
320 155
550 636
229 472
265 80
286 368
890 58
302 617
658 928
437 667
797 687
269 692
584 4
256 800
138 496
401 275
816 427
696 491
528 207
627 607
493 867
536 422
208 64
119 47
372 555
713 209
154 853
772 737
857 67
448 866
562 849
180 289
187 748
652 714
954 318
232 358
96 767
651 176
702 769
222 114
236 935
194 389
699 5
37 595
903 357
500 376
245 552
665 303
339 356
57 204
545 288
434 513
927 124
688 668
765 909
653 872
755 718
172 494
722 80
128 536
436 500
912 680
923 488
23 173
843 911
376 299
110 681
811 76
677 538
616 481
359 180
392 153
898 563
646 531
642 646
107 950
57 58
669 19
545 563
191 299
385 438
597 495
159 320
570 835
729 97
227 127
277 490
280 214
924 925
744 477
482 850
466 538
907 47
556 363
609 618
661 866
96 170
400 126
361 841
832 129
938 930
256 254
459 407
467 422
243 250
770 725
12 276
302 790
322 730
193 802
387 725
707 354
766 18
479 166
859 350
167 836
319 294
129 649
700 467
942 814
588 752
450 599
67 752
429 260
393 493
101 779
129 680
45 895
697 523
932 467
745 138
342 935
431 342
624 42
680 605
856 308
396 345
778 334
8 118
593 272
610 566
923 611
157 7
417 725
529 388
232 185
398 445
160 828
787 783
742 378
299 637
685 567
853 503
772 733
620 405
44 142
842 6
752 870
12 80
634 413
467 865
597 864
222 756
604 880
450 385
297 621
893 22
227 657
396 38
429 887
314 473
68 67
350 691
936 362
770 610
774 149
386 410
884 607
78 527
526 527
911 823
59 715
716 285
412 23
195 840
909 380
224 849
447 574
451 294
807 133
903 620
281 201
901 204
807 18
731 245
417 553
939 475
180 566
632 591
588 698
342 536
117 438
296 563
51 747
857 879
671 388
199 871
200 274
590 90
876 706
506 341
684 852
520 161
523 22
748 132
235 195
249 672
491 683
722 149
451 490
67 162
749 137
904 949
282 405
78 198
150 455
410 705
218 929
865 613
822 524
744 96
591 32
768 953
587 401
141 77
763 79
110 551
87 886
411 368
330 360
437 352
686 846
928 904
686 833
556 547
268 211
643 858
243 322
850 829
722 862
777 524
940 887
947 898
812 397
178 53
757 614
404 482
372 297
97 116
724 516
383 935
70 153
217 391
42 917
24 776
733 420
755 531
406 693
382 802
870 435
470 395
710 824
638 953
160 607
108 884
162 363
730 103
515 818
365 428
774 388
243 418
807 870
821 252
474 114
926 255
420 307
521 170
170 199
162 202
805 142
957 6
504 726
940 890
583 344
229 268
731 472
557 450
253 417
573 726
531 410
852 950
717 412
31 758
610 65
831 454
206 827
331 581
464 182
382 918
525 610
225 168
953 654
617 117
110 101
714 512
511 605
374 139
889 404
896 538
468 639
864 545
505 106
165 841
288 418
798 684
68 895
851 892
588 379
49 697
480 762
121 862
407 494
40 335
769 807
744 149
485 519
693 862
497 730
742 784
187 579
379 126
385 270
58 12
648 106
581 39
739 701
900 185
106 939
391 874
786 47
62 182
565 755
83 933
396 824
628 454
315 47
580 699
316 509
583 835
486 203
874 264
903 813
321 48
664 711
793 361
629 855
542 106
521 497
78 788
360 706
281 546
752 860
157 939
408 739
813 765
813 726
69 755
451 389
674 154
11 378
386 640
272 927
745 664
463 822
491 695
439 772
152 230
543 180
208 823
790 893
627 642
658 695
308 20
955 853
173 6
271 558
517 414
397 173
118 731
866 480
337 345
291 361
446 706
540 526
568 370
458 106
883 155
673 231
175 667
123 219
544 393
649 932
807 917
144 796
559 50
315 896
266 478
168 711
223 707
276 662
948 733
639 871
760 351
141 806
58 135
64 473
528 584
445 246
412 588
81 11
509 267
778 774
744 945
397 838
691 672
411 551
317 90
333 116
440 345
921 369
479 856
842 878
352 198
163 763
657 115
773 206
382 590
851 165
574 287
875 177
831 325
599 187
414 931
302 854
315 134
134 793
29 847
583 252
84 745
55 613
860 699
690 153
201 580
317 646
739 103
694 609
428 332
795 841
302 8
606 488
141 740
193 41
626 775
293 582
431 219
234 330
917 923
482 157
414 671
675 64
773 408
672 112
740 378
953 913
385 470
313 397
121 505
438 619
191 602
240 621
692 345
951 648
179 344
677 592
886 391
656 571
670 239
682 449
617 546
274 873
56 586
310 48
130 619
666 320
132 905
812 823
289 674
382 339
58 930
803 815
232 370
425 902
608 19
390 136
564 663
881 491
160 102
539 161
720 244
352 851
61 204
585 221
877 6
560 806
808 402
661 79
771 957
20 290
15 282
426 451
816 218
941 16
319 519
176 78
635 528
800 695
603 296
915 519
301 514
365 148
787 897
99 597
765 118
887 780
271 224
270 127
441 122
14 759
513 189
708 187
588 419
753 230
714 707
621 54
133 857
74 919
793 172
428 597
161 226
288 432
449 429
430 761
423 443
559 935
503 306
33 3
596 657
104 349
275 724
274 407
620 347
238 324
390 665
793 423
890 952
726 250
421 195
50 715
637 480
561 51
657 593
53 292
161 157
640 435
880 913
842 412
172 951
735 433
527 439
855 328
431 620
577 723
814 626
477 362
17 77
413 673
541 337
4 701
493 643
175 285
467 888
568 638
878 342
111 316
781 837
643 123
497 259
845 222
756 233
456 772
309 740
484 721
116 359
461 481
41 507
637 508
307 244
57 224
457 167
540 149
876 94
271 412
353 155
505 20
387 832
792 567
611 187
327 599
546 659
951 458
206 627
837 512
870 894
607 366
932 58
387 847
152 657
170 376
684 547
395 942
418 98
549 69
285 747
539 702
446 529
199 523
195 76
906 936
841 424
213 812
354 599
699 377
296 740
752 851
326 58
832 744
156 292
684 312
79 262
53 396
790 123
790 856
198 607
831 78
70 83
762 423
554 372
671 849
151 462
739 477
520 482
132 675
774 815
26 724
116 910
31 777
72 820
672 142
466 414
219 407
368 852
702 921
263 412
809 286
746 459
762 305
941 765
851 626
619 748
389 606
697 419
422 640
150 5
781 487
290 872
765 657
763 378
618 898
790 338
223 575
797 856
751 649
660 513
186 318
300 446
795 868
864 128
419 885
132 240
283 421
23 87
949 785
465 606
594 166
944 816
740 652
711 402
212 410
914 397
599 125
714 433
864 617
560 322
413 563
433 695
855 455
781 844
152 157
361 745
322 216
473 933
867 223
374 950
505 199
258 143
195 11
448 98
499 879
292 911
354 724
517 248
91 210
3 242
366 236
858 688
451 370
532 358
465 778
219 9
848 477
23 83
487 342
52 26
261 343
808 614
939 365
733 901
446 736
54 811
843 911
410 333
193 942
690 657
631 781
537 518
297 431
600 655
773 524
680 905
738 400
558 716
636 202
528 121
937 581
803 691
404 253
64 596
106 625
164 736
445 700
293 741
42 765
436 814
328 27
758 105
426 227
693 933
429 260
93 277
713 896
8 156
60 71
751 37
695 914
772 180
525 936
792 566
612 139
292 939
166 89
916 463
188 648
436 616
779 400
892 531
207 771
686 266
841 348
302 448
173 945
627 697
793 330
175 444
469 466
295 634
426 122
8 613
641 443
140 459
715 904
862 921
714 459
227 595
807 400
914 19
257 452
588 89
781 634
404 289
139 570
794 436
691 674
89 371
28 228
830 742
171 603
703 757
101 801
263 779
240 216
670 368
667 297
456 487
802 732
648 940
341 353
415 72
66 375
442 94
475 183
835 517
785 449
313 758
289 575
576 401
790 285
768 368
453 136
727 294
867 414
145 119
638 432
190 704
806 504
669 192
686 543
709 511
864 61
308 64
508 755
464 209
80 144
577 404
151 343
698 889
628 842
47 305
185 237
48 31
740 588
94 337
43 802
719 906
735 66
9 154
693 345
362 772
488 938
87 638
192 784
438 819
538 484
164 722
592 83
624 371
671 718
708 713
431 466
530 77
404 538
230 8
882 592
651 281
441 737
790 633
561 267
491 10
751 526
603 382
609 267
625 191
856 244
775 326
581 344
275 856
881 504
863 675
7 553
827 448
330 657
952 762
795 354
771 457
880 413
711 400
551 247
590 446
362 404
644 942
619 918
838 539
333 612
125 340
205 952
659 406
520 650
207 226
43 849
555 794
301 305
233 724
423 694
209 784
9 724
765 627
553 514
78 886
38 202
137 114
65 795
519 456
356 597
554 398
485 148
104 657
324 208
292 746
902 373
441 910
136 245
449 689
631 526
486 540
599 622
653 664
456 83
31 811
679 584
120 75
731 223
603 926
303 767
711 244
179 191
65 314
308 513
874 810
910 399
389 549
60 913
252 387
35 154
109 585
738 229
531 380
323 45
346 625
811 96
740 29
159 805
215 338
229 128
59 179
399 447
727 458
271 850
717 305
43 825
761 780
925 203
200 160
247 417
784 930
384 436
958 542
280 212
751 380
340 809
558 738
167 196
107 437
85 695
613 960
560 413
779 396
487 850
555 734
178 251
703 562
686 572
15 837
784 766
256 35
614 686
644 781
881 622
129 838
357 742
837 788
66 527
223 553
417 650
326 466
900 67
625 511
82 501
206 847
628 240
372 353
755 192
274 417
321 151
645 934
27 472
39 553
566 591
841 127
788 347
898 599
285 562
22 366
934 227
124 602
339 496
826 133
687 139
421 879
161 105
852 59
448 763
612 886
265 364
884 925
582 822
563 867
295 584
144 269
683 268
742 61
763 607
65 361
618 486
280 778
462 43
837 782
805 360
707 110
595 502
74 217
363 508
955 658
132 138
926 686
277 579
746 79
97 810
440 714
207 591
532 669
633 280
490 350
639 108
459 273
609 404
361 12
911 227
541 914
237 378
639 513
956 296
464 92
18 903
678 224
405 249
764 77
400 165
426 910
144 756
222 625
71 455
508 854
681 88
679 917
465 230
342 332
525 805
423 414
619 12
510 63
132 313
139 531
350 437
480 493
104 574
29 47
68 536
900 620
623 618
449 959
847 662
330 284
506 625
697 164
636 246
98 768
431 108
338 780
544 690
184 520
303 213
566 242
620 505
733 283
34 93
281 881
754 483
204 299
147 772
334 782
58 431
461 360
539 671
179 954
400 234
385 574
318 950
815 938
366 587
132 400
680 412
192 345
766 267
644 912
78 849
606 7
192 106
366 730
776 416
595 215
522 20
788 839
841 514
688 119
13 819
390 564
143 453
908 719
463 732
668 224
377 547
415 482
784 56
170 112
650 384
633 541
84 383
294 469
111 412
481 801
801 84
943 293
864 763
883 366
534 462
589 910
48 875
303 704
930 472
815 492
856 487
72 811
741 365
319 851
648 672
692 488
755 546
652 530
348 446
768 881
908 268
702 827
183 45
570 152
516 424
643 283
782 587
5 563
951 324
325 639
35 888
38 661
474 562
103 693
47 870
486 826
177 227
693 359
143 174
383 659
470 897
813 291
523 818
725 386
53 90
896 919
17 933
619 362
406 721
95 325
630 452
190 679
678 754
909 693
800 331
263 309
140 115
471 662
804 236
919 856
325 854
814 213
699 345
575 16
105 541
340 607
32 530
197 581
195 145
185 34
348 447
214 487
434 685
60 277
920 19
173 156
744 858
368 354
242 814
370 219
266 709
697 169
150 893
622 217
909 806
250 296
165 336
654 598
60 714
874 19
604 918
46 259
688 285
613 929
11 22
59 276
602 755
317 752
559 938
8 508
655 129
803 819
464 497
456 395
122 242
285 597
71 330
855 758
615 507
727 625
400 657
772 42
452 128
793 882
937 672
429 632
672 144
490 48
512 818
442 633
931 727
269 41
928 163
799 582
542 437
118 941
133 762
22 456
889 686
378 866
269 678
409 941
821 770
28 372
499 341
876 469
939 56
510 907
91 348
400 504
656 518
484 788
319 378
156 119
103 533
856 372
250 304
224 943
946 123
226 484
463 14
953 442
69 502
260 31
721 659
534 416
88 890
115 406
307 270
397 409
802 292
652 924
468 875
906 325
37 43
808 372
56 672
813 125
213 112
27 805
642 561
260 730
490 375
47 668
516 443
116 358
607 640
193 946
426 10
310 463
52 29
706 108
701 430
104 785
413 130
630 94
562 761
823 923
47 870
630 563
224 618
792 702
169 24
687 594
33 868
928 916
897 673
63 509
142 38
333 554
40 834
520 473
635 382
308 553
163 809
155 259
466 946
960 506
841 559
140 745
466 107
701 274
780 635
654 793
673 27
259 584
732 778
96 278
71 403
831 106
252 25
364 589
843 235
135 723
793 274
508 171
252 120
444 903
754 10
736 466
868 34
921 639
683 57
917 753
331 787
858 582
683 133
83 565
368 217
200 362
579 370
613 698
686 428
491 695
203 829
602 108
789 152
790 717
108 454
88 766
224 541
489 356
623 925
723 711
36 795
112 614
76 597
351 761
64 714
367 138
582 840
117 282
32 778
39 139
271 126
905 366
666 305
722 201
141 356
911 177
62 895
662 138
403 885
770 338
638 177
347 131
888 463
412 919
280 450
98 422
447 874
788 25
90 421
225 102
648 175
278 710
941 812
719 383
736 528
592 413
576 938
415 504
440 826
334 719
188 303
53 634
88 840
658 177
172 882
279 819
929 428
440 781
151 70
204 886
470 667
210 85
645 624
460 124
490 666
715 677
8 767
222 96
518 880
144 561
673 422
419 513
722 731
334 872
800 409
670 309
115 879
266 759
415 597
755 904
302 381
492 310
59 713
277 576
504 420
176 217
714 466
729 347
108 102
258 908
510 799
128 497
718 265
295 172
862 921
947 75
341 350
256 399
934 532
14 478
824 61
566 577
399 334
923 506
308 92
325 689
763 325
225 392
589 392
435 362
352 421
437 693
642 564
131 615
8 17
132 831
909 697
319 219
903 153
597 122
116 921
810 878
157 907
309 746
338 743
19 561
75 327
293 716
891 296
371 898
312 374
768 132
943 126
351 885
278 947
46 393
779 727
183 936
673 491
593 882
146 611
483 220
938 775
808 740
942 90
677 293
463 356
297 317
353 519
241 630
505 158
894 195
885 948
42 469
479 634
391 624
157 745
715 6
559 562
745 413
651 333
577 26
688 873
342 80
431 455
581 807
612 386
42 408
374 83
749 724
589 179
259 617
795 13
494 393
447 278
677 137
610 294
162 209
206 376
288 509
830 868
355 353
165 268
761 538
223 549
301 811
599 431
339 433
444 832
697 890
21 414
898 502
707 932
710 784
347 37
332 216
776 687
568 940
826 240
390 88
660 562
770 298
33 148
602 348
851 339
277 871
624 86
412 370
57 161
65 275
69 397
362 716
955 802
568 820
81 957
908 613
430 717
910 462
737 424
809 627
762 957
538 297
915 821
666 11
854 602
158 922
38 519
550 32
360 157
724 313
25 671
925 454
299 746
788 907
209 508
574 842
377 23
178 331
715 213
608 357
370 570
394 889
159 298
160 187
61 344
211 603
180 664
901 926
491 848
174 39
333 56
415 227
105 745
941 820
829 589
216 239
70 481
39 228
778 70
414 838
414 496
480 593
199 293
430 562
52 476
600 384
403 886
610 507
542 590
366 410
218 581
520 159
934 558
386 751
500 671
501 913
206 852
417 277
184 847
838 235
362 477
490 764
274 139
310 815
601 548
264 690
40 784
849 13
253 146
636 752
689 176
576 894
67 33
82 123
751 919
357 24
307 847
659 580
857 840
306 497
427 442
99 339
137 947
351 389
132 26
53 820
73 628
626 140
532 707
262 194
538 490
217 844
248 875
336 145
627 641
513 93
954 483
303 130
469 654
519 473
551 571
204 624
110 701
635 514
320 896
707 857
297 924
612 545
710 819
561 248
500 945
213 493
468 515
495 808
80 53
192 631
495 268
166 476
8 800
29 327
607 736
95 775
571 707
231 192
565 791
440 936
648 652
341 27
206 835
706 158
759 898
788 165
205 825
640 84
536 669
411 54
316 377
828 758
123 99
949 560
761 300
535 448
823 747
474 901
621 92
98 291
29 757
455 105
621 135
188 196
675 470
249 862
719 948
659 841
86 519
312 847
819 719
206 553
505 552
493 38
643 590
200 671
386 655
647 878
661 706
945 375
88 105
148 806
93 806
558 50
364 742
896 94
500 14
647 876
565 51
785 247
641 25
789 898
551 475
688 251
92 544
497 179
649 644
856 613
489 326
662 724
107 470
690 478
483 248
393 87
298 90
333 810
114 33
620 664
507 347
786 470
890 322
521 450
5 416
102 365
613 764
960 719
145 689
236 627
936 501
585 274
590 789
123 575
821 742
150 239
960 935
708 762
296 268
251 172
556 353
408 80
28 407
799 172
136 906
670 943
318 294
128 779
122 123
393 814
736 542
92 736
516 799
537 683
939 659
854 406
883 301
485 910
708 195
953 715
13 534
697 202
827 697
21 820
819 413
673 594
955 764
369 382
475 777
105 325
476 958
730 270
171 126
220 878
193 84
504 77
618 112
278 484
808 298
216 666
711 760
300 577
564 540
958 910
229 102
274 576
100 875
845 270
872 936
59 104
60 434
180 677
545 330
72 265
627 159
930 377
919 141
953 394
553 951
343 653
924 488
268 63
274 24
204 57
960 134
33 891
567 84
479 24
413 550
288 80
709 129
328 539
142 321
932 566
183 186
130 146
673 269
81 818
292 156
874 163
290 778
93 728
862 571
623 314
33 782
393 613
783 593
191 796
913 34
273 7
219 402
24 763
670 936
492 1
132 277
36 293
95 960
892 956
443 555
309 475
376 574
959 70
78 61
865 862
94 177
868 184
578 763
818 159
739 349
32 870
625 67
202 591
66 133
586 380
559 767
726 807
252 724
876 329
656 653
230 621
829 9
804 319
771 533
477 549
753 508
330 290
446 531
880 384
536 506
763 134
184 529
940 307
292 728
635 820
420 736
480 160
616 196
350 426
728 699
847 521
118 216
810 564
619 729
947 66
146 749
71 201
189 51
507 353
650 53
212 941
788 691
140 315
886 362
741 526
100 499
86 217
714 767
780 244
535 638
309 553
299 380
753 487
302 300
839 823
224 90
803 884
653 942
238 450
343 18
15 314
516 100
531 142
866 350
257 313
860 566
737 198
817 529
684 30
700 435
852 924
396 694
847 88
547 956
538 762
14 552
115 401
524 645
414 301
867 671
613 766
148 389
835 836
790 558
865 401
864 756
364 300
361 122
387 907
118 924
708 3
388 695
275 783
379 561
123 157
143 608
794 162
868 668
37 697
138 773
138 41
568 373
340 928
367 727
746 356
562 366
358 821
100 504
643 350
104 766
507 118
285 212
279 192
880 315
761 57
127 770
929 566
182 309
405 420
907 191
775 380
556 172
241 527
548 755
876 523
432 294
641 716
506 919
780 425
146 580
353 144
389 193
710 442
501 26
862 319
216 676
699 643
720 811
81 307
605 957
829 909
290 509
664 667
340 483
131 485
934 355
628 362
548 249
804 920
275 577
279 362
292 849
45 883
571 125
229 87
953 930
35 155
350 571
821 689
925 824
85 899
90 713
300 509
1 15
469 147
591 619
509 755
379 425
677 949
421 778
75 414
619 942
568 8
552 300
569 516
163 653
326 253
277 498
761 150
512 141
296 15
631 804
641 49
268 229
869 689
46 816
14 536
797 581
544 260
752 24
647 915
676 13
79 953
510 711
142 893
852 309
779 394
153 459
443 420
560 223
20 477
78 33
53 746
485 596
45 277
491 692
103 206
576 181
70 957
763 83
889 526
392 580
920 416
78 402
707 637
496 727
26 574
631 78
359 156
545 404
304 75
7 406
152 454
458 222
450 132
176 250
658 439
829 617
854 779
890 601
327 425
239 352
38 869
429 269
896 13
544 239
87 550
516 239
875 845
332 364
17 379
613 674
818 354
202 711
172 131
223 498
427 333
850 465
114 190
605 881
203 188
32 161
609 547
271 523
304 474
886 320
853 410
865 710
635 106
332 806
108 427
216 534
759 105
