910 3424
844 524
795 368
381 876
739 669
164 891
101 807
305 398
908 127
130 764
618 274
41 519
32 818
25 447
872 656
813 383
391 746
907 147
204 249
112 814
8 148
794 890
826 60
250 696
186 251
549 803
524 590
284 427
369 180
873 202
707 775
585 188
483 453
334 558
701 318
461 580
337 216
560 252
276 681
819 333
21 458
226 416
9 381
843 377
560 805
451 357
542 125
416 114
577 621
671 367
28 93
819 236
308 468
360 455
238 268
788 130
597 885
545 477
355 477
726 4
244 266
232 785
390 647
770 838
358 402
166 257
494 74
365 673
413 724
218 522
863 877
651 550
851 286
898 295
634 713
170 749
68 402
495 329
10 354
256 367
755 294
496 210
367 860
755 780
673 844
391 625
810 132
136 750
289 124
6 794
836 47
633 776
448 217
66 458
571 322
696 287
487 281
369 853
102 213
594 774
146 75
361 45
78 368
666 238
363 543
121 161
589 753
26 127
842 91
456 502
284 241
660 770
394 118
585 495
330 268
231 475
214 463
391 291
830 146
400 283
560 393
443 239
235 340
237 38
302 564
539 458
676 161
317 159
150 773
526 480
131 756
826 344
308 179
507 99
196 906
381 756
388 695
84 495
906 192
532 298
755 33
755 520
65 33
551 214
806 166
565 26
11 481
241 190
531 747
288 726
615 541
571 874
325 526
330 321
717 734
490 433
766 334
43 702
366 465
5 133
630 442
158 512
794 399
701 414
107 78
229 593
490 800
557 815
415 886
97 94
709 458
526 436
791 440
99 118
904 886
251 623
417 280
96 300
550 796
713 657
746 31
211 325
702 767
101 79
615 69
172 285
526 569
593 278
881 691
268 874
666 518
459 172
669 554
343 309
440 145
837 147
48 137
343 621
776 444
699 352
384 742
636 910
273 318
149 243
881 416
78 508
805 536
552 564
180 894
872 491
1 670
637 830
806 69
540 543
384 201
894 768
814 620
639 176
809 659
290 779
165 368
377 59
903 800
622 44
783 455
406 783
214 4
702 892
855 204
524 328
404 508
57 307
217 567
355 897
316 516
638 352
883 886
282 748
775 776
663 647
320 159
392 406
162 183
387 106
386 910
306 661
379 234
840 595
801 284
454 78
671 181
301 644
156 582
353 20
447 105
538 767
263 19
134 297
202 520
402 459
391 579
210 770
813 139
326 575
294 779
524 54
49 824
569 76
495 11
95 814
116 505
542 250
523 675
546 596
284 820
145 546
360 226
405 262
236 731
708 529
471 193
454 392
106 113
467 473
905 434
376 892
28 7
232 550
553 649
236 836
430 252
343 790
349 748
13 584
440 721
74 910
3 527
391 891
511 858
325 378
253 700
359 280
578 462
701 220
201 808
17 630
21 359
381 369
68 394
42 507
76 115
507 860
514 769
840 114
588 254
491 840
825 850
209 364
273 782
455 473
679 471
65 700
702 317
158 769
710 72
238 785
186 744
607 699
602 408
685 280
534 265
81 448
76 290
684 221
33 228
693 583
571 629
372 234
36 402
92 617
473 201
364 530
34 60
319 508
467 875
659 90
101 739
410 177
900 183
269 804
282 833
477 724
552 848
47 459
211 11
165 555
211 400
175 117
459 493
624 798
329 244
887 429
854 386
477 716
440 745
609 594
668 175
407 309
895 454
639 195
464 675
622 546
165 796
662 623
250 247
510 578
490 359
96 434
616 573
111 18
407 719
611 164
894 107
344 878
560 854
34 895
619 655
531 783
412 154
367 661
401 749
328 890
69 296
285 684
868 395
701 364
76 401
400 59
380 615
808 811
559 713
796 267
330 288
11 741
441 249
492 713
87 691
565 27
76 849
711 33
206 373
269 281
646 668
211 115
244 108
15 802
692 682
158 111
841 40
852 244
289 433
46 247
85 610
274 161
421 856
193 626
190 333
778 835
872 78
821 206
57 708
97 748
479 127
731 282
166 672
525 454
66 570
573 150
142 718
310 562
663 375
149 852
579 16
649 541
875 559
746 803
356 842
512 707
840 332
78 96
93 602
421 30
133 83
180 274
800 361
707 424
607 855
238 276
870 886
816 706
534 523
598 762
326 200
558 256
403 507
351 368
198 643
397 202
598 448
348 359
681 144
783 377
89 110
524 830
867 301
626 362
823 185
213 239
256 642
366 659
238 588
898 307
320 384
381 789
832 728
238 602
871 892
850 49
873 464
751 829
636 466
280 549
522 365
659 650
878 114
398 206
573 385
384 892
640 764
771 433
453 880
124 286
861 846
206 823
271 46
741 906
383 892
544 905
218 164
644 186
149 3
263 721
259 518
575 898
244 307
421 696
276 416
71 226
223 277
10 493
322 750
489 577
603 904
571 821
30 176
96 178
50 230
899 308
747 435
167 80
741 459
648 106
747 718
203 59
866 212
552 150
833 2
726 397
777 386
307 806
433 274
74 482
375 844
789 212
368 827
163 198
376 810
175 212
618 249
142 573
460 565
722 254
566 537
650 305
794 829
200 316
192 145
669 439
860 419
650 189
336 812
258 711
712 432
794 291
680 25
735 101
590 419
354 117
827 876
293 711
794 493
898 857
509 529
385 331
37 906
519 372
808 777
44 481
298 709
771 850
606 467
40 157
885 266
273 802
231 438
474 114
802 333
842 400
861 317
730 898
312 211
231 81
77 275
561 246
855 293
185 550
760 97
706 606
362 69
497 592
378 842
577 269
265 508
668 215
824 360
74 98
570 305
178 646
451 611
763 395
903 38
35 624
134 740
320 367
680 816
830 147
748 496
415 884
875 45
188 661
276 134
758 845
310 807
452 760
507 304
116 500
213 150
213 346
762 532
584 403
310 503
550 19
870 836
902 835
752 51
585 117
184 304
51 493
200 374
214 579
678 330
40 762
351 252
70 202
656 653
477 837
246 898
855 77
823 846
1 665
896 457
781 42
632 704
406 704
167 620
372 716
821 411
568 261
534 637
335 279
251 811
205 368
798 21
445 582
866 317
208 724
774 79
765 367
654 132
160 692
751 531
498 533
813 27
794 437
535 90
587 657
900 664
115 659
684 559
330 512
747 410
197 610
488 833
67 103
54 98
794 677
501 253
299 403
151 182
711 557
143 260
304 4
795 290
662 440
720 864
823 556
363 109
256 722
31 194
696 85
163 579
761 663
704 149
28 726
203 610
373 345
741 676
349 497
55 882
27 774
707 849
291 31
830 418
624 860
611 409
34 646
860 666
270 525
815 297
340 889
779 712
195 609
349 415
196 275
387 94
10 55
814 301
86 733
718 581
683 291
80 588
26 811
344 295
425 120
464 764
880 204
438 164
684 786
579 751
23 837
844 32
763 748
204 720
442 794
391 214
174 342
674 71
242 107
237 666
98 572
391 67
775 828
102 549
576 552
389 598
478 195
501 203
814 577
12 345
460 402
431 633
743 194
575 856
172 811
483 141
345 874
79 209
663 180
629 200
732 890
669 171
46 260
373 859
836 257
165 385
658 595
889 363
660 553
180 703
325 663
843 669
498 793
750 122
63 468
322 666
447 80
708 364
211 43
312 8
299 477
264 828
33 242
152 565
666 332
357 81
866 162
621 325
44 460
446 888
800 639
643 208
591 313
572 801
355 883
681 525
321 34
314 226
148 466
790 813
669 236
765 496
269 476
820 313
807 355
290 696
866 805
904 546
79 565
308 305
409 78
829 730
112 232
45 259
569 834
33 327
31 798
822 300
235 603
484 3
830 645
699 785
411 692
420 489
218 599
793 626
677 711
445 660
815 361
790 473
156 822
672 187
581 455
358 687
148 713
690 67
447 350
851 858
3 232
308 220
830 191
845 468
773 252
89 677
612 878
112 640
662 783
826 204
199 145
891 346
729 542
412 137
891 224
866 765
327 264
74 119
454 790
586 188
3 675
737 487
514 848
216 265
592 3
469 790
147 321
226 747
862 509
883 714
605 839
568 21
192 513
139 517
392 597
576 395
361 402
753 746
339 58
101 802
60 441
682 78
761 779
824 584
249 796
387 853
596 826
874 659
300 884
137 691
570 713
47 802
204 799
638 543
728 610
434 787
140 77
864 900
855 649
573 66
407 831
8 92
618 753
623 7
727 759
569 258
561 488
150 765
248 787
269 66
486 574
852 497
651 678
486 467
416 20
532 822
722 412
786 429
254 498
307 852
346 875
200 907
452 221
633 572
97 901
637 454
564 450
40 176
217 397
643 505
288 136
416 99
547 163
399 673
660 705
614 878
541 685
874 83
905 468
526 873
458 252
288 893
701 199
159 790
595 801
384 882
808 671
852 445
834 340
207 455
6 692
422 547
339 257
501 333
596 116
168 143
239 455
908 29
654 28
690 210
700 35
54 597
706 905
131 501
207 209
827 212
773 211
758 201
467 220
405 153
335 572
167 573
899 36
474 514
63 253
723 762
160 776
321 865
643 451
327 721
532 115
22 394
325 652
594 792
871 88
816 168
532 854
612 520
890 175
123 824
300 717
548 459
583 868
285 187
280 483
907 811
597 800
294 12
541 887
675 374
847 452
413 468
395 114
859 246
289 71
32 460
787 579
8 331
536 292
389 815
774 385
716 332
147 881
343 559
858 107
22 794
558 306
223 825
420 171
160 580
113 191
129 771
641 8
64 138
299 452
825 34
709 502
365 855
472 580
503 419
686 397
174 206
702 396
120 211
438 151
662 550
214 790
411 854
797 474
864 57
797 778
872 595
369 199
411 840
778 4
221 425
400 266
630 63
662 621
146 61
772 807
611 75
687 893
800 445
456 625
502 214
492 463
809 732
661 309
662 400
184 754
825 455
109 544
518 642
255 663
703 898
559 275
844 207
257 733
652 584
448 115
797 811
577 567
633 200
748 256
471 21
881 385
476 79
801 865
593 17
617 385
4 137
531 847
344 787
541 867
332 860
71 218
633 519
657 355
590 494
482 151
514 452
535 861
402 297
815 84
313 393
340 316
530 870
124 745
746 537
701 39
358 643
257 80
251 785
306 841
368 787
863 753
200 487
576 602
784 480
685 58
873 115
246 364
856 241
198 692
777 770
730 225
502 858
176 624
732 354
426 61
230 378
686 302
865 351
903 610
830 549
539 664
535 784
117 481
115 186
134 891
45 735
77 418
683 125
132 376
478 557
309 579
25 84
880 761
306 744
460 225
255 870
761 789
744 749
359 858
25 492
710 69
317 659
487 871
783 490
208 222
136 388
800 160
471 642
10 776
347 341
873 601
301 595
480 134
433 710
863 457
292 662
398 480
282 756
312 154
335 391
247 470
779 137
502 211
650 383
859 86
724 693
687 896
377 128
901 809
837 725
228 90
476 497
441 630
342 624
655 548
105 902
889 883
910 480
55 649
863 3
606 548
695 382
405 161
381 395
842 308
209 31
397 556
527 710
275 740
423 20
249 527
793 227
371 792
579 426
530 531
428 97
40 85
479 444
245 859
838 48
128 8
78 397
563 476
196 710
177 618
601 425
235 483
524 477
236 192
902 765
594 292
733 505
376 301
38 492
122 747
540 121
754 489
517 278
837 712
859 885
292 549
272 526
903 795
874 228
858 866
864 541
247 687
7 494
859 44
75 852
662 486
63 377
847 451
526 773
253 475
619 544
895 890
31 760
774 904
77 593
731 813
95 849
461 101
432 409
16 379
223 677
864 285
143 672
735 669
534 859
105 115
364 89
94 266
848 740
132 797
422 862
699 517
673 249
489 194
529 505
444 751
271 270
907 286
31 604
44 437
552 148
551 788
108 644
143 46
473 274
714 767
98 374
245 770
622 733
835 112
199 369
735 470
638 731
755 668
424 670
194 848
689 744
725 796
350 739
713 822
885 516
550 72
889 794
841 472
489 637
456 687
95 280
118 732
100 744
362 524
503 427
333 281
261 19
167 610
757 879
393 731
357 815
674 335
698 476
679 148
203 224
835 297
503 42
901 602
786 224
87 250
650 291
531 782
309 569
353 28
409 618
758 637
522 394
62 181
869 612
329 161
835 253
330 299
166 192
772 823
287 731
163 26
111 565
680 292
223 122
319 503
611 38
230 222
431 163
403 390
774 731
422 570
855 623
868 110
686 601
805 62
421 57
870 404
621 511
695 715
504 885
307 205
12 536
426 443
570 828
704 433
520 87
874 464
582 703
446 357
394 340
291 686
268 122
179 888
632 745
692 225
719 870
301 603
368 727
7 27
516 710
460 126
668 295
461 339
88 778
568 481
79 730
128 346
723 179
323 316
795 886
412 604
718 713
168 175
529 174
201 134
755 532
131 384
827 592
595 4
331 252
356 410
853 483
755 665
533 40
70 418
797 481
893 604
283 150
778 683
323 69
817 39
600 819
422 388
372 106
391 703
229 618
202 171
63 828
707 595
867 648
102 626
219 866
319 373
105 187
146 299
127 834
337 598
614 759
76 864
338 778
55 46
851 225
108 640
22 574
469 541
676 184
759 631
502 94
608 560
111 906
558 816
205 118
519 53
193 594
788 402
333 842
447 145
29 426
785 832
90 343
462 637
526 183
357 899
276 836
421 258
704 68
163 908
57 553
832 249
237 581
651 441
513 59
586 413
485 460
334 574
802 667
300 417
849 528
277 86
326 697
343 119
637 377
116 693
20 37
814 128
489 426
568 91
484 243
375 840
574 580
375 465
337 546
753 275
36 120
233 361
688 447
479 286
824 466
69 715
374 754
714 862
269 371
825 624
486 289
426 149
869 800
486 167
308 328
441 343
319 545
703 879
82 143
254 777
480 194
453 853
37 256
676 177
498 590
673 855
751 188
876 581
859 451
747 256
650 149
598 59
694 262
27 647
404 152
513 755
346 55
697 382
182 463
431 551
14 193
496 764
380 461
306 328
1 142
456 650
163 143
580 856
277 478
464 552
630 66
397 65
902 183
318 45
517 748
595 531
30 180
256 281
512 562
481 512
575 26
124 737
40 703
554 316
271 889
868 772
826 226
836 817
280 115
733 797
735 418
289 764
469 416
7 71
849 487
454 386
512 577
84 423
242 510
739 384
488 568
245 404
665 42
182 34
156 787
702 890
294 862
616 634
368 494
704 178
70 120
563 453
696 519
875 809
118 575
282 605
104 526
880 768
439 24
802 595
810 465
446 193
417 23
698 656
516 364
833 457
483 358
909 268
876 746
167 83
282 320
559 386
846 529
115 374
552 6
840 323
343 248
515 759
142 174
504 658
537 426
76 109
655 857
249 620
564 287
702 845
606 351
320 413
751 435
659 264
312 588
586 654
707 62
374 849
235 877
468 644
265 543
752 9
361 90
629 14
376 292
859 854
514 140
356 354
446 104
489 758
564 36
373 360
97 747
170 204
585 637
847 849
142 560
858 502
522 448
516 769
739 464
712 343
603 158
568 139
133 19
768 568
54 230
18 23
848 187
98 523
696 816
333 837
465 280
428 858
599 33
717 300
368 518
642 61
547 171
71 552
61 710
209 115
811 226
9 749
285 888
233 70
793 565
778 219
717 295
167 405
200 883
704 567
362 307
499 781
350 441
422 410
240 630
396 141
728 276
761 102
253 83
43 7
647 692
226 453
858 264
730 147
108 395
586 469
702 174
339 13
487 632
422 726
352 690
866 169
55 716
142 308
670 56
314 407
747 411
731 694
674 422
713 653
817 388
84 480
433 422
492 9
144 3
735 367
692 562
535 619
240 548
16 909
603 201
277 311
612 880
94 247
391 806
900 297
155 73
776 588
366 357
596 381
232 292
747 795
726 243
503 55
790 390
835 354
463 202
664 36
171 630
282 561
397 143
730 552
87 467
229 325
696 577
17 860
286 683
675 528
148 601
280 409
525 505
871 598
259 906
640 760
150 163
246 164
892 797
251 320
897 447
105 555
113 903
504 398
676 140
798 695
612 39
193 98
543 26
696 801
21 297
522 42
459 768
206 312
526 328
632 513
774 608
29 758
601 404
118 238
543 787
22 116
825 214
213 457
111 908
220 132
167 741
173 625
598 250
809 86
577 530
470 440
227 498
160 699
901 277
26 405
153 47
520 849
133 732
395 243
602 486
246 768
317 419
354 786
668 252
871 207
653 430
518 880
799 677
668 789
825 694
155 849
612 546
787 744
240 144
859 841
629 194
570 35
484 795
693 114
137 525
320 789
827 837
630 715
604 260
466 390
825 492
329 526
128 77
232 367
220 180
169 849
373 610
755 857
494 409
60 502
24 251
381 722
177 882
526 652
231 863
132 145
445 332
543 444
408 774
810 628
825 850
438 287
421 282
105 4
563 36
506 586
286 758
397 335
729 794
76 832
619 207
66 25
538 480
468 818
215 239
407 129
50 844
288 470
87 392
473 649
300 850
196 457
569 464
791 388
348 867
181 838
163 118
862 573
598 419
352 812
529 758
31 578
563 318
137 649
581 481
260 880
421 455
427 861
791 179
210 100
135 390
27 170
508 888
614 67
268 55
878 796
684 780
463 336
187 471
856 640
41 77
481 333
532 779
284 412
48 493
383 182
755 409
351 352
258 836
418 525
890 257
282 535
127 616
870 185
176 688
824 216
764 395
421 257
263 576
540 310
158 12
364 784
292 714
225 549
640 514
163 491
771 444
116 769
149 857
43 324
506 867
412 232
223 704
360 357
369 900
539 398
783 902
272 165
577 496
713 306
882 748
669 614
281 656
472 302
474 514
497 70
342 780
301 436
573 660
793 31
521 421
429 266
412 700
430 78
157 104
256 128
851 796
613 94
541 174
267 886
560 763
45 901
505 217
427 167
749 181
70 231
473 498
496 756
159 797
705 315
901 50
315 713
717 17
678 219
63 34
195 622
669 111
612 263
200 910
429 38
52 370
140 524
867 636
369 115
394 164
302 384
85 488
59 674
376 736
892 438
770 48
149 528
159 633
662 358
504 52
267 556
422 406
41 378
3 282
365 397
445 538
652 401
897 710
164 362
408 18
800 267
65 820
666 95
542 289
452 136
340 590
563 761
86 603
101 870
884 337
356 290
874 98
691 860
679 726
183 176
615 72
314 680
892 851
646 395
229 60
530 569
649 182
291 606
657 391
566 502
599 793
792 434
762 444
383 531
131 438
578 746
509 764
387 362
576 122
757 805
181 248
335 702
302 497
397 48
760 834
549 448
589 302
882 440
745 226
842 748
663 382
583 134
235 841
495 810
834 213
576 105
461 782
678 762
241 36
809 90
870 319
537 548
493 380
859 327
478 791
36 230
262 490
235 368
420 730
139 344
32 587
320 492
458 87
215 698
904 113
659 863
304 158
372 796
537 193
84 886
73 120
206 481
440 573
901 131
583 206
35 259
525 526
717 483
741 376
476 725
907 301
900 154
544 785
562 736
741 538
680 732
743 885
302 144
419 292
147 92
369 181
350 765
578 28
209 408
276 685
95 272
857 84
425 362
741 76
188 443
613 739
264 317
714 437
333 94
729 479
185 59
531 535
824 198
434 122
606 709
678 572
70 496
527 366
858 229
442 7
671 16
745 806
205 420
333 409
514 23
759 570
81 379
66 776
576 500
898 143
298 665
714 240
251 203
605 70
431 8
76 64
806 692
741 882
202 163
380 587
57 228
246 138
478 312
3 143
683 772
158 852
399 871
181 521
35 658
590 338
665 537
273 432
318 103
403 391
266 782
67 322
881 185
331 320
368 206
463 140
849 620
81 337
452 134
857 359
791 408
696 417
34 58
849 224
32 213
614 297
85 681
491 837
865 693
247 322
770 581
333 709
162 285
135 485
418 864
715 170
233 372
459 267
429 269
490 461
481 193
629 437
745 81
236 571
646 354
764 505
24 186
303 57
471 310
413 760
135 218
20 367
589 478
505 890
746 84
312 188
149 812
625 765
893 860
426 628
303 279
94 198
337 269
126 679
578 538
528 712
627 547
40 178
896 545
29 603
500 340
791 648
113 505
503 877
326 800
466 628
40 560
697 248
828 822
16 367
321 544
40 820
52 79
87 38
623 897
512 85
198 392
732 310
768 196
277 55
867 742
682 779
263 340
116 180
251 132
546 572
675 457
353 726
536 439
635 120
425 237
204 622
500 808
803 358
875 169
412 832
783 56
700 135
267 815
315 518
818 732
51 582
279 403
270 686
713 904
677 99
230 881
720 730
650 484
49 614
653 332
407 525
387 68
659 526
755 845
133 662
667 55
206 817
329 475
464 131
468 230
101 698
200 692
389 721
265 437
297 7
768 703
403 117
643 24
642 487
868 646
110 496
700 315
274 900
789 737
902 347
57 92
6 128
783 266
849 137
702 235
16 431
809 418
547 413
441 150
771 271
795 881
766 456
157 130
445 818
866 308
126 794
399 131
12 271
396 860
280 59
56 295
489 736
712 908
111 115
147 881
385 32
723 112
359 752
241 676
659 69
73 784
862 472
786 873
614 271
694 893
201 621
277 689
319 861
558 429
65 705
271 321
608 866
432 56
707 673
603 455
613 676
328 564
109 203
399 722
345 54
577 545
675 853
195 865
803 625
255 739
419 525
149 898
352 581
825 148
215 518
602 827
155 801
352 263
93 622
856 309
676 522
725 312
465 792
266 229
506 520
840 796
6 860
783 358
402 697
505 616
176 69
404 330
869 628
592 834
339 538
104 886
21 829
287 485
582 552
586 177
33 387
62 39
336 716
396 738
502 772
315 678
840 591
879 671
180 561
466 518
60 569
494 862
359 780
437 30
294 894
78 326
370 139
364 577
854 631
404 318
365 591
867 166
271 835
836 450
357 263
839 288
704 294
240 152
36 548
54 329
403 131
526 772
142 762
438 867
482 714
146 718
394 102
884 536
809 681
857 127
34 785
415 737
41 526
760 76
163 813
276 565
816 673
298 47
524 607
785 878
282 21
685 547
904 658
172 802
429 900
19 334
647 305
32 687
830 791
634 864
566 781
390 343
543 559
389 157
255 135
906 409
155 680
45 149
300 89
822 600
78 840
23 724
234 54
372 25
716 95
888 243
875 367
585 508
15 845
536 142
70 531
422 96
300 466
244 471
426 156
160 504
867 182
189 63
107 561
87 823
527 65
155 492
303 612
871 190
546 496
203 487
898 624
583 159
51 698
630 477
725 789
852 682
61 130
744 167
562 702
861 51
638 888
542 31
461 374
92 96
741 294
583 728
789 127
886 839
824 605
405 639
484 218
282 416
220 897
454 781
688 277
831 416
254 334
318 714
707 409
681 409
574 225
226 452
351 74
252 265
678 529
775 123
746 146
538 55
132 864
708 819
230 500
324 355
706 513
158 374
11 710
783 456
25 98
779 375
43 121
511 721
521 375
715 228
520 215
155 523
168 734
432 397
323 627
751 118
230 780
364 112
579 236
568 475
205 308
722 248
300 194
840 820
569 644
138 50
858 164
573 115
897 876
383 309
464 223
299 565
874 662
549 415
769 78
889 63
385 572
182 685
766 111
594 296
627 603
345 574
766 789
561 752
626 815
23 180
910 193
616 873
854 254
377 712
331 228
646 716
799 828
490 654
28 45
39 526
520 256
62 375
6 494
89 632
398 893
683 397
175 388
360 118
642 608
701 62
835 436
649 724
225 228
339 125
145 250
650 664
377 711
910 382
294 870
103 692
852 785
50 116
263 409
233 776
889 805
837 813
331 576
498 427
675 837
551 691
48 291
444 424
873 316
805 129
275 780
692 217
654 741
332 788
112 437
653 90
331 452
902 533
899 490
50 663
288 600
316 335
762 631
758 597
36 524
725 311
393 506
527 9
336 730
796 447
256 411
408 587
862 400
209 850
761 130
474 138
602 661
472 453
382 191
11 417
586 735
727 851
330 215
859 538
817 616
856 162
116 354
748 849
753 829
660 603
48 96
612 521
756 45
64 227
107 856
644 692
681 332
632 882
419 452
509 325
30 455
358 17
808 68
866 522
896 487
86 815
582 697
426 428
741 361
526 847
306 131
500 858
463 94
830 753
545 428
39 446
754 396
463 523
463 418
134 320
776 91
97 448
787 522
747 617
754 362
425 21
493 15
879 827
108 670
541 524
59 579
60 813
846 522
297 271
811 303
590 676
393 686
85 270
169 831
758 794
155 145
815 519
159 655
307 138
414 719
533 344
387 592
246 194
75 415
464 757
717 16
395 199
701 479
340 742
272 60
625 298
76 401
688 234
17 84
243 302
802 647
646 150
201 763
215 275
267 679
904 855
694 388
16 356
738 355
59 881
286 556
140 361
828 827
466 845
782 580
108 545
317 625
566 517
478 781
663 616
421 656
433 76
5 448
303 615
802 362
457 50
789 597
282 706
385 748
512 257
417 620
673 605
206 329
211 555
71 874
133 363
491 565
438 368
102 612
72 775
845 528
824 723
86 196
519 471
815 120
599 193
611 361
798 817
561 98
333 631
843 465
83 296
119 392
663 220
94 734
85 28
223 780
623 181
65 231
651 751
222 211
34 833
443 703
611 94
672 33
596 605
498 551
900 616
814 652
708 779
347 792
679 441
661 391
621 598
621 233
438 842
443 343
636 886
135 336
851 807
241 536
373 610
48 234
187 862
757 894
730 65
647 498
505 398
888 216
867 470
448 266
402 763
609 909
610 615
207 550
383 447
47 755
18 877
860 204
828 578
188 647
642 834
107 237
193 866
324 149
426 643
415 699
495 895
697 66
599 903
615 72
311 534
698 328
500 520
532 289
187 591
807 829
514 3
27 579
869 350
727 256
864 103
44 449
87 740
514 558
733 91
629 5
496 288
333 867
679 864
245 866
544 141
656 19
16 554
597 756
903 286
101 728
388 144
138 475
883 524
122 577
614 622
582 71
781 786
27 550
739 143
377 244
155 122
262 170
675 731
15 539
106 897
228 493
130 366
839 885
889 832
423 464
543 876
534 286
751 432
707 451
446 45
694 600
38 828
770 584
648 656
212 753
643 311
335 644
676 264
618 654
185 3
79 600
878 612
757 719
5 425
131 450
469 825
12 506
614 653
179 351
270 262
193 2
572 399
518 338
534 225
863 719
227 32
280 67
515 908
657 392
422 787
713 890
573 724
485 276
466 663
626 736
14 690
609 585
179 216
794 712
313 747
392 411
650 671
477 254
668 95
645 51
882 448
30 544
133 514
692 599
266 407
296 151
187 904
608 237
82 491
38 394
199 430
676 848
62 243
192 602
209 708
652 180
117 682
596 250
157 377
848 295
655 233
445 713
98 142
39 179
505 77
444 703
378 210
641 311
324 704
2 532
373 526
584 490
169 269
739 197
517 548
491 261
652 808
64 749
821 884
800 415
832 333
80 299
414 720
610 737
385 483
231 757
880 814
336 138
44 36
335 432
583 697
564 196
594 499
817 377
473 706
791 394
910 870
565 286
551 136
894 807
618 214
654 588
899 861
597 814
769 803
207 313
590 771
509 145
359 415
521 703
82 402
59 863
233 623
238 656
758 222
424 337
435 167
796 296
900 355
71 630
247 278
32 708
138 412
853 368
698 463
161 651
736 91
604 841
713 841
458 432
152 881
768 459
10 526
626 909
880 696
500 216
63 531
14 72
815 738
440 602
290 472
343 898
562 818
828 364
748 375
667 772
345 524
192 226
11 689
224 890
474 595
68 409
88 81
480 902
818 791
465 69
352 679
56 785
586 883
238 296
219 776
29 436
262 92
661 272
780 757
252 215
441 319
495 528
271 847
391 50
727 728
118 41
496 46
825 44
800 25
211 891
800 239
416 151
202 166
423 853
794 546
29 197
736 396
596 878
332 77
17 20
676 6
60 261
51 757
176 723
781 386
703 670
496 208
693 697
245 77
511 1
494 540
197 319
25 792
286 228
740 174
247 505
179 638
102 25
813 696
805 289
488 436
656 567
90 315
683 166
825 683
659 454
751 849
350 505
96 577
334 269
696 711
320 874
438 293
898 340
78 664
500 437
189 118
93 279
432 647
316 346
292 847
672 132
657 111
508 753
560 842
111 345
514 302
308 41
594 167
252 671
830 624
69 890
741 161
258 262
680 446
607 61
254 368
64 910
351 572
752 910
375 735
216 888
126 395
800 592
561 141
352 636
421 331
466 453
461 727
94 906
296 154
249 535
90 248
885 533
872 756
907 696
61 756
693 327
517 374
759 529
598 200
255 890
531 720
304 863
409 398
858 576
551 68
200 512
187 175
134 148
802 2
715 735
757 370
151 235
743 910
764 302
71 108
281 601
699 585
425 69
72 372
644 494
311 716
96 498
890 101
517 653
103 322
477 731
563 628
56 395
499 819
569 798
849 132
458 395
556 527
338 800
132 704
200 847
799 697
698 899
176 441
873 497
7 694
21 506
749 415
94 529
73 535
416 794
666 873
150 183
361 488
72 493
281 272
429 41
840 89
811 105
529 774
473 407
429 493
3 267
780 878
667 724
374 44
607 129
788 757
312 239
206 255
603 486
526 121
398 328
81 298
432 609
161 905
106 589
359 890
727 228
729 355
42 193
398 520
193 276
366 376
386 443
631 78
18 118
70 415
445 151
585 749
631 617
743 608
168 191
587 766
291 278
211 332
470 608
851 534
755 179
910 230
621 630
179 511
619 121
797 154
271 471
902 901
50 606
599 217
668 147
72 48
424 282
251 765
762 192
389 606
242 260
708 734
761 758
334 469
878 93
494 110
435 357
101 484
52 571
700 592
589 644
511 885
797 762
611 648
825 89
216 156
220 795
889 70
642 185
539 610
277 122
591 583
351 563
157 274
95 728
865 684
461 338
530 348
189 230
867 885
191 172
2 410
56 762
480 570
818 108
141 184
101 731
639 451
384 795
597 478
484 551
123 817
760 652
126 38
882 82
794 162
126 795
571 53
519 140
622 426
119 634
482 92
455 210
414 710
876 100
149 449
523 272
355 372
13 352
282 766
434 37
17 431
832 460
483 312
471 67
737 462
700 308
553 116
389 838
825 354
810 846
803 422
207 119
665 91
343 36
857 648
73 745
168 776
294 522
49 637
588 785
188 250
55 612
365 443
539 152
669 438
87 433
731 293
423 486
255 765
393 201
502 337
818 669
74 73
281 122
709 740
907 768
79 833
469 444
237 880
595 905
407 553
427 100
845 850
457 61
704 849
134 296
148 41
836 221
113 78
343 694
818 211
551 896
133 892
301 369
861 767
236 357
409 662
328 215
473 784
276 267
595 409
434 742
321 231
52 305
309 266
88 476
511 73
480 492
246 721
442 102
46 670
383 579
88 469
142 743
744 280
427 114
585 258
306 815
182 611
85 447
570 172
795 170
117 364
533 362
174 846
335 91
606 589
670 565
148 811
397 763
52 696
877 636
43 144
412 96
754 497
543 414
540 299
455 656
662 78
889 836
13 186
798 490
774 557
144 11
329 413
774 380
198 612
887 112
755 261
80 471
757 494
756 258
792 300
4 543
249 764
340 134
39 228
495 813
