356 2901
47 347
187 168
350 8
165 271
331 354
305 94
224 121
135 175
22 250
324 277
227 339
185 252
6 213
141 8
195 137
116 242
127 146
253 120
153 62
234 328
59 182
265 126
146 244
300 12
137 111
288 7
93 116
103 298
173 87
306 11
223 65
96 349
55 349
313 207
54 190
22 312
216 287
81 5
174 224
216 310
178 148
161 271
107 263
56 123
349 5
334 216
270 73
52 324
65 8
18 318
198 40
117 257
170 197
105 343
264 321
140 286
112 300
44 62
50 99
185 43
104 162
102 217
78 153
184 143
161 45
304 202
284 65
102 97
105 206
283 213
170 67
142 125
210 185
31 260
283 59
302 230
64 47
90 141
199 117
283 203
6 75
48 289
139 349
30 243
199 312
99 212
222 84
181 76
268 55
179 195
113 124
268 176
14 202
316 56
162 87
103 167
161 150
100 143
143 329
29 185
128 328
240 350
55 264
269 323
318 91
5 74
58 116
249 271
317 53
170 123
139 272
289 143
266 232
285 252
204 313
80 176
128 163
13 183
71 125
349 32
215 197
106 116
312 198
230 117
250 43
239 232
315 15
18 224
247 302
119 294
103 42
313 230
204 325
256 274
93 92
150 151
132 255
266 88
296 339
204 190
26 286
65 184
300 283
51 34
228 13
172 330
254 128
48 301
97 147
219 33
239 212
184 14
110 293
301 249
276 348
282 301
277 191
128 65
117 22
98 344
234 113
162 131
241 209
75 181
199 137
213 81
348 240
295 301
177 83
38 296
75 319
240 195
153 211
103 113
76 201
101 153
157 106
127 41
158 45
65 356
26 278
281 17
161 219
162 181
145 199
120 219
5 203
258 2
257 4
114 176
48 214
328 205
163 98
89 320
343 154
320 12
275 244
228 279
306 33
104 94
75 67
157 280
114 258
281 14
261 38
190 153
96 5
201 258
303 289
66 289
286 229
300 204
116 15
127 265
248 74
2 166
340 2
89 97
259 213
111 8
251 144
160 190
148 4
291 294
292 356
226 66
228 13
269 187
28 239
95 275
156 297
284 140
142 17
236 45
229 190
52 323
333 211
156 325
58 291
262 193
134 332
258 206
188 171
236 59
253 331
177 53
115 105
192 256
121 71
144 193
105 195
160 81
249 159
249 306
93 155
343 71
330 244
276 161
258 155
64 155
329 240
51 287
344 242
187 308
156 330
145 104
13 148
185 261
306 77
55 243
75 241
313 248
128 76
253 230
74 316
228 47
199 278
177 31
7 338
6 181
326 110
37 117
138 297
67 58
195 153
333 79
109 224
51 28
320 124
101 279
351 347
322 116
168 352
322 18
177 171
42 147
280 78
263 261
219 173
319 57
325 139
336 277
6 230
304 170
197 249
92 191
239 57
150 250
252 315
112 73
129 153
63 253
231 325
157 93
142 319
349 110
101 172
31 307
245 178
120 85
70 55
119 153
312 112
46 207
70 157
123 199
154 185
95 228
354 95
320 139
58 156
92 2
172 322
152 60
144 115
345 213
170 107
9 125
219 255
175 132
255 142
330 52
170 268
279 167
7 86
149 264
86 241
109 257
206 261
316 349
219 148
50 32
255 258
356 317
156 19
292 255
160 266
150 329
21 273
140 227
2 132
134 287
16 87
187 66
191 347
258 53
138 151
285 236
53 284
40 208
302 332
306 305
85 100
278 105
16 261
332 217
36 309
148 252
239 178
317 73
168 62
126 150
213 54
29 265
181 269
316 127
244 266
75 328
209 196
276 224
100 95
284 336
248 275
231 130
97 35
47 108
296 172
257 152
69 130
260 249
42 220
219 129
329 138
300 25
177 63
92 121
158 19
100 49
294 174
22 234
208 68
341 147
83 242
143 351
215 46
88 100
109 306
228 281
287 171
305 108
233 40
72 234
259 171
126 40
344 148
273 39
59 257
29 142
342 171
136 200
61 223
299 169
17 14
294 147
28 242
98 261
126 169
338 28
339 108
67 170
99 339
52 1
83 81
342 69
251 122
112 155
188 255
324 48
268 261
39 296
346 136
44 115
305 25
342 131
332 252
145 274
78 196
275 161
276 260
73 15
225 184
169 257
282 336
304 194
84 342
333 274
322 20
232 114
244 218
88 220
313 232
137 35
272 255
195 35
3 111
249 227
294 62
127 64
241 275
257 169
104 233
86 69
96 161
182 339
222 270
202 179
345 183
213 104
281 251
139 283
5 31
154 142
292 124
205 21
42 305
189 346
181 118
58 120
278 84
103 144
197 148
322 29
174 22
133 99
272 271
25 276
145 22
261 81
346 110
101 231
58 133
220 83
250 278
202 15
205 304
2 45
296 323
73 113
344 205
211 103
319 80
22 108
301 283
32 290
236 132
165 137
108 28
219 201
149 265
215 197
56 217
241 351
27 158
108 215
206 162
317 13
85 183
120 30
309 351
319 32
126 327
168 77
199 31
277 191
139 335
32 194
195 116
189 66
273 140
280 323
301 84
335 30
110 298
259 62
292 65
93 261
36 261
337 234
135 101
68 117
79 299
310 118
59 342
183 331
325 306
141 114
233 119
343 260
245 48
195 309
341 299
188 89
123 265
67 223
177 183
302 119
336 263
177 166
289 352
134 82
136 91
314 99
77 300
2 165
192 41
118 20
183 149
108 306
58 18
172 234
44 317
352 223
67 17
32 355
12 10
80 147
100 38
89 21
181 91
185 216
331 146
235 157
295 186
106 352
203 122
73 90
282 268
313 349
284 188
191 139
41 271
130 341
152 218
5 332
308 33
192 126
179 270
127 117
100 232
312 146
197 228
80 123
139 36
315 267
67 149
49 308
263 178
292 58
40 140
234 191
172 269
161 194
182 287
154 125
6 109
115 203
180 194
169 319
229 127
73 139
119 121
90 26
143 225
283 26
8 160
60 24
272 220
217 298
150 15
66 156
323 180
202 147
217 14
309 89
340 25
72 302
345 161
327 131
30 98
356 237
101 60
260 17
279 321
158 73
179 67
72 345
91 273
335 307
286 287
240 113
155 311
58 144
315 29
118 188
326 118
69 70
177 172
86 99
336 87
15 158
154 86
347 244
2 325
194 131
256 77
243 54
231 301
41 190
173 159
21 142
120 289
211 296
105 141
238 284
227 97
286 224
182 276
311 28
244 149
158 343
69 245
241 144
189 281
333 205
283 197
346 46
130 44
341 78
28 67
5 99
163 290
322 188
53 277
59 297
269 61
127 181
305 11
324 137
136 144
341 62
341 174
108 114
217 292
35 89
202 239
187 8
173 152
40 69
272 98
209 184
158 336
209 306
190 176
86 325
320 270
231 148
287 338
105 348
117 139
80 319
21 266
170 37
261 209
106 177
151 158
204 152
137 56
102 171
76 31
139 39
145 13
186 75
194 290
266 311
272 345
273 292
98 286
173 3
139 122
23 133
279 226
128 60
126 229
74 201
104 212
83 248
69 268
166 106
45 76
260 160
264 20
95 6
306 111
208 288
232 74
64 155
143 35
58 268
264 131
112 211
186 38
102 98
305 111
204 193
30 107
352 294
127 291
143 276
245 194
207 121
267 114
119 53
148 176
321 255
150 276
109 335
314 210
77 106
165 124
143 194
74 338
131 200
116 273
119 5
310 169
125 220
282 243
273 74
262 81
328 55
356 81
233 157
134 309
263 298
276 49
136 350
230 110
37 346
227 356
350 180
168 318
44 94
48 160
11 309
240 182
207 83
106 83
240 236
146 25
155 38
4 148
267 114
185 100
184 93
7 195
54 250
288 301
53 142
97 136
324 303
219 73
30 102
156 109
91 25
263 328
28 255
82 341
283 182
168 310
274 19
148 172
112 280
316 165
65 57
144 232
3 6
149 232
307 304
340 241
172 91
212 200
345 294
28 115
319 196
68 80
58 59
95 169
338 55
177 247
111 321
122 313
170 114
189 121
62 16
5 233
106 61
276 294
198 304
252 160
343 319
239 44
22 334
56 203
32 233
93 342
197 59
298 10
172 130
330 77
346 179
154 295
239 73
77 80
220 328
239 206
291 321
93 156
298 149
202 173
225 295
158 265
197 300
274 12
273 92
289 262
270 86
201 352
2 277
75 222
92 157
271 226
121 208
25 263
200 71
79 68
9 81
332 49
224 93
260 140
28 192
46 297
277 90
136 279
210 344
301 210
102 171
331 309
39 81
152 109
3 63
317 83
38 209
306 331
113 290
2 304
179 143
225 112
278 347
321 332
334 109
185 79
123 3
232 6
83 27
314 86
290 119
12 171
327 162
145 83
95 147
31 273
133 99
28 54
89 192
29 266
144 58
188 111
60 63
116 343
290 73
72 223
191 83
37 6
244 182
88 182
172 318
298 148
60 169
201 348
4 74
257 348
331 89
102 234
351 217
220 284
133 291
150 324
218 31
329 305
212 260
131 227
222 72
218 125
241 262
117 88
179 217
79 153
149 180
31 144
240 250
71 17
185 65
184 46
95 356
194 150
259 324
220 324
240 81
93 124
342 53
55 165
269 134
161 262
157 191
49 41
85 319
257 113
27 284
2 321
283 195
114 29
7 177
197 246
257 289
13 87
185 67
251 97
44 55
202 45
90 250
285 18
57 185
130 283
112 331
248 238
13 205
110 19
226 306
264 126
82 120
212 266
31 306
207 74
205 52
318 294
146 246
311 202
74 284
328 29
102 63
110 114
268 220
333 137
169 240
106 251
204 162
160 234
111 210
151 159
262 113
96 51
202 250
96 276
177 67
148 278
130 258
36 241
121 12
221 133
95 170
227 142
331 231
219 286
84 214
288 189
170 28
83 15
277 178
290 298
89 282
219 62
183 98
146 147
309 210
123 248
23 350
33 198
68 252
327 151
109 258
340 278
129 66
292 250
88 70
191 176
195 253
81 221
351 226
11 147
279 333
38 145
170 271
342 237
10 156
32 118
258 215
239 30
124 18
279 211
287 113
230 125
210 310
345 204
23 199
194 301
20 232
90 189
346 275
70 355
275 301
316 176
159 198
205 282
59 328
337 190
284 210
314 137
8 147
184 30
345 22
175 8
97 108
41 86
226 110
284 144
254 243
163 256
284 212
25 186
183 5
19 310
215 333
91 222
323 274
95 311
139 113
163 235
220 47
164 290
356 91
277 253
333 84
152 104
295 176
290 321
25 308
274 239
128 208
304 94
126 242
49 264
355 55
343 62
301 150
351 300
241 116
196 61
199 191
165 337
210 98
145 234
49 62
316 177
270 263
270 239
149 162
346 347
60 332
52 204
126 247
147 210
6 186
270 48
220 78
228 74
19 16
307 268
277 111
288 190
17 201
272 9
207 262
355 110
237 251
314 206
341 304
59 346
134 329
237 353
250 108
70 269
323 221
180 243
175 111
277 191
155 192
44 205
297 242
159 178
336 316
227 320
263 286
153 40
102 33
237 351
340 306
107 306
14 130
193 188
84 113
223 239
148 110
287 89
195 89
110 175
48 336
338 155
109 135
194 210
11 74
49 351
224 155
144 81
285 180
113 12
292 179
94 284
132 225
16 326
313 125
144 205
104 126
3 213
104 40
266 114
314 308
181 113
296 105
241 119
217 96
255 239
34 182
14 258
197 340
58 165
327 262
112 296
108 168
43 348
78 1
305 35
308 129
347 91
233 75
210 294
171 108
176 204
133 190
105 173
173 162
337 343
268 292
283 219
104 325
210 25
325 158
259 121
130 250
211 207
168 264
144 338
215 163
29 347
196 333
163 212
339 343
199 94
279 125
312 226
93 10
250 262
11 152
226 141
245 280
347 57
188 334
238 246
340 267
237 180
87 243
35 69
74 233
6 196
201 318
65 138
171 314
43 181
109 112
321 198
35 155
254 66
332 335
312 160
89 192
339 176
278 217
88 351
294 94
190 138
255 98
275 69
55 161
249 8
272 58
205 307
56 302
16 232
280 327
35 13
6 17
188 128
77 119
322 14
212 156
152 110
97 270
22 152
75 115
3 346
172 207
140 71
352 156
302 275
326 336
131 176
196 318
303 117
281 268
130 136
267 125
90 8
39 111
159 113
225 161
302 240
211 86
311 206
85 100
324 54
280 99
229 319
260 175
79 184
287 209
164 197
333 253
204 215
7 206
327 76
210 273
315 264
202 113
113 286
213 281
339 136
23 56
98 126
74 177
310 4
229 117
45 49
213 248
264 219
298 78
138 151
194 97
259 39
209 215
324 265
139 151
44 5
50 342
131 123
6 284
327 234
244 15
126 100
106 33
162 247
311 300
242 148
240 144
187 292
2 354
201 141
148 244
345 197
73 119
164 78
246 134
155 133
348 281
76 97
157 238
188 111
25 73
103 264
216 289
199 217
130 243
201 278
131 190
318 203
152 125
125 42
102 279
174 93
47 250
34 48
331 221
2 199
293 104
106 352
236 148
212 10
35 257
131 9
90 92
55 241
61 23
282 162
146 300
255 36
37 132
83 11
352 285
209 132
232 158
327 312
149 182
321 27
282 295
235 15
230 134
100 290
156 225
96 301
168 194
337 204
169 263
58 8
191 110
139 67
111 109
22 104
134 186
330 260
124 209
274 353
342 217
131 341
86 70
286 253
263 266
301 75
16 202
82 207
156 64
117 110
16 138
213 349
167 31
252 134
239 14
330 68
230 104
52 315
173 181
56 279
290 200
353 306
45 278
156 44
185 116
154 200
253 210
37 263
240 288
40 322
301 13
233 175
317 129
333 133
309 32
56 243
231 252
192 120
18 191
7 202
306 160
246 46
214 282
308 97
57 191
263 202
47 139
20 7
267 196
140 64
228 39
306 302
290 341
265 151
175 272
353 324
275 86
13 132
211 164
73 267
198 335
112 244
317 331
95 72
15 234
135 86
116 84
31 249
68 140
44 86
55 240
53 329
169 265
305 23
272 21
133 113
199 89
200 159
63 294
74 277
15 208
6 130
135 37
23 46
20 266
131 274
149 27
246 317
135 38
183 50
58 315
162 100
47 6
103 310
299 176
230 314
228 236
287 6
116 153
52 135
62 26
52 54
253 141
214 31
23 40
81 80
355 86
24 245
91 126
198 234
145 272
35 16
351 321
22 110
118 273
88 23
142 339
77 38
123 290
269 145
174 349
69 172
278 292
260 213
61 302
90 205
217 324
65 211
132 286
164 93
202 251
116 187
233 36
69 199
169 337
188 342
173 256
157 94
35 261
150 95
206 239
143 66
50 51
120 182
336 283
118 25
21 233
212 97
112 124
295 281
104 126
266 120
225 267
57 259
171 207
197 20
289 184
285 183
234 48
8 214
174 125
238 38
202 293
134 313
60 272
237 7
242 147
326 110
57 27
213 71
77 253
90 209
80 218
35 158
109 42
215 282
11 296
163 56
233 296
212 136
55 93
143 296
83 312
250 339
338 106
53 258
202 342
111 126
203 145
283 311
31 141
80 241
80 242
296 156
25 351
292 79
87 278
219 13
77 112
195 59
61 91
160 262
76 270
31 122
259 157
76 289
141 355
17 65
84 312
220 108
306 355
31 237
120 249
93 197
204 288
99 264
222 258
169 298
16 44
263 274
200 339
50 341
181 66
249 265
221 112
16 14
311 246
250 274
338 187
314 185
318 56
292 183
158 105
324 17
148 231
290 191
57 183
19 237
248 267
345 112
223 205
125 21
94 219
294 276
49 96
304 210
351 240
236 152
188 204
12 179
278 145
13 178
327 32
258 218
142 247
329 8
95 298
228 32
160 166
307 52
261 99
105 99
338 340
251 169
31 106
347 152
251 203
329 221
78 75
283 220
321 99
71 259
40 299
290 43
308 85
94 56
183 42
154 164
26 248
176 256
354 10
52 92
212 24
312 134
98 238
197 262
181 267
164 220
53 298
263 4
26 200
259 208
242 57
215 111
148 34
10 345
243 61
80 98
285 36
75 226
117 271
132 297
26 139
5 78
80 111
282 105
310 184
156 39
84 14
349 76
247 3
64 133
263 144
75 35
23 149
261 339
64 236
124 89
18 128
10 98
238 291
46 35
319 202
74 246
59 266
321 306
268 29
282 19
16 356
53 38
149 313
20 56
36 143
144 54
270 153
351 288
240 30
250 285
303 339
344 212
304 137
324 176
62 342
191 262
238 228
54 39
91 309
74 234
296 327
347 292
321 186
223 49
215 316
333 5
299 164
60 90
300 227
265 206
212 99
111 294
170 8
332 260
316 49
137 255
20 328
34 184
157 257
232 215
60 209
63 2
16 122
91 160
349 355
9 48
297 319
185 110
326 160
14 129
53 350
227 72
165 260
99 321
4 331
23 64
27 85
265 242
207 356
245 43
198 253
290 339
59 119
92 228
122 305
200 174
143 70
89 307
174 188
116 21
6 138
84 232
223 349
117 273
192 6
159 233
102 292
215 5
254 151
232 20
299 76
193 85
345 126
236 6
313 351
27 162
132 110
37 198
302 353
114 337
202 116
214 304
52 72
152 305
66 27
324 9
302 5
93 291
130 172
296 286
166 291
142 120
327 183
65 323
297 46
169 256
103 316
307 18
111 256
84 337
67 92
283 71
28 61
44 200
200 173
209 10
107 194
129 277
21 37
244 317
282 256
216 28
59 11
46 169
266 329
349 176
64 119
247 291
179 134
334 223
151 187
76 101
24 204
22 44
84 109
204 10
208 264
237 266
274 126
278 27
98 270
202 5
33 292
140 55
270 117
121 64
303 196
164 327
243 29
214 327
337 62
180 188
169 60
97 86
30 18
312 327
132 157
332 8
293 315
262 206
75 27
269 22
222 276
192 109
149 249
79 129
154 102
317 322
161 257
251 34
275 206
5 250
207 336
257 143
294 162
348 212
188 104
233 254
223 268
6 15
161 284
144 158
29 304
124 33
204 18
67 322
68 71
215 118
250 315
260 31
321 95
242 352
42 319
249 264
74 98
123 78
25 110
236 253
57 3
130 104
220 196
70 131
110 128
248 3
87 351
33 251
89 118
246 130
80 339
238 154
80 204
231 305
313 310
45 213
312 174
316 20
13 29
150 322
157 242
324 87
236 200
337 169
318 70
142 241
52 223
238 332
70 313
124 26
266 168
238 66
342 42
85 198
270 78
164 70
163 331
356 43
175 180
55 336
250 196
220 145
63 302
120 132
258 243
2 167
255 83
76 240
124 4
281 38
82 288
307 88
263 307
330 281
130 28
260 223
224 323
12 130
268 131
105 169
218 106
180 116
33 255
199 156
259 323
37 184
255 188
271 161
138 245
85 111
116 188
178 339
154 189
312 66
163 61
78 224
10 257
183 42
356 25
198 258
348 78
85 90
265 199
250 246
87 178
201 47
209 22
29 6
54 185
271 60
245 349
284 254
93 110
140 92
335 181
193 326
258 277
59 167
120 152
256 50
173 100
96 25
321 325
230 18
353 145
78 241
337 205
338 273
314 321
9 136
145 201
105 47
322 7
57 285
2 312
178 174
256 118
198 64
286 272
82 282
60 3
10 240
51 191
156 208
156 164
344 300
209 292
346 174
299 246
302 300
46 123
318 145
240 3
208 169
274 289
294 177
135 303
60 185
138 216
37 293
23 24
236 75
315 70
248 101
315 193
245 204
160 50
348 243
52 200
256 326
332 193
146 111
140 206
139 277
265 19
57 287
242 136
6 45
205 97
145 8
134 233
211 137
282 47
23 334
246 278
147 221
115 136
175 98
185 158
218 93
176 274
224 62
53 73
106 102
169 94
109 146
327 163
282 96
209 305
273 298
70 63
7 184
43 25
125 227
182 342
164 202
259 31
263 156
103 212
101 115
149 209
261 319
215 30
59 268
178 331
209 248
238 59
275 280
84 44
350 265
29 1
310 132
231 216
131 333
271 231
292 64
283 40
226 141
69 284
52 247
103 105
338 340
163 256
107 90
299 300
199 172
301 152
303 175
212 277
352 126
151 287
33 77
170 259
61 82
30 313
328 132
261 309
315 67
53 65
1 351
9 199
166 153
350 312
327 49
76 322
175 226
96 51
146 265
309 51
191 339
7 162
114 267
315 73
177 211
337 21
205 189
219 215
341 57
14 312
105 90
121 123
159 61
174 149
325 326
199 3
308 49
9 266
159 323
182 179
21 162
200 225
195 262
283 179
318 141
134 267
74 99
33 76
159 206
68 327
176 110
330 327
158 338
80 160
148 261
339 168
267 26
236 105
287 163
283 93
147 261
3 220
3 35
139 161
85 207
331 104
316 304
274 118
285 354
121 76
102 303
87 12
328 323
116 259
329 243
351 119
347 197
182 349
231 320
353 159
170 171
106 130
119 224
91 247
221 211
167 322
158 253
178 129
219 137
231 191
23 69
309 13
265 134
205 340
98 45
342 111
216 92
240 178
315 330
68 23
29 234
188 30
131 9
2 349
146 233
28 12
145 180
25 254
314 73
237 255
318 222
9 177
157 93
354 315
266 265
181 294
143 13
167 273
21 169
109 166
245 336
22 33
160 46
286 117
318 10
215 123
76 67
299 76
159 140
235 269
249 59
206 35
71 17
151 292
29 103
301 273
83 322
149 242
211 79
202 17
288 260
139 7
326 282
83 329
265 317
241 157
219 290
191 134
150 185
269 178
288 213
294 214
23 87
299 233
9 144
93 296
247 232
147 216
157 229
32 65
33 272
66 95
206 256
228 199
285 140
21 60
197 158
273 219
244 215
295 252
202 32
36 92
263 182
151 263
54 183
171 286
298 236
24 347
336 96
190 264
235 54
323 75
211 83
137 299
141 76
194 342
107 229
277 213
254 271
119 151
297 289
80 239
169 304
73 148
43 262
255 121
159 65
40 214
147 176
156 287
95 349
116 201
66 36
257 319
306 19
114 247
152 37
329 320
340 45
311 226
151 53
191 309
117 74
166 263
249 321
37 188
158 152
232 223
31 133
29 336
351 342
70 146
23 42
109 206
287 263
276 81
315 110
33 75
183 43
181 275
7 217
106 8
212 182
74 242
314 103
222 308
88 135
298 310
21 50
160 307
157 79
31 315
32 263
34 214
305 58
332 156
275 282
163 130
107 237
216 264
183 81
59 114
59 356
68 79
250 71
229 50
349 259
8 224
10 241
281 314
299 256
113 61
181 120
34 131
356 249
38 26
173 97
139 232
96 50
154 345
320 27
238 312
129 246
179 138
330 303
96 272
203 52
176 227
171 210
2 14
102 239
39 119
179 178
350 119
71 347
107 35
17 189
346 146
278 13
283 251
159 222
11 5
274 186
76 88
39 277
302 341
159 340
103 338
5 296
300 76
286 50
110 303
82 299
292 3
155 218
254 314
84 264
162 201
293 237
132 332
157 77
160 61
106 341
265 45
284 184
174 177
293 320
259 80
255 105
78 317
2 35
244 109
197 88
46 277
219 221
278 296
24 81
200 329
65 308
217 192
136 34
12 272
198 114
351 96
219 73
256 64
307 343
17 347
74 62
268 137
126 33
276 349
113 319
321 21
270 181
212 249
58 67
165 255
25 3
195 243
75 94
150 226
81 166
216 354
71 327
134 196
3 53
32 315
215 352
179 129
20 234
21 78
301 29
332 325
32 170
55 306
108 204
175 32
214 235
29 284
49 163
324 252
59 199
210 274
39 233
246 58
110 266
335 54
139 311
222 170
324 120
119 75
324 294
106 25
16 335
152 64
341 119
315 43
162 13
160 200
245 49
257 354
159 236
252 297
34 317
110 201
81 72
120 248
9 225
272 24
47 67
288 31
30 90
74 191
102 77
34 190
126 134
32 128
213 283
268 90
87 221
291 167
292 54
58 301
122 329
168 169
240 99
199 269
189 116
103 134
37 336
168 6
113 199
133 170
325 44
259 55
108 193
222 43
90 123
343 212
96 355
24 335
297 66
91 329
26 37
307 62
16 118
67 328
160 43
341 128
286 244
26 37
280 91
79 14
214 266
69 153
108 92
331 48
1 65
221 226
101 171
287 316
132 197
131 291
83 116
62 12
3 87
248 126
178 327
139 235
80 207
31 187
142 5
78 343
69 298
212 13
312 343
328 87
27 102
21 110
61 282
321 263
213 33
234 27
15 112
306 66
142 136
51 146
57 37
58 199
93 70
154 279
241 85
149 186
105 258
247 231
67 153
87 279
29 320
149 44
275 98
109 60
77 3
49 133
240 306
175 332
219 173
98 103
257 246
288 205
348 22
79 258
19 165
24 47
328 172
90 246
269 42
149 189
245 41
165 128
346 340
303 208
156 244
310 56
133 86
260 324
307 339
69 325
347 92
216 163
263 305
52 19
191 45
207 279
85 216
50 75
199 352
126 354
239 280
253 215
209 356
27 159
182 95
328 173
187 179
293 335
230 156
13 118
206 291
203 65
340 121
263 179
246 104
261 169
200 320
21 200
190 24
25 284
351 41
314 181
219 95
159 293
250 172
54 99
106 100
164 290
220 270
312 310
218 217
322 61
180 343
260 213
210 129
140 204
169 298
228 232
36 30
12 129
45 65
227 151
9 234
284 72
148 239
25 9
99 347
269 122
177 173
334 30
301 318
77 313
103 304
32 138
333 43
266 22
308 336
16 316
214 143
31 205
25 256
57 324
246 325
289 266
341 111
295 129
72 15
86 18
162 117
155 138
4 264
3 311
87 218
114 144
4 144
348 229
43 248
196 132
61 128
41 45
238 179
174 153
193 103
170 354
63 168
336 66
275 182
220 6
244 333
149 247
321 341
119 7
76 158
339 136
286 23
25 11
202 42
8 238
144 177
80 50
189 259
316 107
84 179
112 171
156 105
62 120
89 24
326 164
26 152
144 311
175 168
165 220
209 172
301 196
193 24
245 25
126 204
131 54
27 87
224 26
191 129
345 123
153 158
130 178
310 273
332 328
284 340
35 136
156 335
175 348
203 64
16 328
111 346
25 337
76 249
6 266
21 194
32 17
196 6
38 349
278 13
164 206
197 198
185 352
20 4
187 222
267 202
38 21
191 62
2 111
154 207
20 19
245 252
35 84
257 73
76 22
285 239
227 125
280 256
320 143
259 150
9 169
195 246
189 230
151 34
340 305
241 203
323 329
298 201
