32
50
118
137
220
235
252
254
264
300
315
350
380
386
410
417
433
486
554
585
641
685
696
739
755
788
827
846
923
942
944
1005
1029
1086
1118
1220
1248
1281
1283
1292
1306
1356
1450
1456
1354
1479
1580
1665
1742
1077
1763
2020
2040
2055
2097
2141
2178
435
2254
2308
2401
2436
424
2446
2525
2540
2547
2591
2604
2612
2191
2625
2658
2672
2780
2795
2808
2825
2856
2878
2882
2921
2933
2953
2999
567
3033
3054
776
2262
3073
3075
3106
3133
3152
3189
3194
1717
3220
3236
850
3268
3284
3300
3423
54
437
978
3453
3498
3537
3546
3644
3646
3670
3692
3693
3723
2818
3732
1831
2165
3753
599
2601
3799
3840
3452
4017
4071
4075
4107
4121
4231
4249
4254
4303
4320
4349
4416
4420
4438
4500
1619
1718
4537
4543
4584
4712
4801
4820
4844
4847
4849
4854
4878
4883
4910
4941
4949
3607
4965
4995
4996
3647
5013
5029
5060
5080
1550
107
5148
5187
5196
1921
5227
5265
5270
5281
5292
5295
2986
5392
5398
5429
4374
5453
5475
4156
5485
5541
23
5594
5599
4578
1302
5603
5663
5707
490
1452
5708
5720
5294
5731
5760
5785
5807
2019
5839
5854
5866
4611
5884
5915
5939
5943
3874
399
2879
5950
6025
4828
6066
3848
6083
6172
3412
6186
4235
6206
1317
6223
3572
3257
3698
6244
6278
1777
6291
697
2997
6292
6304
2721
5895
6348
5910
6384
3751
5113
6075
6341
6391
6399
903
6416
12
4636
4670
6419
2247
3754
3504
6458
6475
6506
6510
6522
4709
1595
6529
2598
6543
5675
6570
5437
4334
6574
1170
2576
6352
6632
5758
6644
6646
1675
6716
1961
5678
6722
6734
6737
6807
2617
2222
2941
2974
4262
4305
6835
6845
853
4521
6852
6864
6896
5903
6906
6934
6935
6984
801
6993
794
7042
7058
7064
2357
3872
7126
2848
6090
7152
7194
3046
3360
7203
7238
7242
2874
6379
7252
1923
6339
7262
7273
7279
2330
6712
7331
7332
7333
4381
5646
6196
7355
7365
7404
7411
1326
1919
4414
1035
6502
7271
6028
7420
7431
7441
7482
7509
7520
3500
4345
4494
3162
5426
7534
1849
3250
7536
7558
7599
7606
7621
2840
3910
7631
1577
3501
1750
1551
7716
7739
151
7762
7778
770
7815
4985
7885
7901
7938
7950
28
7962
7991
1841
1073
8034
3112
795
8046
1911
7529
8059
8075
1182
8078
3327
7115
8085
4011
8104
8129
420
2331
8133
8196
3755
2564
4708
4879
5175
6061
8220
8239
1552
4986
5140
7102
7713
6829
7366
7812
8003
3240
8273
564
7560
8285
8291
5459
8310
3724
4514
5204
3004
7623
7649
7027
8313
8320
6135
855
8325
8334
8351
1775
3238
4677
3143
8255
8446
171
1835
8459
1998
4309
7020
2791
8463
8480
8481
5224
1151
1430
4112
7927
8513
3734
27
3021
7843
7626
8533
5811
8540
1626
2511
8541
8589
989
4501
5476
47
8594
3821
4772
5391
689
3630
8596
8598
502
8631
103
4667
2310
523
5408
3018
5411
7303
5997
6009
6709
4540
7410
940
7863
7890
8324
2284
8676
8702
8710
8527
8711
4382
7246
7747
8717
8755
3179
2180
8763
8791
457
999
2198
1350
3348
5532
3374
6670
7294
8798
8800
2375
8809
8818
6584
7308
8820
8571
8837
308
631
814
1095
2361
2724
709
2773
6131
792
872
7088
438
2390
4745
5400
2352
1368
1373
8044
8866
2341
5385
534
7917
2491
5141
6386
5471
742
8872
8883
8907
8924
932
6810
8928
8934
8949
8768
2177
8959
8966
29
364
2623
870
4741
4998
6167
6535
8077
8592
8969
8977
9017
2204
7099
7662
9158
1861
9162
4221
7765
8733
9196
9204
9207
1907
2968
4114
5256
6631
7895
5014
519
3551
679
5608
6268
7979
8020
2858
8235
6947
1816
8607
8727
9197
9212
852
5634
7327
4328
9223
2464
4518
2445
4763
5530
1533
3201
2255
4823
4201
6018
6141
7554
2962
9226
2379
2265
5028
5212
1530
1794
2945
6658
9232
7734
6405
3457
0
611
891
9234
9258
1786
2963
9266
7007
339
3134
1509
3328
9277
7464
8646
9294
9298
4410
3953
4257
4681
4894
5699
5859
6505
5559
210
5979
7185
734
7505
8000
1269
6359
8601
1398
6578
8091
9300
238
9307
2854
6319
6627
9075
1434
8147
712
6107
6297
6481
7585
291
9270
9310
4669
9326
489
9334
351
2535
4955
6920
7010
7223
7386
9357
8018
8998
9361
9362
1819
1437
2074
3345
4876
1814
5562
208
1311
1001
1134
2622
1584
2988
3806
4905
5989
6596
6837
7323
7363
7951
62
191
3413
5050
7637
4882
9128
9380
9388
9416
9473
3095
4492
7617
2441
4919
9066
8708
3550
3771
4714
5897
6877
9351
9354
2996
9492
7100
8933
3871
7312
9257
9501
5412
4873
9504
7832
1603
4108
5531
9169
9467
1177
2412
2661
5085
476
2569
9505
9537
5366
6081
7260
9526
1000
3836
9538
8265
9551
3912
9559
4019
4499
8288
5891
9566
9568
939
5502
9589
2056
2372
2448
3364
3661
5282
5361
6461
1494
1353
6887
3624
7985
9262
9615
8301
9617
3027
8179
9619
7650
9642
609
2311
3784
3939
4917
6891
7686
7990
7997
6924
7074
6014
8270
9438
5592
9614
9645
1804
6657
7705
9647
9675
3398
2734
3263
9691
816
1093
4706
4805
6324
6378
2123
8089
5469
8384
9692
9700
1008
1158
1613
2560
3078
813
3354
3545
4816
5274
6606
6755
4786
4141
1107
4390
4641
7186
7870
2395
2889
4321
8136
8848
9740
2611
6575
9751
497
963
747
1184
1664
2630
2819
2872
2929
4123
5735
4205
6220
6295
6784
7138
5914
6478
2381
5696
6608
4042
2408
7426
7756
8066
8277
8588
9276
3677
2246
9677
9755
9758
313
1631
2110
2451
6567
8955
9761
4437
9765
8512
9768
9784
3147
6651
9786
8590
3612
5938
9022
9512
9801
6694
1520
1795
2004
5416
6789
972
295
2886
5146
2867
4642
7530
2554
5387
6105
8114
8951
2863
3518
9462
3085
9479
6282
9561
4069
9623
6885
4377
4804
6882
287
1839
9218
9802
9809
5373
9811
1941
3855
3464
2251
3826
3931
5269
5357
5636
5736
5970
4105
6057
6133
6410
6477
6992
7266
7245
7830
905
130
4881
8043
4504
8520
1400
8566
8645
8867
1868
9055
9137
8661
9265
2662
6072
7971
9834
8725
1925
2472
2443
2850
3234
1407
2038
5105
5334
2955
4791
5344
1195
6010
6509
6956
4608
7249
3210
3876
8188
8721
2993
8789
4773
6828
9122
9297
9323
5376
352
3776
6403
3703
8478
9836
343
2297
4373
4926
571
2139
3866
727
675
750
1981
2261
5122
5238
6483
2628
5015
2742
5283
2885
5913
6335
6812
6856
7785
7905
881
395
1650
1760
2130
2047
3144
4291
1709
4206
4463
3433
605
3811
4190
2643
5202
3053
5374
2223
3489
70
4966
5638
6092
6387
6344
3502
6503
6713
6928
7158
4684
7608
7934
8098
8209
140
320
316
7125
7864
5876
4735
8219
8259
1187
3305
8261
8340
4606
8376
8404
108
7164
8599
3622
3651
8614
5959
8657
148
2046
3469
5669
4070
5710
7545
7566
7939
8715
3714
8765
8774
8860
4587
2030
3239
6376
1582
3060
8799
8806
9002
9006
396
9033
4848
5473
9049
55
1746
3187
7145
298
7330
5524
6652
7336
1176
6938
8339
3396
7110
9088
896
821
1188
2064
1473
2457
2928
2366
2232
3122
3124
3494
3552
3555
4322
4824
4859
5016
767
5420
1553
1084
1871
1900
2096
2923
5555
2031
4078
1781
2153
4330
3107
2152
6312
1247
6565
6850
7244
7516
5549
7576
7897
8015
8086
8624
8925
8973
7015
9156
4765
3902
8042
2128
6725
9165
9308
9377
135
9522
8280
5053
507
9536
9579
1057
3800
5861
6698
9632
562
9360
1076
1765
2079
3573
6084
143
1264
7341
7937
9783
1972
371
3437
6375
5463
7710
9281
9353
9852
9855
834
5702
1651
1996
2582
2987
3705
6113
6398
1304
6669
843
374
780
1764
3633
5103
7841
2433
6770
8116
7461
5233
7673
8803
7257
9858
9860
9867
110
2577
9869
9878
9887
854
3289
3628
4204
6808
3470
7755
4039
4433
2627
7781
632
5560
941
8423
8914
9891
7046
9898
5430
2356
1092
3072
3256
3706
1724
2025
5879
6052
3846
6047
4429
6093
353
2168
1838
5698
6445
6678
3309
4375
3933
7561
6777
7570
7627
7792
7858
8417
6215
9003
9206
9306
1653
7161
9900
1146
2784
119
1050
6689
1412
2080
3889
6612
6820
7108
3951
4001
4452
4595
124
7574
7735
8388
8539
9016
2651
9541
9706
2970
9824
8394
1343
4422
9227
9905
9916
249
848
902
1811
158
2202
2126
2380
194
3408
1464
4453
4698
5092
49
5480
5538
1722
5546
5657
5819
6149
5362
3195
7351
568
2680
1899
5703
6825
7524
7535
1769
818
1405
3490
3947
4526
4713
5955
6520
7610
882
1471
2982
5245
1318
5732
7632
8045
8100
8225
2299
8295
2978
445
1337
2281
4189
6975
8413
2644
8780
6727
8591
8869
8891
8971
9400
9486
9495
7368
3005
6639
9291
9919
1117
8193
9932
684
3719
4467
967
4135
4646
4903
5789
1334
4015
6394
1194
1739
7293
9935
25
1
4367
1128
5672
5716
6750
1477
3290
336
5761
6901
1316
2609
8466
8693
1127
5213
9581
569
1859
6197
1096
1606
1333
4870
6987
8366
8409
6429
8814
9673
4943
7809
9939
9941
186
1507
3023
2871
2828
3283
3883
3971
4096
4277
4538
817
1862
558
1616
910
3015
5353
5556
6016
6091
6318
6803
3141
6751
7544
3906
3447
5293
2076
5278
2027
6153
6795
6222
7230
7826
8300
8832
5144
1032
8882
2199
9398
9629
405
4325
7214
9790
9949
1028
1266
4639
2922
579
3547
1105
3595
4033
4769
4808
4344
5075
1698
3119
557
3778
5044
469
2327
906
5098
1218
3393
3370
3527
958
3793
2703
4165
4762
5348
5479
2534
4332
1541
6019
6211
6298
6706
5006
1622
5388
6841
7079
7130
7224
7228
7440
3111
7583
7769
494
2269
615
1950
303
464
3733
4445
1673
4551
3332
5328
3763
2767
5364
5493
4508
3884
5865
1611
2015
5973
2057
6486
3662
6836
6940
7147
7499
7831
7833
7933
8026
4339
7062
8155
3358
8165
8230
6119
7098
8355
7028
8182
5073
8473
8506
8544
8572
6139
8754
3775
8760
8870
9344
8652
6664
2977
7634
8554
9389
9448
9533
9553
9702
9722
9798
1483
926
1085
4663
4830
3368
651
3246
4391
5301
6145
7052
5714
7095
7352
3687
3084
7912
8218
841
6021
8908
4572
9184
1897
9819
9862
722
6492
9888
9922
894
5284
8428
5828
4431
8429
9952
1159
2720
6482
6495
3404
1877
2037
9127
9959
180
2857
3875
4188
7254
7553
1917
2468
6437
7773
1609
4815
7913
6634
1725
4009
6667
8742
9179
6202
9481
9883
9981
2059
2696
115
390
3964
22
5001
1262
1910
5102
1367
5571
1659
3337
5768
5922
1715
6404
748
1322
1512
6768
5993
7267
2169
3665
7338
421
3409
6635
7652
7770
7775
1387
863
5061
5985
7159
7855
5637
7869
8021
2323
822
2864
4047
8465
8753
6539
8922
1766
5553
5581
9171
9185
9231
9430
9778
9779
9816
46
5512
8299
3386
8644
9427
9946
9987
9990
2171
3451
5273
6180
3062
7434
2292
2964
3077
3479
2316
5519
2396
5991
6151
7525
7828
2252
3505
4076
4988
4110
5086
318
1453
3576
6024
6169
735
7518
8094
3375
5528
6053
3549
1761
6687
8121
2376
4798
1830
6049
4356
5612
8198
5263
6693
8297
8948
3829
3981
111
1130
8619
9161
6331
5022
9164
7132
1045
2914
229
6397
6417
3809
2851
2743
1805
7914
6769
8675
574
1007
1112
2691
8073
2147
5181
6821
8382
8697
3245
3006
3808
3816
4833
4896
5100
5323
3676
5482
5975
5642
2143
4161
5896
6188
4285
2567
6114
3891
5956
6536
3310
2782
6823
6902
4000
586
7382
7480
3091
7592
7777
7788
1860
7907
418
2852
8006
1705
4789
8635
8847
8950
4775
8952
9269
3319
9715
9796
771
6605
8642
9815
9872
1546
5927
7137
8407
9875
3093
6780
1408
9998
4451
4710
4754
5368
5974
2596
8065
4286
5721
9037
3699
4519
5115
5358
6480
323
7490
7982
4386
1263
7177
9628
6905
1384
2893
369
2279
4455
2324
5380
461
5907
7166
8400
8659
9782
1954
2712
2799
2913
3510
1310
4790
6176
7261
8145
9830
1424
5351
4365
5624
9078
9316
4005
9999
4999
5121
2075
4387
832
37
3727
2442
5205
5810
991
4692
6032
6100
6383
73
6418
6911
1277
4140
2196
4457
4954
1519
1677
2006
269
3575
1193
3619
4336
1025
3031
5034
7891
8210
4864
2170
5691
5911
8247
634
732
1608
1865
2236
3621
4620
2539
2842
5996
6026
6558
6707
6721
6847
5616
4593
8252
2195
2172
8406
4179
7030
1942
7104
7435
8444
2932
4442
5337
793
2432
2677
5201
5654
5786
3280
6310
5554
6373
4212
5049
6695
7067
7234
7779
4080
4461
2992
8488
8668
8694
94
3177
1807
6861
3978
5600
7976
5771
4324
4654
7700
2185
8127
1059
2925
4026
8815
1774
3519
3148
4089
498
1011
1291
459
1689
2054
3104
3430
3959
4858
986
1953
2336
2162
604
2470
3036
3203
1149
2502
4024
4884
5096
917
1047
1169
1207
4119
35
4758
5154
5302
5314
5321
601
2927
5395
5582
741
5813
3813
5327
1250
4687
1156
6017
6095
1201
980
1110
1666
2940
3291
3668
4368
6136
6216
2405
1015
4720
391
6058
6421
6434
3486
3844
6866
401
6917
6995
1209
1940
7063
2918
2681
224
3251
3331
3507
758
1123
857
2383
3032
3611
4067
4159
5093
5237
5580
1279
2017
2579
3330
3223
4347
4352
5198
5586
7105
7169
7372
7427
7033
7436
7597
4731
2494
7616
3282
7633
4312
7178
7648
7732
7754
4471
7790
7854
7966
1573
529
7924
8002
8083
342
4958
993
2456
4690
8095
7316
3163
8105
440
898
3382
6724
6929
7695
77
3170
4268
7845
403
7923
591
8056
8110
8120
8148
2937
4581
341
5488
8192
1712
4857
8363
1104
2804
6242
8390
8508
3344
8580
8705
2902
3182
3764
6168
5350
6735
6926
8125
3560
6442
8458
8557
4225
8766
8844
8888
8984
8989
9025
6653
9050
3061
3214
1630
879
3436
4163
4251
3462
5166
2296
1948
5806
6102
6275
7455
6881
1915
2431
8206
2100
8785
9096
9111
1150
9193
1547
8115
9208
9237
9238
9253
2329
3851
5112
1560
2086
943
1349
1557
3083
970
1462
368
4659
4889
4819
4548
6138
96
6174
293
541
774
1090
6748
7315
8269
3976
2179
4688
7221
1403
8373
5316
8863
9245
9275
9321
414
509
707
1173
3356
5003
6872
5602
5928
6876
6914
7552
9330
3252
3594
4290
5695
8282
9347
9348
9369
9402
360
511
2517
9027
2823
9178
9425
9433
9450
8574
9506
9549
1848
9600
9618
95
5299
6466
2814
8745
190
1635
3715
310
3785
3277
4577
5814
2809
7970
9651
9043
6109
5183
953
9652
1585
9658
2467
3279
3783
1963
3024
4633
1574
154
2764
1978
3347
1809
3641
5226
5457
7311
7685
8322
6679
7839
3281
1583
8986
9198
9590
7258
9640
9670
9676
9695
4411
9707
1399
2214
3558
968
2270
3639
4023
4942
5026
5182
5446
1502
5764
6617
4766
6771
204
7284
1564
2092
2133
2333
5998
7291
4003
4842
6761
7630
275
2936
3020
6122
7582
6523
6811
7638
3615
3169
5155
2769
7512
1548
6286
7846
7955
8107
859
3667
8140
5165
8180
8349
1290
1328
3944
1098
5438
8841
9087
2321
6696
9159
5333
9375
2435
1033
1230
1684
2388
2984
1420
1466
3506
5104
170
6190
6704
6711
7417
8333
9166
1586
9180
9399
9490
1743
3870
6588
8199
4904
1866
9373
9521
1883
9648
9732
5442
7956
8788
4811
8611
9752
9759
1886
2290
3172
3781
4674
7141
327
8053
8200
1842
3938
5035
5619
8132
6589
8678
9081
9339
9611
3456
2101
2455
2585
4129
5422
6690
1037
5039
706
1688
86
2645
4802
4920
2670
5359
5753
2249
5296
1959
5523
6733
752
6783
7388
7646
7117
2750
4034
7740
8878
475
4012
9397
5936
9766
9769
483
8172
8954
9655
4836
9773
9792
618
717
864
1052
867
1885
2023
2186
2674
3460
1065
4171
270
2011
1543
4037
4132
4496
5371
6034
527
1845
2735
5130
6370
1383
6621
6782
500
5135
851
1197
3472
5508
8547
188
1481
1352
3206
4252
3229
4734
4218
6990
2497
2345
3760
1097
6880
1700
4607
7048
7075
1930
4287
5966
7483
7636
8323
1172
2117
2673
8421
9139
9368
3014
9435
9679
4317
5090
8064
9817
9826
1116
3230
945
3798
4093
1867
4239
2460
4474
5324
5535
5500
5784
4925
6527
1527
7588
8232
8641
8900
9527
5929
9577
9828
9239
9829
2868
3835
3988
4495
1444
4162
5132
5841
79
576
2847
5942
5981
1825
6396
6456
3517
3272
4057
6610
6787
4946
7430
7683
8422
1758
3790
6609
7451
8927
9436
7515
8442
1056
3666
4421
6424
6484
1696
1144
8904
8913
9674
7707
9866
8526
5377
9896
6441
9902
1080
2124
518
971
2665
3737
6915
4369
5717
6272
5339
175
7144
1800
432
1501
1960
1307
2706
2551
2980
3362
3860
4314
4807
3861
3598
4661
51
1676
1682
6347
987
2837
3684
6645
7202
278
512
6381
7313
8175
8289
8294
1006
8731
8918
2748
5230
9320
6701
3034
9742
299
1785
1268
2685
2737
4829
4886
5275
660
1997
6552
7292
7764
8097
9627
9228
9698
260
9721
3540
3516
9906
8449
2220
6561
8575
6963
9913
2181
3458
5279
65
1914
2890
3372
733
4236
5310
5352
2440
5221
6337
6799
716
5389
215
7401
2399
3632
5705
9856
9903
8740
9463
9921
164
1864
2528
829
4702
2095
4788
16
2603
2552
1421
2760
4210
4796
5142
1219
3992
71
4060
5417
5694
5576
6000
3859
5162
1958
6488
5650
1898
6507
3620
2705
1386
5177
5209
5900
6514
5435
6805
1594
2653
5386
5655
5877
6909
3003
4326
1975
5011
4103
5597
3963
6918
4272
4637
5507
6950
2731
7038
1024
5573
7070
1017
2919
7123
2896
7227
3184
7277
4384
7287
954
6008
7595
4006
6023
7728
7804
7837
5081
3631
6599
2513
7857
7909
7921
7958
8017
8041
8346
1703
8424
8470
8522
5483
6195
8569
636
6423
6898
7263
3596
372
3585
4975
8164
5071
5564
4354
7998
7051
8278
8639
654
5545
8669
8805
8825
8906
7691
7697
8936
2527
3880
6827
9252
4195
9446
9498
9956
363
2228
3129
2707
3911
1341
3948
4255
3925
868
1168
1196
2571
4032
4363
4533
4872
549
5101
4063
5725
5769
5331
6205
6665
6516
1372
6767
6844
3758
5682
6311
6549
64
6069
6959
6986
6785
2385
153
4491
1382
4562
6274
2669
5668
7087
5244
7167
7211
7218
7300
5024
5862
340
7334
7335
7384
6248
6649
6851
7557
551
1895
2355
5261
5817
7591
7806
5875
7904
8126
8272
8328
8343
8348
5030
8494
897
1791
2423
3403
3960
4350
671
4908
1468
995
430
592
3363
4043
4617
4952
5628
5912
4777
233
6234
1920
6637
6888
4571
7139
1363
749
2507
7026
7367
4117
412
959
365
7501
8036
4130
2108
5020
4406
3012
5978
6357
6692
5726
1211
584
6766
6939
7151
7528
8195
8214
5259
1138
7586
8383
4007
2545
2548
8385
8438
3323
8500
8561
8597
8485
4378
6957
5290
7040
8647
8709
8751
8812
373
2098
2736
345
3980
6267
8248
8549
8779
8897
8916
753
2880
623
1983
2790
3150
3463
13
643
199
1101
4432
777
786
1227
3173
3599
5268
4648
3752
5510
5513
5796
2526
4940
2368
5948
416
1498
3105
3792
4505
4594
6249
6296
6342
804
883
3002
4053
125
5427
6453
408
1658
3461
3954
4506
826
4477
553
5888
6068
1042
6460
6602
1984
4342
4544
1457
5969
6675
2530
3088
1600
5962
6334
6883
4292
6955
3801
4623
4102
5405
7029
7069
7136
802
4456
7154
7192
1242
7193
1010
1565
7195
250
1767
5407
7390
4909
7421
2419
5070
2024
7507
3920
406
2072
1597
3142
3583
4430
5189
10
2584
3863
4150
4932
2924
4739
5518
1427
3292
1695
5064
474
5983
4048
6432
6922
7187
7522
3974
6873
7676
7760
3973
7763
698
7795
693
4957
7802
7823
7834
7963
7964
8009
3526
4424
8033
8109
8401
3151
5300
6843
2654
8403
8440
8491
8573
7180
8729
8875
8901
8919
2682
8632
8920
918
1822
2028
2745
3267
5589
4512
6526
6096
258
3166
3534
6363
6870
6952
1933
3539
7216
2976
5525
1599
209
893
3399
3919
5773
1062
6681
213
7445
6900
7493
737
5899
2716
1381
5216
7613
4868
8012
346
4488
5349
8068
3730
5234
8797
8993
2286
1699
3114
3671
9000
1357
9038
3241
1517
1694
4863
4479
974
6040
6638
8881
9046
9069
9084
9120
9134
9190
9221
6489
1321
4083
4403
6213
8298
9209
9222
2250
1270
67
2713
133
4402
4979
5591
1441
9246
9273
5816
9286
9289
6630
7942
9350
9431
2048
2266
265
4771
6350
9454
9478
2481
3548
56
9516
9520
9532
6042
606
5355
4240
8551
8822
9545
359
1308
2844
1704
5041
6129
2908
5704
6228
259
6355
5558
5937
2733
4871
6329
6531
6546
1720
1162
1629
2749
3315
4273
481
4591
4959
5414
2859
3317
4134
6801
6954
113
1040
1536
3118
3297
935
1627
2509
4346
4476
4803
4993
6198
530
5693
214
3720
1043
6485
6660
871
1706
7153
4395
6626
7155
7324
3335
7397
7495
7580
7717
5478
2033
2009
7737
7820
7851
7940
80
3109
3614
3658
3010
7952
8011
8055
8338
8455
8545
60
1055
385
1869
2876
5027
2727
3395
7340
7620
2362
8688
8884
3649
9145
9280
6846
783
5356
7581
9324
9359
9396
9474
1716
3116
2239
3857
4580
4154
4573
4971
5639
7189
8228
9552
3885
9554
381
3797
4612
5509
2135
4428
6121
2315
4853
6719
6932
7692
7736
1571
4398
8052
8191
8281
2224
200
8468
6642
710
1738
4040
3466
8505
5404
5486
2983
3791
2521
3914
4759
3275
4267
8802
8834
4732
8876
7447
5019
8915
9015
645
2729
4196
514
2150
4826
3900
7128
2304
1607
8122
8170
8782
8958
9058
3597
142
4158
6269
5759
7723
9371
3425
9576
3153
7240
126
9292
9511
9543
9587
4087
3186
4588
1556
4649
6077
6640
6972
7036
8184
4902
6476
9588
9612
3270
9624
955
1537
9634
2373
4044
1388
1991
329
2346
2317
2801
2958
2979
3492
3514
3712
3770
4553
4576
4757
4831
5617
5751
5826
6012
6117
6459
7306
9079
9562
833
6289
9637
9653
9659
5618
6989
9117
9681
4295
127
1359
9710
296
1396
2891
5918
842
8344
4899
9713
1510
1558
3480
4869
9731
3682
9734
9735
9772
9428
3205
4392
4676
5881
2492
3958
5893
5381
4106
6566
6832
7460
7660
5338
8237
8845
74
1882
1995
1039
2406
2559
5465
6063
6544
8853
169
4274
5170
9791
7302
473
6910
9806
9812
9
470
3966
1249
6323
5644
7780
8007
8629
2961
9007
9813
31
3308
3957
4852
5185
9767
7346
6545
4008
4918
8171
9105
3509
9603
9814
81
9831
9854
9857
9167
3204
9890
5253
7915
4247
1947
5557
5820
7786
9582
9892
575
2934
4874
5023
7329
2203
1121
5119
8037
3019
5173
7418
9686
9904
920
4799
5495
7433
9912
9925
704
6699
1379
2367
7438
8357
9937
2314
659
815
3522
3869
6015
4970
7025
1638
3215
9091
9141
2699
4743
9940
9944
131
2592
2803
2892
4104
4193
4523
5107
5218
5606
5853
6684
888
7050
6054
2532
1904
6191
7235
7682
1258
1288
4630
6757
8367
934
8625
9795
688
9762
9951
9954
1593
2772
3695
3587
7379
3721
9821
3802
5857
1679
563
3213
9955
9960
1217
198
488
578
1267
2411
2424
266
3405
3438
3564
3606
3977
4126
2608
2587
4359
2016
2516
3613
705
862
1392
2450
4072
663
1115
3096
4394
4539
4653
5088
5169
5192
5247
5375
4444
5433
5712
202
835
3773
1393
5898
5908
5363
1293
1516
2523
5926
5933
5967
2137
6412
6582
6585
184
3995
6128
2200
6603
193
5700
5934
358
561
6802
6958
1199
2900
3602
1066
2340
3694
2883
3787
4092
4923
5258
6227
6556
907
4855
4845
7109
7111
3878
4656
5830
5986
7160
4399
4025
7364
7409
7449
7519
7533
628
2683
3334
2326
3574
7347
7922
4900
5219
7996
3663
5145
8001
8014
2479
5850
5676
8256
8302
8326
6322
570
820
3406
3788
5674
2241
6499
819
7358
8593
8617
8628
4585
8691
8699
8817
8861
5757
8880
800
2994
9072
9136
9143
444
8250
1155
227
1480
3047
3338
5046
4226
8838
9051
379
9215
9220
9242
3414
7200
9341
9414
1153
3339
4233
5032
5158
6532
8773
2746
4465
2221
3416
4760
4013
950
4939
8341
2208
9052
4683
9284
1364
9423
9472
9509
9573
977
1559
2248
9604
9660
9709
9775
9832
4865
9901
261
9920
9961
187
2343
9969
1697
1922
355
2174
2389
3287
6369
30
962
2697
7003
7032
1140
1088
1389
6455
7402
1409
3037
5855
7596
7345
2447
6728
7776
1711
3629
7793
3366
8507
3432
6313
8518
2394
3691
3982
7562
8942
9112
9116
9864
9982
9986
2119
2118
2861
1768
1463
189
4446
5184
2393
7513
203
5127
1038
9249
9483
9598
3471
100
681
2189
743
2320
3477
1260
1728
443
2145
3520
4115
573
2370
2690
3497
4380
256
2639
4447
5059
598
1927
2652
5126
5174
5243
5325
5434
117
672
5452
5605
5681
799
5051
952
3832
5752
3262
5982
5987
6182
936
5805
6300
11
1880
3528
3930
6512
5598
6672
2325
6739
6781
6927
6968
7022
4228
7321
7452
4088
7601
7651
7752
7818
7044
7932
7968
6654
785
2797
7165
2298
6377
6530
4730
1614
4085
7385
3266
5280
1641
686
6553
8008
8027
8032
8035
8060
701
1889
3440
1048
3750
3759
132
1935
3969
4059
4906
6702
5614
5793
8229
8342
6754
8433
8163
1200
393
775
2256
4449
5153
2865
6779
7071
7916
8088
8471
639
485
1461
1850
317
2225
389
344
2599
3115
3276
3635
3898
4180
5111
7066
8111
8474
8482
4950
1538
1518
1788
5124
5953
6346
2862
7439
8516
6738
8548
491
590
4191
6259
7543
8567
1205
1273
4901
8605
8698
6541
3474
8807
8864
8926
690
2136
1226
273
2687
253
2754
3076
493
3264
3371
3561
3886
3991
4507
4818
6230
1143
3822
4133
4170
6237
3904
2741
6388
89
7290
937
2812
4329
1834
6747
7666
536
7668
8486
8679
914
4689
8374
3749
4911
5421
1133
8961
1109
1460
1508
3192
3211
885
4655
2806
136
3017
5711
5116
5763
6380
6814
522
4605
5792
2710
5801
6144
6245
7539
1770
467
1681
4294
4744
5372
3915
3341
5613
156
2035
2498
3326
3803
3864
619
1415
4376
1442
1949
3710
4194
4434
1422
3041
3512
4825
4835
1731
5697
1590
5379
5836
6408
3459
7017
7226
3102
7446
7704
2950
1540
3858
7753
7850
2788
7859
4664
8275
791
4622
3672
5040
4423
5306
5848
7339
7684
7903
8350
2063
8439
8464
8637
8790
8944
8962
3207
5277
2132
3175
304
3722
5322
6193
4484
6942
790
206
7162
8178
9019
4728
3674
9020
5863
6494
9028
9042
2915
4693
1272
3100
1004
4697
4961
7156
1068
1566
5110
5516
5701
5108
637
6474
3769
7097
1657
7361
7487
7745
7989
8169
2826
6362
6753
6001
6759
8640
1487
8682
8687
8963
9045
9061
4370
1729
5550
5222
7656
8650
9067
9089
9102
9113
9146
9151
2002
7237
8296
9155
2350
5670
9202
9250
9290
4935
8305
1610
2258
9261
9313
9365
9383
9387
4405
5415
334
4283
7360
8606
9244
9393
419
8943
4258
4945
3304
5267
9405
9406
1327
2140
1335
9458
1701
1858
1974
1654
1857
3089
4372
4388
6273
6285
2640
9459
2302
2853
4307
7978
9012
3138
3905
5367
178
1402
4898
6966
7408
3086
7878
1736
2268
5129
8747
9480
3185
6209
7054
8858
5860
7112
7935
8654
9325
1988
6162
839
9493
4592
9517
8028
9518
9519
9547
9583
9585
994
9599
3923
7655
682
9654
3065
5178
7107
7840
6525
4014
8161
1058
8749
908
8783
1351
4482
6067
6124
6226
9666
3881
981
5143
5252
7006
8957
9684
2949
2693
5647
5886
2869
6741
1563
4600
9694
5783
4450
9730
9738
607
616
3349
2692
4590
4751
5823
6251
6620
4427
691
2454
109
6473
6916
8501
9118
9391
3908
9739
2400
3244
4719
6316
7730
9672
9743
6154
9744
1605
9771
4357
5117
6392
1647
3726
5579
9153
2422
2531
5289
8775
2106
5719
427
9466
9781
9785
1160
1749
5076
472
913
5009
1285
3503
3717
6030
6263
6874
5063
6983
4214
7317
2062
2475
4186
6708
2267
2490
2144
4293
901
3051
4984
6633
6809
3997
7517
7659
7742
1634
1152
2641
6137
5332
407
6229
7577
713
1625
7852
8254
8263
8448
988
1934
2347
3841
4074
4475
1521
6415
8462
6436
4208
5317
8141
8477
6194
8538
8562
6774
8636
662
7844
8810
5565
6425
969
8874
2235
4897
6314
8997
9229
9278
6791
7888
9475
2089
9491
9494
8174
9820
9863
9899
78
665
694
1241
84
38
101
1179
1992
2322
1174
2771
3103
3400
2398
4169
4371
1233
3160
4755
4843
4625
4880
5136
516
5200
2897
5640
5972
6225
6307
6595
7589
8128
8203
3642
6611
8279
8315
6839
6519
8932
8975
9126
9356
6796
9499
9910
5685
9958
6371
630
3394
9183
3983
4569
9971
9140
3541
3718
9979
1525
990
1640
1853
2065
2906
4122
1913
4460
4575
5186
5750
6624
4200
6923
7197
7618
8576
8139
8746
8939
9082
9315
222
4125
784
5091
8634
5490
8903
6622
5340
6978
8197
9429
6623
9626
9747
3998
4536
4139
6007
7663
207
9192
7045
7233
9444
9992
9993
2615
2042
6161
4027
4472
5999
6878
5715
6944
7399
2044
7681
8616
957
2659
456
1054
924
2624
5787
106
2966
6976
7406
8119
2505
6189
8546
2332
1504
4079
8671
8397
2971
8988
4809
8146
8453
1497
884
429
2182
3025
3212
1458
2307
4166
4036
4629
844
4219
4974
1229
3584
7309
7514
7726
7875
5932
8329
4175
8602
2792
8794
4248
9047
9059
7811
4038
9144
3424
7578
9592
1345
3401
8425
9646
2568
9996
234
2738
1505
1789
2778
594
3604
3625
1325
3652
2786
3868
3929
3993
3449
1870
2543
1708
2557
4041
4425
367
4556
4768
5199
5610
5844
4704
5887
5872
6076
1856
1840
2909
1079
1125
2991
3385
4397
5038
1348
5596
1401
1562
2293
6006
1756
6103
6185
2338
4691
5781
1320
2309
6199
6374
1185
3293
3538
4366
5661
6443
2382
4547
6564
6393
5775
6674
3757
6806
2090
3569
3016
3961
4238
4616
2088
3064
4885
6818
6855
4756
6886
2686
4436
3441
4493
5794
6907
6999
4821
5056
5882
7106
1275
5824
2619
5930
7183
7205
3190
1009
7463
1314
5047
6402
7548
2420
2495
3483
2763
3592
1332
1642
3616
2463
4678
4742
2519
5492
6528
2930
6208
6613
1414
6875
6895
2077
703
1691
1872
442
4379
1793
4599
6731
4589
6904
5563
2237
160
7082
7259
7391
2774
7579
4222
5042
7605
7622
7677
312
321
7714
7743
2404
7757
7803
7856
7943
4582
7949
6413
8071
8137
836
1083
961
1271
6218
6260
4174
6860
1652
2588
4362
4502
6241
6997
7884
8159
8189
6446
8208
8308
302
875
1944
1287
4304
4738
8177
8319
5214
5791
6700
5607
6773
7474
4280
3570
3879
3099
4861
725
1231
1340
1215
3513
3664
5551
5590
5734
513
4510
6389
6479
6517
492
1846
3081
3559
3838
6181
6496
1503
3445
6542
6593
6871
1966
294
7415
7476
702
3082
1713
3901
2544
915
4299
5139
6824
2616
2461
3600
5382
230
7508
1592
7538
5308
7541
4109
6798
7549
7565
6038
779
2563
7693
3697
869
3271
4284
2129
4715
5949
6035
6051
6600
6464
6946
7383
34
7797
7821
8231
5215
8375
3378
449
1216
1818
2636
3772
3922
4621
2209
1747
2905
6029
97
6540
7531
8306
8380
3294
8387
3916
7556
8432
8489
8498
8499
8531
8537
8568
1237
1418
1737
3197
5458
5782
5874
6115
2231
6686
7204
2051
3994
1945
3094
4737
7400
5527
7719
8151
8525
916
8578
7896
8603
1783
5921
4343
8558
8664
8704
4991
5788
8757
8057
8686
4360
8369
8761
8770
8778
3854
1303
7398
8804
8819
548
223
3728
4183
8236
4700
6256
1071
8826
582
1445
1987
2676
2365
8828
2045
5506
1312
4934
8854
8868
3968
6155
426
1674
2500
6320
6431
8058
8771
8851
8879
8895
1119
4555
830
1523
3556
6351
4770
6715
7231
6568
7459
8154
951
8938
1968
4703
8221
8946
3056
8595
8947
1331
7286
7492
8968
4216
7594
3582
8502
8976
3643
8995
9026
9044
455
9054
4227
9080
510
172
452
2112
2187
1926
3387
4662
4682
5017
5766
331
5946
6794
6903
2688
837
2164
7301
7423
7497
8337
8612
8680
8827
9097
9103
61
2402
257
670
2520
4045
4246
4888
4229
4912
4992
3952
5631
5829
4224
5977
1191
2238
1063
5660
4066
3782
5413
6088
6569
542
387
6576
6912
6945
7171
8312
1031
8430
9109
9110
9114
4409
9149
5211
7992
6614
6961
2833
8894
9175
1002
3473
236
7926
8487
3659
1120
9177
7019
4806
9189
1672
4498
3028
5448
4609
5569
2071
6073
6127
7590
7983
8719
9194
9203
9205
9230
5544
6070
2593
4729
6364
9248
9251
2602
5892
5957
1459
900
1970
2827
4207
1902
6533
1655
730
7212
9295
9314
8707
9319
9331
2300
2371
2453
2990
4980
7819
7873
8031
8106
3392
8889
9336
9355
1346
9386
9395
2012
192
2437
3865
8923
9407
9410
102
9420
9452
45
66
394
756
1891
2073
2359
3350
633
1568
1826
3352
3389
3427
3892
4660
5342
7908
4792
2572
2711
5947
6079
6156
6345
8108
8113
1572
2793
1784
2895
3450
8714
8917
9216
1876
9274
2291
9468
9477
4668
9482
1470
1820
1932
2629
3120
3237
7469
8713
1539
9488
9531
9534
9540
9548
4081
5916
9076
9558
5724
1141
8991
9565
8157
1905
4956
532
7350
3984
356
8336
1252
3987
6616
7871
4812
2430
5456
3941
7023
9363
9584
1888
699
2391
3196
3913
5089
3057
3986
4383
6247
6261
7354
8965
9018
9601
2555
3590
3819
3909
4178
3678
828
3743
1449
4679
5329
6062
6271
1246
6853
5120
6547
6994
1939
7412
1534
4276
7948
695
2573
2959
720
1204
2403
1023
2920
3135
3444
2085
719
4699
1190
889
4895
4948
6098
6752
44
865
6862
7133
5847
7210
5012
7540
8202
6177
4323
8224
8268
2067
8457
8658
8885
3867
2207
4077
5229
8910
7860
9337
9364
1289
9625
3842
9635
1451
1467
2184
2416
398
1371
5240
5419
2134
6022
7021
5894
7059
8201
4928
9643
1395
5588
612
6671
3481
8515
8750
9644
4566
2183
9668
9671
1044
687
1297
1969
1977
4559
4930
2052
4779
5190
5945
6039
1139
122
2834
3934
4301
1692
5005
6414
3917
7073
2832
5147
3435
40
3128
7190
7278
3208
1111
2306
2060
2484
3044
4658
874
5925
7422
7179
2069
5176
5449
7702
8081
1486
5630
7065
5632
1636
8183
8321
3761
6673
8441
638
3377
4058
6104
6294
1828
7148
1755
3713
4795
8651
8672
8786
8877
8981
9021
9070
9195
274
3478
6266
646
1528
1690
1782
2565
2794
1623
3591
147
4389
4458
4516
5343
3325
4549
6655
6703
7053
7113
2099
2805
5671
1668
7182
2049
3038
3766
5248
2206
4977
6508
7004
7484
7721
911
7879
8099
983
8103
8211
8293
533
5445
8435
3810
2377
6160
8472
506
8622
4810
8674
8787
8821
7787
9014
354
7816
2244
8067
860
5068
8497
9200
9328
9349
9385
9401
587
9470
9570
2613
9571
9572
9596
72
168
6204
7018
8332
9041
1792
2689
3030
9620
7219
9631
9705
5800
7076
9716
9724
1753
3221
3225
9725
9727
4701
1347
3260
4029
5827
680
2789
5515
7039
7296
7767
9312
9419
9736
9737
985
4761
9746
1165
1365
6293
1251
7690
9750
1225
5902
2839
9753
482
1232
1754
1909
2558
1683
465
2866
1544
3608
3946
2796
880
3554
3157
4091
1198
4310
4316
144
4426
4924
5754
1223
6239
6270
6317
280
6985
7143
7462
7486
1823
2722
5667
7056
7496
8010
878
3975
8069
2014
4503
4813
5067
5611
5635
1956
6427
6676
6951
8241
8253
2870
5424
8656
8692
3302
3817
8019
8811
4640
8850
9073
1019
9173
9224
5235
3322
2570
3417
8264
9342
87
404
2305
4893
6332
8445
8450
9434
9471
9515
4947
9696
9714
2675
8833
9760
9788
3055
4647
6315
6158
7784
2815
9789
4860
9793
621
9804
324
2413
3443
2714
5168
6435
5315
6548
856
2578
2717
2836
2646
998
3164
3336
3796
3936
683
2434
2649
4068
4651
5052
1887
886
5733
6087
6175
6349
6762
5840
6842
91
7314
7910
8330
8633
5436
8741
9376
9621
9807
1561
626
149
1305
2050
2989
5799
6468
6560
6800
7667
5203
7603
2779
7080
7688
8982
2701
8304
9818
9822
9839
1951
2188
1893
2154
2337
8419
9191
6372
9848
4282
8681
5000
4781
5094
7297
4535
849
9873
4891
7371
9876
7882
7876
9877
9894
7977
652
3217
5109
7551
9106
9907
2001
614
1531
2295
2496
2344
3043
3786
4116
4176
5055
7093
8156
2538
4542
3090
5025
2218
3442
8604
580
2605
8722
6080
219
1180
4877
9823
4866
4746
6816
8251
9908
9909
422
3071
4837
6979
1570
8627
1064
2007
2536
539
622
3536
3924
98
53
1030
2342
2822
3837
5487
517
5529
5868
930
6433
185
1295
6493
4269
4396
5511
322
6336
6826
6838
6980
7090
2201
120
3022
3340
279
4155
4944
5856
7369
3686
4486
7994
6140
8556
75
1837
8738
3593
9129
9510
9841
9846
9930
1254
1189
1588
3074
460
150
3261
3804
966
2655
3068
1446
4052
4177
2034
4271
4308
4408
4554
3367
4560
5125
4557
5128
5137
669
5455
5514
5526
5737
5738
6036
3707
6358
6440
2761
6538
3542
5570
2257
7149
7269
2426
664
4586
566
6571
7092
2668
7405
6452
4473
7414
3188
7353
7498
7647
7718
5225
7394
7877
3852
7181
761
7918
196
8166
1274
6354
8286
2175
2715
3233
4182
183
1535
4524
3745
4615
5904
6120
3311
4353
6498
7794
7796
4
6159
1587
7047
8287
8381
8410
4951
6262
8364
8454
8521
487
2029
2550
2785
8685
8718
6146
8274
7993
3126
718
8739
6746
8762
8840
2981
5451
5952
8931
5004
5808
1656
8890
9135
9259
778
3274
3626
5917
5739
4181
2278
392
9163
8092
7759
9279
2070
3343
6879
3454
7285
9352
166
9546
9578
9669
179
9704
9794
9797
197
370
9799
1336
1733
2998
6551
8859
9843
9895
4561
9931
33
52
245
1135
1579
1976
4443
6085
9094
9936
2634
5539
7250
9426
9605
9950
9967
92
18
1294
2363
3174
3789
3807
4172
1078
466
5320
6277
2107
5399
377
581
6521
4579
3376
5491
6601
1212
2418
1072
3511
4021
4263
1928
538
5988
6187
4827
4725
5133
5239
6817
6960
7124
7208
7475
2285
69
3990
6142
7547
5745
746
7270
7703
5958
7768
7866
4748
7264
8061
8072
8130
88
3523
4481
1447
8187
8234
1132
4243
5665
2211
6749
8361
4850
8509
8514
7103
8524
8529
1390
1575
3176
667
5995
305
6967
1645
5931
8552
8648
1661
1621
1779
560
1016
1808
2533
2723
2948
6448
7720
8728
1362
3736
4483
2428
876
1714
2452
3553
4531
5621
5890
8276
620
8662
8756
8808
4638
8134
6353
8638
3601
6255
7437
1313
9063
2115
3361
9098
9367
5994
3918
9613
772
2835
3154
6742
8359
9013
9661
9678
5566
6467
1495
9774
9808
121
6863
8987
9880
7374
4601
4288
9914
263
728
2138
831
2384
2831
2486
3638
4100
4341
4532
1210
5271
134
1515
2274
3127
1931
3183
4302
1643
4448
332
1740
4764
4774
3140
4793
1344
4054
4202
5418
5477
5536
3679
5561
5568
4568
5656
1589
2113
2364
3355
4550
5402
205
1124
5905
858
5954
5992
6207
6231
5307
5494
6438
2173
6454
6472
5743
6043
5690
6501
1020
1982
3286
6518
6636
4385
6792
6848
6290
5533
6889
267
7243
288
7276
7280
3312
7325
7344
7612
8101
8102
297
8314
8318
8456
7675
8553
8610
8613
8666
2875
6328
8846
7701
8764
8887
8921
2354
2664
8940
8967
9060
9318
5423
9382
9703
9726
9853
9968
9973
4675
9974
319
624
642
797
3097
63
2082
2614
2709
3873
5260
5664
3439
5746
1278
825
559
1338
2156
2843
1989
2493
2483
2912
3487
446
3943
347
1102
1300
4604
1208
3578
5082
3390
5138
5171
5403
155
4892
5543
5835
4787
6166
3108
2242
2739
281
895
3648
3482
3
3680
524
1163
2777
1298
3543
3812
4969
764
83
1439
1686
947
4355
4478
4527
552
1578
912
1993
3794
949
4982
5179
5304
2301
139
3429
1355
3882
4800
1100
1802
4111
4914
1918
2205
4973
5797
1896
3653
5194
26
2166
6301
736
1855
6308
1529
5755
6326
6500
6587
6659
5778
2561
3937
4695
5444
6663
1881
4315
6677
6718
6815
6834
1787
6744
1224
7016
7170
4814
5341
4851
7196
3702
4361
7142
7201
7247
1670
1702
1723
4665
7248
1894
6563
4707
7274
7281
1727
262
5941
6420
6710
7305
3117
7326
382
2081
3562
7375
7377
715
3956
7215
7378
7473
1986
2583
7502
7575
7715
2061
7751
3346
823
7791
2884
7805
7817
768
1499
1646
7842
7881
7892
1089
7902
7941
7944
6428
1985
7946
7953
2197
4131
5087
8040
7972
8084
8123
3903
4643
1732
8212
8233
8303
8316
8402
6597
4723
6697
1391
2524
927
4718
5106
7733
8415
4265
8426
8443
2471
285
796
8476
1628
3567
6598
8586
8600
8615
5161
7043
8670
8758
8801
1476
3008
3640
4749
5869
6793
7807
2000
3965
5804
4209
8830
1432
5976
8970
2273
3259
4086
5772
6890
1286
7640
7643
3774
7664
39
2289
1435
4598
7725
2022
3580
8974
4151
9011
1221
3999
9031
5520
3110
1202
5643
8479
9048
1526
3577
9053
9064
9104
4921
9108
9186
2125
9187
9225
4983
9287
8504
4652
9302
9411
307
7874
9432
3824
4300
6279
6937
9464
2263
5615
9524
8093
9530
9557
5164
7479
9682
4128
8398
7288
362
759
9728
2995
847
3623
5833
4752
6097
6819
7131
7232
8244
8347
647
803
9039
104
231
4234
5484
9236
9372
9733
2776
9777
9833
7061
337
1912
42
2167
3200
3742
4887
3168
6299
6157
7356
7424
5653
7709
8560
9327
9699
2151
9885
2648
2013
7506
9622
9917
1632
9923
9929
9977
9989
7568
9991
3253
1648
3928
824
2476
1129
1744
4614
4055
4628
5360
5658
2449
5940
6056
6515
1265
225
2633
3747
5803
6831
7542
7800
8013
9176
9995
1854
1924
1596
4776
4994
1376
1962
956
2485
2421
2873
3342
3762
1175
760
2508
4164
4753
3232
4937
43
5578
5601
2916
1186
3890
4153
3945
798
1615
1762
4223
4635
5021
5078
5441
5662
2678
4485
277
5679
4358
450
6108
6132
6171
6232
1014
3029
3495
5604
1730
2506
1284
2957
1817
3165
3359
4097
5534
6150
2122
5889
6281
4490
2458
6760
7091
543
7116
7163
7174
7442
3725
1965
6931
7466
7645
3831
7729
4634
7838
757
1013
383
5474
5722
5318
1964
7055
7387
4564
6941
7867
5460
2039
6192
7929
8181
674
1309
2695
5228
5790
8245
1938
8257
765
1228
6238
195
1234
6411
8138
8309
2358
8327
608
1752
7724
5431
4056
7900
3777
6288
7265
8331
4168
240
4192
5079
8352
8370
8436
8559
326
928
3738
892
5223
4250
5867
4913
7698
7748
7987
8090
8185
8353
5443
8005
8467
8483
809
1637
6179
8585
3895
8587
1183
2091
7381
8673
6745
8118
2427
3428
5241
7176
2813
8706
8736
8772
1496
2917
3411
3568
8781
8793
8609
8284
8823
8839
8849
239
2594
3839
708
4160
1394
1282
1851
1906
2245
2775
2903
2931
3101
3125
4722
5099
5246
4331
2473
3026
3467
807
5045
5369
2216
5410
5466
6201
1377
740
6936
5924
1671
4509
3066
4149
4173
232
5439
5470
5776
7072
7416
7491
7674
7883
5713
6126
2212
6949
6970
8447
8582
3634
182
2397
3893
5151
2058
5188
3318
5303
3381
3158
3418
3701
5871
6276
2638
4167
6426
2234
8723
2518
1639
1833
723
921
2018
3298
1751
2907
4619
5250
4832
5266
5396
5968
3828
6046
6078
4631
6236
2635
6758
6857
3222
1099
3373
3815
3324
3235
3877
525
3191
3849
4964
5633
7172
2631
3155
2155
7343
7468
7593
82
2607
7782
7783
7889
8051
5648
8079
8087
8135
840
3780
1061
678
2032
6859
59
7373
3421
8216
8260
8386
1012
8492
8703
8856
8892
21
2466
6776
5547
938
8929
8953
8964
8980
8996
9074
5798
9083
9154
6125
8726
9182
9213
1342
1554
1776
1884
2190
2287
808
2783
3080
8
2093
3092
3001
1053
1957
3180
3485
3524
4245
4275
5048
5409
2946
5587
4596
5765
6717
5980
6921
2975
6965
5858
997
7122
7644
7829
8930
8985
657
726
8226
9057
9133
4095
9263
9293
9329
9333
9384
1406
5960
2378
9392
5217
9412
9421
5706
9451
4440
146
3269
4784
5208
2973
5873
5390
6463
7380
1339
9188
290
9268
1741
9465
3285
9485
3402
4319
7947
9489
57
1824
2275
2280
2632
4266
4497
361
4976
2898
5574
6305
6033
6661
7571
7880
1719
1844
2109
3255
2193
8461
114
546
9514
9523
2008
2217
4213
6110
656
8396
8623
8720
9345
9586
650
890
7024
3557
8902
3288
5159
5406
1810
4035
6217
8371
8579
3000
243
3949
6287
5521
6356
7395
7911
8475
6118
2960
9181
9255
246
4529
6284
8418
9243
9597
692
2282
6913
4337
7999
9503
9606
1166
1569
3740
4462
1771
1506
2328
4142
5197
2694
5677
1994
5845
975
8743
909
3588
7699
397
8643
8956
2671
3278
899
5123
2409
7298
2114
7467
8215
480
2798
325
8862
9199
5157
9247
1847
9343
9484
242
2597
4270
4672
5749
9633
2318
9657
2499
1745
4185
1416
1734
4338
1662
2142
1532
411
93
4618
5220
5756
1081
6691
2901
6977
7669
8776
9469
9664
8271
8792
2954
5584
7894
9680
2160
9688
9701
9712
3397
4187
7013
7537
8777
9719
9720
9757
2811
3779
8941
9803
9838
496
6302
7220
1843
6685
8266
2637
8243
8495
9868
887
7448
9874
9886
2926
5489
5687
6491
8048
8734
9508
9889
805
933
2283
505
2549
2829
2334
3491
4480
4916
471
3301
6165
2546
2939
3544
5383
5963
6303
1161
5683
6559
6688
1873
2620
5193
2158
6
6134
6971
7011
7886
8389
8452
4242
8909
1591
2360
8912
9217
9241
9282
6449
9409
9437
1018
2740
3079
4997
7008
48
376
556
1417
1759
2414
2566
3525
3407
4061
479
4686
6590
7251
1296
7680
7712
7799
8150
8712
330
9685
9754
388
644
1145
2425
2510
1082
3357
5365
4727
5641
2894
6764
7357
1798
6732
1126
3224
593
6833
7209
7572
7847
8112
8167
8186
105
2802
6534
9150
9500
9610
9650
4051
6786
9800
9840
3113
2877
1801
4778
9299
9897
3530
4890
9911
2353
1581
1324
2226
2698
1874
1990
3130
3894
6020
6183
2787
6666
6581
8565
8983
9142
9418
9850
9915
378
9948
3249
3669
6648
2621
4400
9957
2758
1106
1137
6240
7569
8317
922
2642
3820
4002
4145
2529
7129
7789
7928
8536
9260
9288
3455
763
9309
9370
744
8434
9092
3716
9575
4264
9593
9962
8979
9975
9997
19
4967
1832
5172
6884
7299
218
673
1524
5689
5312
7307
6382
2465
1319
3426
3675
4198
5149
3013
6409
6804
2860
4511
7000
7319
4136
3850
1602
5054
7600
7848
8022
8082
5287
8153
8160
8378
4217
8460
8665
454
1094
2820
3581
3700
3655
4113
2728
2816
4244
4260
4393
4747
5354
6444
6497
6763
4794
384
5935
6106
7295
7328
448
1148
165
1426
366
617
4470
6730
7607
3748
6899
7672
4834
8142
8149
8528
9107
9210
9272
9424
5313
6756
2120
9456
9507
9649
9697
9748
7085
7624
9825
9871
9881
436
2386
2556
251
2271
2800
2855
3422
3805
3521
3996
3231
4281
596
5242
5384
6116
6400
6550
5627
515
3972
201
484
4340
4862
6729
6594
1680
6385
2227
7175
7639
1157
2410
2759
3254
4936
5264
1971
6969
99
7671
2899
3927
5740
6682
3365
4487
7472
7727
4922
4289
5585
7761
271
2765
4099
2407
1478
2215
2730
4090
3009
4327
4981
7808
439
7813
7836
138
3247
5083
6471
7615
4785
7849
6577
6765
128
6243
7887
7899
4705
8204
8240
8496
1060
2474
1256
2972
4783
3940
4960
5428
375
3039
6457
3834
152
85
228
700
2041
7458
7477
7772
7925
8621
425
531
1049
4232
8836
8886
162
3688
3888
4644
5450
2650
4597
5727
7217
4237
6813
7289
7370
2159
2462
2575
5160
7527
2700
9085
1797
9417
9487
9529
565
8039
9535
9555
9556
2938
3967
5812
8857
544
535
2943
3862
4657
5440
600
5542
1276
2176
3708
5832
6586
537
1549
2003
5036
4558
5330
6044
4671
6395
6562
1493
4624
4716
5729
7419
292
7665
2
1973
2417
3586
3645
4602
5345
6487
3306
1685
6858
8408
8469
462
5496
4435
5062
5770
5880
7957
8608
6004
7510
8626
8769
8935
2626
3654
738
7485
2562
8238
1369
5043
766
3045
5397
7478
8550
8563
2704
8695
8937
8999
658
1167
2392
3431
3696
5951
3419
4696
7318
9004
7134
4253
7861
9130
9211
5684
9403
3048
9496
2010
8416
8584
9023
9513
174
3067
3434
3926
3833
6925
3193
3609
7037
7973
1490
1710
5018
6865
7173
9381
597
1022
751
1618
181
1243
1425
2667
2726
501
602
789
1122
301
2103
2719
1790
2043
2753
4570
1428
5254
572
4137
5326
5393
5575
2104
5818
6064
2087
1245
3468
3744
237
3950
4412
1051
6027
1489
3156
806
2501
4632
413
6071
640
1448
1878
1203
2438
3121
5425
5944
6130
6148
6422
6919
6996
7012
1136
3049
226
3333
423
3087
2657
5378
5505
5779
6254
555
7094
5870
7081
946
7101
7118
7213
7320
7322
2429
1027
7425
20
6252
7546
7587
7771
2313
314
3226
4953
2807
3660
1617
3843
4565
4215
4990
1299
5537
5552
5686
157
1443
6797
2708
7392
3050
7453
2312
721
4184
5567
7893
550
1875
7009
4685
4546
6683
7457
4241
6822
7611
7930
7954
1511
2294
4517
6893
1181
4073
2580
6321
6537
521
7002
8004
8074
8117
8213
8451
7766
6203
5498
8577
8660
8667
8677
8690
1484
2477
6662
4020
8701
8795
7456
9005
9024
1999
7454
9124
2161
6365
8843
9219
5207
3273
7275
6615
8054
8653
9267
1375
4407
9340
1069
1465
9065
9502
4419
6005
8724
845
3314
2610
3897
4782
5878
5965
6948
4989
7157
7304
7532
4127
6469
9095
9539
9567
6628
8080
9574
1261
9580
2230
4199
1411
283
625
4797
5964
1046
2606
4711
992
5298
919
5462
6265
6625
7865
5834
8267
6264
6224
7619
9035
9125
9443
9602
8735
9616
613
221
1815
2810
3149
3488
3496
3533
3683
2952
3935
5118
2702
5467
468
6041
3035
6554
7060
781
1257
1726
2821
2846
5825
2482
6306
2969
6778
1236
5971
1413
2942
6840
7146
8038
8205
8618
1429
5688
9663
4084
9711
4261
9071
9729
9835
7078
9844
311
453
7550
1472
3307
7559
6173
6726
508
241
1892
7960
8392
1852
5074
5652
2845
4938
5864
8484
9099
3656
2066
5095
5851
6390
2935
6705
7057
129
1813
4211
5156
7413
7868
8896
9233
9544
5517
9525
5131
2415
6650
9550
9607
3896
9693
2021
9870
811
3410
4049
1707
6736
3532
6325
9882
9893
4318
159
6338
9918
9924
3145
677
4613
8372
9926
676
9717
9934
6962
5843
7965
8050
8630
2817
6775
2503
5232
8207
8217
9460
7822
176
9569
3131
3711
6592
6974
8354
9641
866
9810
2589
2444
5499
8246
9938
668
1836
812
2553
2586
1812
5744
4046
7001
2478
123
328
2910
3248
3795
1385
2824
3955
4841
5072
3167
5002
5255
5262
6343
3209
964
1235
4143
5033
6790
6869
6991
349
1514
3689
6123
714
41
1366
3529
6580
5923
5815
2264
6618
4963
6258
6953
1114
6152
5503
7184
7198
7349
7564
6490
2965
7573
1142
7628
7678
7920
7995
8024
7229
8258
8262
1545
2335
2887
5210
7722
8307
1542
2259
2512
653
4530
8335
8684
8730
627
4522
8767
6368
8824
4028
6439
7086
3704
7034
4152
7488
9030
9077
3321
5288
9123
244
255
1374
24
1620
3007
4296
3907
4626
5852
6101
451
247
3856
5249
6257
6513
7348
6340
8173
1678
724
8283
1454
7168
2276
4220
5031
9160
9240
1438
7931
9303
3040
7362
284
1436
3476
4082
1598
4022
7049
7199
7396
7945
7984
9374
929
4736
9440
8583
3063
6170
6361
4846
2157
3627
8223
8663
9441
145
4230
5620
6604
3216
1660
7731
9447
6894
458
5057
7825
76
2947
4552
5846
6908
9476
9542
3767
4931
8016
9560
1074
3685
4364
4673
4767
1360
5504
6089
7471
8030
3369
4717
8816
754
3823
177
6112
6743
6982
7005
7602
7981
1041
8899
9174
9304
6065
2718
9595
9662
9667
9689
9861
979
1890
3353
4603
3329
4098
8365
6011
8700
8796
9453
2768
9933
58
5767
7450
9943
1955
2194
4004
4972
8227
4050
8420
4010
3137
8990
5454
5069
3571
9256
9745
1773
9945
3735
4311
4454
1821
5370
6212
7598
4469
5522
8620
8873
2781
9056
9090
3605
8905
1929
3899
7835
9296
348
1780
4124
5649
9305
1330
9378
4065
9953
9963
3709
3618
4148
4680
3746
8023
3765
1979
948
3979
4978
6050
4297
6897
2131
7658
7774
8945
5305
7041
7936
9366
3657
4120
7974
9842
2349
3295
268
335
960
3475
3563
3853
5583
3228
5795
5723
545
5885
6178
1214
2488
6214
6219
6360
8368
1455
1879
666
5651
2762
3161
5984
4520
629
7504
8377
8689
2766
9008
6868
7642
635
9029
1721
9338
9346
1253
3603
5821
1244
7031
8379
4513
8978
5468
9010
9439
9708
9845
9964
478
161
3198
3681
4031
2094
873
2149
588
3011
3139
2841
4138
6656
3391
4064
2849
6892
2288
2663
3316
1164
3921
4298
5346
5447
6964
6720
7236
7500
7679
1778
2068
3617
4101
5540
6045
6048
1633
6714
589
6002
7798
7862
4515
4541
7746
7969
1492
4018
861
2229
1485
2684
1663
3845
402
1021
1378
3136
5114
5692
6164
5629
6854
7114
7503
7961
8076
3159
276
6867
8194
5572
8242
8311
7120
1649
1192
8062
8360
8437
965
309
8519
8543
5659
8564
8581
8855
8960
8972
1748
2911
9040
9062
1404
9358
595
2146
1576
2121
3059
4875
6668
8176
1108
2102
5623
8511
7222
5748
8190
2679
6504
8168
1829
6367
8411
9170
9591
9608
3258
1916
9636
1908
1863
2967
3739
5291
3499
9763
1612
5276
1669
3042
5780
6647
1070
996
3446
4413
5065
5822
7687
5251
8412
8530
333
4694
8649
4439
4333
6572
2888
2944
5920
8831
9001
1980
9690
9764
9849
9927
9965
3146
3830
5163
1419
9966
2755
6003
6099
7661
441
610
729
1513
1431
2752
3589
14
2005
4144
5464
540
1796
2083
2725
6233
6333
6680
7239
68
7
583
649
984
1067
1522
904
2339
3123
431
2904
3132
3388
3415
3741
4348
4545
4750
4915
4929
5180
4094
5066
163
4147
4489
5191
5481
167
6031
6366
141
5236
6086
6451
7268
7283
655
2374
7393
7481
2253
5195
7526
4525
7670
112
2537
1091
3493
7711
7750
7853
8162
8290
8345
3199
3448
7521
2751
8131
8391
8399
3989
8427
8696
2127
8748
15
1482
4203
8784
3181
1301
2303
6210
7140
434
1735
3932
9172
7523
9254
9442
762
1238
1397
1693
1803
2260
2053
3320
3637
2272
5150
6401
1604
2487
5901
216
773
6641
5777
7428
7641
7738
661
8405
8759
2732
4726
6430
6830
7810
8835
9379
9528
5084
5849
6583
7083
7084
7563
520
1624
2243
3313
6930
4645
7635
7758
7584
7980
9036
7253
9152
9563
9564
9630
1500
9639
9656
6074
9723
1034
1036
3218
3465
4306
9780
1567
9827
9947
9976
2618
1358
6055
5134
8124
8716
463
5501
272
1213
1903
3219
3610
5909
6163
6407
6772
7403
3303
7567
1171
7614
7988
8732
8813
7749
9235
9609
3351
1475
9683
9859
9978
9983
9984
173
982
90
1555
1806
306
357
1361
2084
1380
1410
2233
2369
2595
1087
2744
1601
2277
1946
2319
2757
4062
4197
5008
5286
4721
5577
1323
5593
3731
5401
1370
1667
4867
1772
2951
5058
5432
5622
5645
5666
5762
5802
5680
3756
5919
6013
6253
6723
3070
6973
6998
7068
7127
286
1154
4259
5010
931
5394
6200
7555
7696
7706
7465
7708
7801
8025
8144
1240
3565
1178
3380
4817
4987
603
5747
5809
8222
503
1474
1937
1952
4583
5595
5774
6849
6981
4313
7407
7609
8517
4441
5625
8532
8535
4404
5842
7089
7135
731
7225
7443
8542
4563
4927
6221
7494
8898
9032
2956
9034
1222
5272
5285
5626
648
9068
8414
9093
4528
3535
7511
7654
8431
9100
3383
2756
3827
4574
5231
5472
3243
2574
3690
116
2116
4016
2213
4401
4468
2541
6246
547
5309
5709
6557
3508
5742
6933
838
248
3178
1147
1488
3227
2656
4030
5257
6059
7035
3299
2504
1131
2480
2590
2985
3379
877
17
1026
3058
3673
1943
3985
3098
4256
4933
3171
477
5461
4610
5077
745
1259
2036
5
2078
2489
3384
3515
4279
5838
6060
6147
6250
6327
6330
5990
6406
6470
5728
6511
6740
217
1433
6788
7077
1757
211
2747
5673
7119
5741
7255
6607
7272
7359
7376
1003
4627
5883
3420
7657
7824
7919
8047
6524
8049
6591
6465
7653
8070
8096
4278
8143
8393
8503
8534
7206
2647
7689
8570
1239
1329
2881
8737
8852
8871
1644
2514
2666
4838
7629
8911
7959
2600
8994
9086
6943
5007
7986
7625
9119
9121
9132
2660
2770
4118
4459
4856
5206
3566
7241
4724
7872
1469
6629
7967
6111
3814
9148
9168
2439
9201
9264
9271
9301
8493
499
1103
3202
9311
925
2459
3484
3970
2148
4415
4822
2515
282
428
711
3825
4907
5837
6619
7014
7337
7191
7389
7898
8395
2240
8683
8744
9101
9115
9157
9335
2163
2522
4567
6143
415
6280
1423
4335
3636
7444
6037
7744
7975
9394
4780
9404
4417
9408
2387
9415
6235
7282
212
8362
9283
9422
9445
526
1827
528
810
3069
3052
3650
8655
7827
9449
289
409
2469
3768
577
1799
4534
3296
4740
5152
5336
6184
7256
7432
2542
7489
787
3729
7694
4839
9214
9455
1967
3818
9457
9497
782
9594
8358
9638
6573
9665
8063
8490
3242
9687
9718
5548
6309
7188
1075
2348
400
3887
4666
2105
36
2830
4650
4733
5319
2838
3962
5347
5831
5906
5961
7150
7310
8029
7429
4962
5311
8865
9285
9317
6579
9461
9741
5497
9147
1491
4968
5037
9749
9770
9787
9837
9847
9851
9756
7342
9865
1901
4466
4146
5297
8555
9322
9942
4464
5718
1255
6283
1440
6082
1315
6447
504
6462
6643
7096
7207
2351
7604
7814
8356
8523
3265
8752
5167
8842
1936
9009
9138
9776
9805
9928
9970
8893
9980
9985
1687
3579
2219
1280
4840
5097
7741
7906
6988
3847
1113
2111
4351
769
4418
5335
5730
447
8152
8249
6555
3531
5609
8292
7470
973
8510
8829
9131
3942
9332
6450
9390
9413
4157
2192
8992
495
9879
338
9884
9972
9988
1206
2026
2581
6094
7121
8158
976
9994
2210
