121
255
151
213
265
250
75
299
195
166
57
77
20
34
49
294
179
160
118
237
58
97
276
231
40
158
234
84
63
48
47
92
70
289
42
270
256
248
211
147
102
159
19
233
177
219
85
50
113
25
1
152
66
261
80
132
28
188
106
253
185
287
217
138
46
212
226
22
10
238
3
218
55
93
35
38
128
104
61
32
247
69
0
201
114
207
191
103
53
108
204
146
291
167
184
11
203
112
59
56
44
95
68
198
215
189
154
172
9
283
223
125
244
17
86
298
161
240
81
21
275
142
271
205
144
83
286
27
197
156
243
88
133
216
282
33
105
176
124
252
137
183
67
194
82
129
162
266
143
76
274
173
192
239
251
110
241
111
71
200
115
5
254
269
165
122
78
141
15
6
109
54
150
296
12
232
163
230
168
178
13
149
64
206
23
174
249
52
259
2
258
190
186
24
100
220
4
268
236
277
288
157
297
96
164
210
175
65
135
16
199
295
170
180
43
169
30
222
117
242
131
31
182
209
139
99
72
263
153
187
91
221
214
26
136
39
227
279
292
264
90
260
278
36
272
73
123
196
267
281
14
235
8
7
87
202
246
285
181
89
134
228
245
107
155
41
280
208
171
45
94
273
140
51
224
116
62
119
127
101
148
98
29
37
257
229
74
79
290
262
225
130
293
193
18
126
60
120
145
284
