300 5000
36 170
144 55
134 188
292 285
291 31
277 179
213 46
228 257
159 260
70 138
163 248
72 258
41 114
158 83
192 249
51 260
244 155
144 283
86 49
150 37
56 264
61 255
152 274
133 212
232 31
142 71
219 132
294 235
22 177
287 89
24 113
67 213
205 58
189 254
127 97
280 137
82 42
61 139
143 86
59 96
188 210
115 14
169 272
279 185
188 63
238 258
98 53
249 204
119 30
106 281
190 255
134 186
161 83
45 296
269 1
82 150
86 38
33 155
21 24
201 32
23 247
183 58
170 236
263 198
165 191
86 57
234 244
270 91
75 41
15 243
134 68
183 2
155 49
274 112
154 149
40 216
169 123
258 212
178 262
51 12
168 99
189 210
161 276
143 267
75 276
177 233
51 35
89 30
186 227
76 260
242 96
119 20
80 4
162 107
245 167
130 132
239 77
189 188
60 95
128 25
193 130
128 167
73 253
93 47
228 117
67 198
232 187
26 267
296 138
46 149
150 119
82 63
241 8
201 41
129 145
117 146
111 210
188 65
192 188
201 225
209 227
292 170
98 165
217 105
112 101
17 255
287 113
167 122
27 186
180 236
7 265
16 101
163 111
162 247
144 116
274 44
15 60
224 28
45 226
96 27
248 68
269 127
232 139
115 192
11 214
102 267
219 249
240 57
88 131
292 180
19 298
168 170
154 57
35 139
182 212
298 236
40 95
215 179
190 7
62 164
144 147
83 44
234 97
269 138
211 176
284 157
159 204
70 279
279 71
24 50
61 226
206 188
124 168
294 245
157 225
292 220
284 0
228 49
154 285
8 299
255 272
0 110
34 148
58 283
279 247
108 139
270 261
184 104
169 171
15 225
290 160
142 277
140 179
102 99
202 186
243 120
124 109
206 204
70 131
290 280
193 117
284 25
68 137
48 46
47 206
250 283
240 20
7 99
273 131
188 226
51 236
294 101
148 173
276 195
188 30
286 34
292 21
270 2
8 278
115 142
257 155
215 218
36 165
150 247
127 28
72 118
154 196
162 214
136 185
108 130
82 3
12 149
155 99
165 143
22 139
263 183
21 217
296 53
192 85
292 89
54 238
43 97
152 267
163 177
246 88
218 207
274 56
156 149
4 172
7 84
9 191
104 41
254 253
97 251
69 158
144 24
215 25
257 288
139 272
96 84
54 235
26 65
289 141
287 267
47 106
64 226
101 226
43 86
68 91
89 105
150 223
284 258
273 37
92 10
52 195
219 296
23 146
298 151
280 195
284 169
133 296
136 47
40 261
147 113
186 46
265 113
92 8
89 194
51 77
259 143
7 283
36 210
192 37
115 78
107 152
7 53
273 168
170 132
208 225
289 76
143 121
141 209
154 187
261 281
294 139
288 62
108 87
215 88
266 216
269 245
46 103
94 293
263 60
239 250
20 126
104 260
87 141
106 235
215 235
163 100
75 113
51 34
287 158
55 256
269 20
221 81
96 1
281 196
80 64
203 160
171 56
7 167
18 14
85 254
262 247
99 195
280 245
267 118
284 140
35 100
43 218
277 264
234 218
255 179
229 62
4 31
152 14
124 175
135 109
8 29
284 112
40 25
45 15
138 37
250 272
76 63
192 8
93 286
139 226
295 85
192 261
243 225
208 195
3 170
160 298
160 56
148 153
224 7
146 105
151 9
152 72
182 245
295 156
242 133
124 42
297 36
50 46
242 37
183 103
115 123
125 148
159 221
291 49
140 208
123 280
14 100
128 191
290 133
87 72
263 109
72 6
21 244
16 132
182 31
158 104
289 149
19 204
71 170
214 42
82 10
1 176
36 280
297 38
265 205
123 122
87 232
48 79
47 216
184 100
297 92
289 256
83 288
58 272
20 187
36 266
104 20
129 53
80 170
206 183
214 194
240 271
72 104
209 118
40 30
204 101
199 171
290 238
282 172
92 171
218 97
84 276
68 260
241 256
29 58
289 132
158 165
192 285
167 249
283 101
69 42
3 220
286 131
193 197
151 204
59 32
254 32
127 121
119 31
290 158
51 156
125 41
68 256
102 58
231 121
234 85
23 275
135 126
61 114
170 221
295 223
92 84
128 239
61 183
185 46
231 154
118 255
56 14
157 180
116 260
292 85
25 38
48 271
98 99
28 249
62 223
175 164
19 8
154 84
57 251
284 248
284 294
92 153
265 62
94 37
200 256
45 84
189 184
263 209
283 14
224 248
116 176
232 37
71 31
276 132
291 149
107 210
196 277
104 111
268 122
279 10
130 121
249 31
41 30
287 122
288 139
3 75
161 7
148 101
68 121
242 156
83 50
64 109
160 274
188 46
171 239
154 212
238 250
165 42
19 12
186 130
3 16
96 223
169 97
118 81
259 236
110 138
182 235
160 272
241 275
87 262
160 92
40 226
244 29
259 160
241 262
21 207
75 72
89 39
107 100
261 85
278 111
193 75
292 80
82 9
140 120
181 224
151 207
170 293
270 7
25 123
175 84
8 112
40 147
59 48
87 240
123 32
172 77
54 71
211 58
59 99
118 194
116 38
292 202
171 28
294 257
279 283
134 288
115 41
166 221
245 275
76 249
242 206
173 195
202 113
295 192
131 32
193 15
196 253
224 206
136 254
43 210
136 193
140 167
276 2
129 271
107 209
162 299
275 121
11 237
175 204
48 88
245 34
153 223
137 235
278 81
211 131
275 28
268 9
17 13
136 60
23 298
178 85
123 77
51 71
42 62
244 114
192 176
172 170
188 167
257 247
257 244
197 9
257 154
51 266
239 30
150 77
219 91
136 57
252 46
23 267
163 10
269 240
23 258
45 125
83 126
67 191
252 74
78 255
124 111
108 31
210 77
203 102
67 106
70 34
139 13
69 225
23 213
133 27
76 173
267 291
108 4
139 2
215 170
85 114
232 284
115 294
220 8
4 96
72 117
9 12
143 227
55 57
76 217
245 31
229 78
86 176
281 6
130 118
23 74
115 122
190 58
66 30
175 52
281 121
135 258
27 52
189 47
2 13
126 100
116 180
0 81
233 196
297 89
67 172
178 146
181 8
287 52
33 49
116 1
250 221
283 131
234 132
43 99
43 169
153 101
69 98
259 169
98 181
156 0
96 170
111 277
38 223
171 237
297 277
23 210
51 88
284 29
240 250
51 240
185 173
127 46
156 214
294 57
108 154
252 270
145 168
68 271
252 132
290 187
174 18
75 265
274 126
11 217
67 25
36 20
11 78
294 236
250 121
235 187
263 235
140 295
267 53
66 240
144 141
3 213
9 155
192 211
56 227
246 104
270 257
45 63
262 233
160 280
242 25
189 26
67 27
229 241
85 126
173 260
70 265
23 185
116 167
174 100
259 228
56 210
64 26
200 261
48 100
153 207
106 247
170 299
190 0
292 52
173 212
86 254
65 109
104 32
197 58
178 235
20 114
175 100
98 274
107 11
16 138
108 178
109 53
60 49
121 260
57 283
285 53
214 264
208 170
273 140
270 131
140 168
297 243
159 103
9 95
282 102
218 283
215 42
215 84
287 55
39 216
168 262
259 64
266 39
234 169
60 104
59 260
48 256
231 5
275 264
245 253
193 6
279 277
22 246
90 13
115 185
161 20
206 85
252 226
150 20
130 131
186 29
145 12
284 73
89 53
201 275
289 227
152 56
85 179
279 276
43 158
281 264
182 256
123 221
287 205
273 267
58 90
128 258
173 81
86 265
269 58
127 32
42 46
161 104
288 237
61 221
158 223
3 207
23 76
160 2
268 123
266 157
231 217
241 199
102 176
203 167
199 46
164 296
85 213
158 126
160 1
281 113
288 179
96 54
11 194
271 125
16 50
61 2
295 280
108 140
150 116
14 255
269 273
269 110
102 257
71 225
89 210
266 176
256 243
47 283
200 135
284 283
127 295
129 121
270 73
289 53
185 293
297 63
231 127
156 191
127 94
82 197
75 20
56 111
83 77
159 285
75 180
290 93
279 39
169 228
292 61
261 249
184 256
155 173
21 201
43 104
147 126
189 217
59 159
236 179
11 139
119 217
174 271
242 211
107 274
98 239
86 109
143 199
172 195
213 253
113 293
121 132
248 285
188 179
248 188
140 211
119 62
199 233
240 7
160 148
5 253
107 112
274 103
69 165
124 265
69 100
259 20
38 216
279 125
181 170
212 81
36 260
169 270
129 101
129 43
265 97
238 167
16 122
181 95
19 101
258 17
59 18
233 296
128 223
242 13
176 217
295 183
215 123
189 92
248 225
78 114
186 63
268 47
143 244
205 225
274 17
2 138
229 221
199 225
211 212
282 235
279 275
52 120
96 88
297 158
8 122
218 110
172 201
0 197
252 37
144 109
231 197
25 84
71 281
93 205
228 17
248 116
246 8
145 131
192 254
218 42
206 58
183 57
234 196
200 130
57 81
270 216
58 264
178 207
28 173
145 6
156 53
230 29
240 179
23 245
85 132
127 51
284 250
7 29
15 270
38 31
183 7
190 176
112 52
66 79
36 48
231 175
99 114
93 152
42 26
235 272
175 187
22 56
123 48
203 279
172 183
142 272
183 244
269 122
107 39
106 110
176 58
80 47
246 204
256 81
36 58
287 296
168 13
52 243
25 54
275 46
108 117
193 126
3 85
241 101
69 33
140 272
115 280
67 184
119 103
70 211
154 121
284 13
54 89
94 183
67 82
19 16
99 255
93 126
94 216
106 295
15 277
10 238
241 239
75 34
245 118
14 37
228 208
16 277
291 237
166 111
6 81
267 31
281 210
226 225
63 111
181 56
211 44
214 238
154 180
154 28
12 170
61 76
183 235
72 179
278 105
219 24
100 13
296 14
183 267
286 190
97 88
248 149
169 206
296 235
215 168
56 53
69 159
87 6
289 44
76 9
116 131
177 240
3 287
40 210
130 255
108 93
259 271
266 191
129 222
85 153
102 123
277 13
181 244
55 73
248 9
158 250
293 212
197 28
180 120
54 24
178 139
250 260
289 63
36 79
127 133
135 267
133 135
178 257
279 72
67 14
193 219
283 179
107 4
252 169
102 44
25 246
91 195
116 24
209 291
268 54
181 195
67 237
222 210
292 270
21 261
150 51
161 165
82 80
42 29
59 115
21 83
214 149
261 52
244 28
117 62
130 90
68 235
241 197
87 194
178 299
67 264
289 197
241 223
34 186
93 276
204 196
54 258
241 210
268 188
273 138
285 125
273 19
246 13
243 253
152 236
93 197
137 6
82 60
82 116
252 202
270 9
250 155
160 223
206 37
173 100
292 93
124 31
14 264
59 10
208 256
27 132
145 4
4 74
242 166
76 233
147 13
127 54
25 181
256 281
51 195
201 31
108 227
3 62
119 206
88 233
186 122
62 293
265 95
262 5
87 116
167 79
28 1
265 5
165 6
181 73
254 225
11 117
123 118
274 116
261 277
190 72
162 291
161 266
98 142
224 27
270 26
214 138
183 288
160 137
147 103
23 32
168 233
228 105
159 154
70 281
22 281
290 165
2 293
41 100
215 33
160 81
6 46
295 133
214 109
206 1
123 208
205 221
297 168
258 283
248 81
87 130
51 204
159 265
238 89
279 126
160 39
192 187
288 30
2 79
248 86
248 10
67 274
290 72
124 58
109 13
123 44
155 31
286 68
161 176
276 118
230 221
154 147
181 264
7 112
125 126
113 81
142 130
162 46
87 296
54 233
51 106
169 5
56 57
20 37
89 24
106 190
273 221
89 1
97 90
4 293
8 233
282 170
215 177
284 189
128 209
242 28
2 237
172 207
50 13
59 250
118 30
135 260
171 100
162 277
260 79
55 260
55 133
292 264
172 99
124 255
256 30
93 50
141 81
174 283
294 180
178 49
65 249
245 132
143 204
268 71
82 94
87 16
145 256
10 221
269 295
266 53
96 32
171 262
74 186
164 179
178 110
42 185
289 223
279 201
177 142
189 31
91 5
283 146
103 253
214 278
127 255
25 161
228 142
127 182
233 46
271 1
70 117
123 49
157 101
166 81
107 170
116 247
80 173
52 99
274 275
229 212
189 164
282 292
265 103
215 238
80 286
67 241
86 281
211 254
19 121
139 187
218 10
34 217
166 91
61 16
166 86
72 164
23 285
263 189
70 77
91 101
1 235
96 198
281 149
224 137
169 89
165 216
107 133
67 183
3 255
97 31
126 30
40 12
215 48
127 37
70 173
282 262
73 226
156 245
16 227
202 118
168 65
136 218
127 17
263 49
289 270
66 245
200 164
3 135
265 101
115 186
193 157
220 262
232 16
288 258
82 139
200 249
202 127
96 258
67 238
185 97
219 6
120 187
232 90
125 237
16 126
67 111
40 76
38 191
230 66
108 249
236 120
9 122
215 73
259 192
60 198
189 214
56 31
23 166
171 251
222 152
298 75
160 35
208 62
163 294
21 148
273 212
32 264
169 196
181 110
129 155
183 139
22 199
16 39
230 214
282 61
23 116
84 9
211 52
201 265
59 164
203 13
63 77
89 216
132 293
96 37
16 78
181 42
252 124
230 196
241 194
270 160
153 121
61 39
69 157
198 167
241 13
60 216
193 54
283 237
295 71
289 48
86 245
154 20
136 293
129 79
268 104
94 86
87 61
224 288
269 197
215 9
188 90
59 125
73 12
282 298
115 1
103 264
203 285
140 152
3 124
22 221
163 36
293 187
297 263
182 103
47 170
95 100
266 217
252 208
232 71
52 88
298 105
20 146
220 201
125 264
23 54
136 78
231 240
232 50
40 138
188 62
297 160
106 275
47 1
172 44
181 146
150 221
230 50
188 132
244 235
167 77
145 293
27 277
165 278
87 104
230 266
47 262
142 111
203 100
215 223
119 49
158 38
80 169
158 151
64 137
268 36
259 149
73 116
11 32
243 195
259 26
166 118
168 160
290 180
161 238
196 91
139 44
214 211
219 250
213 77
87 44
150 183
65 260
166 294
215 40
133 57
92 212
117 49
98 61
246 99
0 131
10 249
34 118
278 122
48 243
127 279
101 32
201 209
269 141
289 98
136 153
285 78
192 122
87 264
74 38
179 90
181 160
178 213
242 223
162 76
110 120
216 272
292 206
44 210
150 155
144 259
112 299
50 90
298 217
9 260
158 182
162 96
220 206
17 212
116 146
4 99
197 91
134 196
134 250
232 238
292 284
102 40
107 202
86 251
270 111
172 29
165 288
48 75
144 243
251 191
286 122
161 196
70 286
226 210
219 101
177 44
228 200
43 227
170 196
214 126
202 26
228 261
268 273
133 0
48 251
191 122
268 23
50 236
3 253
171 88
96 7
178 278
282 76
259 151
193 106
101 17
151 196
6 132
26 250
190 206
254 247
268 1
27 18
146 149
36 121
10 62
45 236
80 132
259 153
287 209
217 100
266 291
244 196
285 191
265 219
66 200
96 156
10 99
190 50
55 90
3 128
16 219
215 279
245 135
228 157
82 62
12 13
269 117
216 131
89 72
182 139
85 90
10 154
123 196
157 170
215 46
70 184
177 17
245 29
230 0
81 253
271 226
22 49
51 212
232 130
242 79
76 51
69 247
62 103
48 212
261 7
220 243
134 228
136 97
202 192
249 91
252 123
181 221
147 2
48 131
20 264
133 244
98 38
192 2
19 7
92 245
234 125
15 198
21 101
203 183
74 103
21 216
265 52
54 117
25 201
177 217
43 198
202 248
268 158
45 43
206 104
26 249
94 251
242 217
179 225
215 286
35 149
184 1
4 167
181 89
111 113
209 187
287 184
70 199
224 103
19 221
294 68
259 229
87 4
215 150
39 225
108 176
75 26
198 257
171 24
102 261
254 235
18 243
215 248
216 264
158 204
40 255
43 29
82 143
167 111
229 151
135 62
235 149
11 104
142 154
248 28
125 101
59 94
269 267
270 149
158 138
44 217
275 100
246 120
280 121
22 130
163 118
245 155
160 255
41 109
4 270
22 186
158 198
143 27
278 113
160 53
192 260
296 221
115 105
162 91
241 176
8 265
172 35
241 235
44 149
66 5
82 257
228 147
70 135
128 18
43 286
219 141
297 121
70 189
110 262
19 81
252 161
16 275
198 49
231 299
159 279
252 1
130 30
152 165
288 283
139 88
286 29
290 25
64 139
244 101
239 20
29 57
162 139
43 239
136 12
124 191
40 248
45 250
70 53
299 100
22 266
296 58
218 299
108 273
207 99
18 260
57 293
162 100
270 266
52 38
107 207
287 152
244 91
257 10
87 205
275 277
83 16
146 247
64 120
67 35
48 103
112 258
268 25
10 147
198 139
167 78
198 264
72 91
4 53
273 263
192 283
178 199
115 38
76 24
289 229
297 83
111 237
35 195
4 152
112 250
23 205
60 184
165 201
43 180
174 179
244 84
211 28
18 39
54 250
172 280
269 120
70 245
273 60
86 233
227 253
102 47
168 187
140 214
287 153
250 153
169 285
143 101
254 121
211 8
35 56
268 244
86 225
142 291
168 210
85 185
0 132
159 34
229 54
144 60
69 274
12 293
163 37
250 217
254 99
289 21
69 99
82 227
141 118
25 47
285 44
143 167
222 161
260 122
51 41
67 9
42 238
271 258
197 147
58 149
106 157
36 56
74 92
87 184
184 139
55 78
177 272
175 30
230 126
127 228
275 30
59 156
183 73
6 194
276 63
241 257
65 148
42 266
144 163
279 35
163 157
282 38
21 53
61 44
189 211
7 6
243 99
80 255
67 28
7 149
222 30
92 68
87 261
288 1
43 167
271 30
69 19
234 22
23 15
102 280
12 2
163 258
169 125
162 235
88 53
268 163
33 20
11 51
44 39
69 106
102 223
256 253
11 72
181 32
197 157
128 227
164 235
297 213
99 272
86 277
108 89
136 181
163 281
274 97
66 135
165 16
68 154
137 105
106 130
152 26
230 293
83 41
165 95
123 165
220 147
252 277
44 195
124 272
116 105
202 58
193 199
144 121
168 149
232 42
70 161
215 58
106 154
268 191
92 57
177 57
234 141
107 171
293 195
160 265
282 66
54 298
91 216
206 276
165 79
36 1
230 101
176 187
248 20
108 149
266 186
127 111
290 278
85 1
236 122
70 164
82 181
67 6
129 85
286 191
124 243
203 295
252 109
88 173
181 149
60 160
74 221
273 197
144 156
263 46
137 236
192 44
231 293
59 223
273 279
168 295
185 226
239 110
263 6
247 53
144 123
165 28
32 191
124 227
71 250
55 109
116 251
35 132
44 216
232 1
46 235
144 190
134 279
268 195
152 249
297 187
155 132
66 141
66 38
178 106
248 117
36 237
243 130
213 20
231 200
166 19
294 50
157 281
133 20
162 280
201 78
198 265
145 173
224 58
163 244
6 173
218 257
36 254
286 186
124 153
186 77
19 194
21 271
174 209
0 245
34 89
65 272
56 281
136 239
224 156
128 111
19 45
145 49
252 205
96 280
155 283
270 180
287 262
268 147
26 111
242 140
259 250
270 103
82 185
149 122
168 91
64 88
254 63
190 256
262 173
98 8
29 272
10 117
85 276
28 272
177 237
197 258
278 258
86 53
206 135
276 5
23 161
106 188
128 142
95 105
80 12
159 137
197 291
202 34
45 220
56 5
24 283
205 72
11 90
80 299
21 159
82 286
48 281
66 184
263 152
274 219
22 51
4 90
214 50
124 199
132 49
166 76
232 70
92 50
70 299
96 214
127 270
289 18
19 112
11 171
4 199
35 37
182 101
267 41
164 131
220 247
61 198
22 44
11 295
229 73
66 164
93 12
151 194
178 190
248 296
108 212
214 183
193 88
163 179
134 258
116 238
289 279
83 51
275 173
248 52
201 101
285 17
271 89
124 198
164 31
122 53
224 207
16 199
127 26
227 62
166 258
96 208
195 179
55 34
203 218
270 275
270 278
18 97
163 40
83 211
157 97
250 13
62 137
285 272
294 154
4 260
200 137
259 48
211 32
48 28
108 42
265 89
269 109
69 255
155 209
144 205
282 44
250 194
232 38
7 219
257 201
52 194
270 5
152 99
249 77
224 20
218 49
147 121
289 124
160 200
268 12
74 208
144 238
98 79
129 164
119 86
275 38
257 173
133 260
60 138
231 169
124 77
129 125
63 260
117 78
223 114
193 277
178 291
234 123
64 255
56 79
153 77
9 221
120 299
115 277
18 138
46 101
181 117
203 138
107 154
208 33
82 112
163 78
222 223
98 183
203 245
288 37
234 191
16 148
195 122
222 196
142 31
129 74
252 88
54 122
133 117
229 201
222 79
226 237
66 64
203 7
201 75
295 235
51 271
138 272
68 233
222 248
200 147
279 65
282 275
202 92
202 71
129 55
215 12
104 131
76 121
40 169
15 53
189 112
110 49
287 204
106 200
199 26
178 140
128 138
108 128
262 225
165 151
104 6
248 154
287 272
265 6
263 218
71 147
66 285
35 0
128 237
142 217
146 194
51 206
244 122
65 12
203 268
95 216
18 46
12 31
108 119
154 125
61 174
191 53
192 183
245 27
67 1
107 195
162 262
106 198
222 123
107 223
142 250
136 13
182 219
144 76
4 130
203 263
123 7
116 44
211 6
259 106
148 139
93 173
70 9
69 270
289 136
219 131
67 208
273 185
192 149
161 114
107 243
158 288
168 220
158 75
50 114
94 187
35 14
85 265
60 71
133 188
148 191
144 92
125 155
3 50
156 139
198 118
87 75
1 41
150 241
69 2
89 118
142 175
115 74
298 30
102 295
26 225
174 38
98 213
287 68
281 112
238 296
52 249
35 235
279 30
98 64
159 9
229 213
263 30
270 54
55 250
7 260
1 99
40 146
22 160
70 28
200 194
80 180
89 6
36 137
91 217
206 33
76 17
289 57
19 63
206 272
19 235
267 46
93 10
211 226
291 210
40 238
190 17
199 105
265 63
36 26
25 253
19 117
295 253
262 49
67 26
124 298
140 101
168 279
170 207
177 171
167 194
11 298
229 288
263 262
25 214
197 63
172 187
250 243
54 52
198 240
181 173
206 280
276 213
56 147
186 221
249 247
295 233
268 74
147 210
61 253
130 46
108 7
248 100
209 78
127 266
129 201
3 123
205 176
186 226
76 79
59 266
297 145
180 167
29 17
23 208
262 149
294 240
180 212
125 9
19 191
268 117
142 13
61 244
162 218
161 50
208 255
156 130
177 2
175 291
89 9
265 146
178 71
248 207
276 18
169 194
142 205
268 41
213 216
60 272
76 16
68 139
193 256
2 277
274 233
4 119
41 13
54 125
115 190
281 126
262 50
172 7
17 293
134 169
161 132
123 251
92 138
18 50
169 197
165 146
4 278
121 253
57 170
42 299
238 104
107 288
222 149
136 235
211 138
178 40
251 149
177 32
152 224
47 73
119 24
87 220
156 31
66 20
101 113
52 105
116 49
159 79
203 101
110 65
218 243
141 101
55 186
222 276
129 280
18 196
45 155
193 27
66 37
61 78
181 233
268 290
165 39
42 39
47 190
232 253
236 132
4 261
209 38
271 171
177 56
258 225
129 181
231 32
286 24
161 227
64 113
22 190
242 146
205 41
70 114
36 8
203 264
58 212
59 162
135 38
15 5
279 264
134 131
193 283
145 14
45 281
79 95
144 267
107 241
148 13
208 235
151 219
265 91
167 146
136 110
202 90
44 146
193 33
231 117
230 116
163 131
9 39
269 185
211 285
275 254
287 265
116 237
2 88
177 10
290 0
297 188
193 73
4 100
224 88
94 78
107 111
175 92
263 111
59 283
46 122
290 245
130 207
64 277
277 37
83 32
263 39
23 297
124 260
104 291
42 296
236 293
270 34
144 241
21 113
188 164
83 270
69 118
124 63
108 254
35 239
65 99
208 139
123 96
284 253
67 30
134 95
59 42
297 80
52 122
136 266
221 122
83 296
156 179
232 256
53 225
144 257
274 133
193 24
21 291
7 217
224 30
127 210
92 201
296 225
92 299
152 246
85 37
223 30
298 288
62 14
253 114
212 255
25 72
220 156
282 118
261 235
143 194
269 97
74 250
35 146
241 258
26 185
297 56
140 146
97 226
276 126
229 100
79 247
294 214
205 121
116 78
75 266
112 37
101 77
241 207
160 34
152 137
271 280
9 264
23 254
162 9
142 65
110 91
141 253
43 75
222 156
154 17
289 195
246 135
157 235
112 1
288 173
203 182
125 249
266 243
33 26
12 146
134 120
229 256
238 12
98 272
18 81
34 281
194 179
160 194
245 9
28 185
298 55
158 68
214 120
82 17
95 212
73 97
246 185
34 63
102 172
43 126
156 137
48 6
182 257
101 225
21 31
55 117
282 224
96 119
82 71
127 171
157 244
42 121
183 31
244 50
227 146
200 213
63 37
4 66
203 251
106 201
26 293
219 26
271 56
61 281
8 17
129 93
174 236
15 130
105 149
48 299
16 245
85 217
283 109
169 112
123 66
188 275
273 98
155 44
215 98
82 213
232 171
134 133
173 264
131 122
148 90
199 65
158 152
244 99
263 200
174 194
119 170
127 137
242 173
145 167
24 216
111 5
256 78
292 65
93 65
271 24
234 174
273 256
80 66
280 114
231 37
167 32
234 17
119 195
222 155
129 9
239 210
181 74
113 30
68 116
15 271
295 79
132 101
87 49
49 81
292 136
234 220
22 73
48 17
294 262
252 80
187 5
129 247
296 113
12 237
273 177
193 168
47 76
229 94
271 244
181 260
248 244
172 100
205 113
229 262
166 230
294 34
0 103
297 31
115 137
292 237
47 223
246 117
188 37
80 283
218 88
81 37
228 50
154 39
51 184
92 267
128 47
45 185
294 210
160 65
27 146
269 198
286 33
25 57
82 183
172 235
162 166
189 9
69 211
74 81
83 267
218 111
20 221
150 72
112 146
82 253
152 101
271 109
276 6
159 228
67 259
27 253
98 102
106 0
266 288
238 264
163 29
116 173
206 125
242 151
86 250
147 32
228 238
52 217
232 88
31 247
234 245
150 64
0 91
252 100
140 91
34 176
295 288
169 257
6 216
127 71
69 112
214 276
234 121
93 40
254 58
296 30
124 195
197 226
166 209
266 233
170 77
203 170
229 39
106 241
169 77
59 33
224 293
4 253
21 218
142 157
250 12
289 32
268 160
279 249
189 55
266 210
84 77
269 177
177 279
150 159
145 33
203 254
128 12
208 41
80 254
138 77
220 235
292 259
208 49
248 153
249 13
129 284
34 18
97 99
48 157
16 0
286 255
145 164
270 296
140 54
92 217
23 11
128 8
166 11
115 42
144 262
171 296
173 283
190 9
215 125
218 156
287 279
289 296
227 293
152 260
290 19
197 139
41 191
252 151
45 272
16 146
257 95
107 40
203 22
298 118
57 194
35 249
214 12
45 251
256 101
134 21
94 174
64 84
292 263
111 137
70 125
178 295
166 169
183 205
182 104
178 165
115 258
98 77
73 120
39 53
119 246
189 5
34 275
193 192
182 226
215 65
276 288
217 46
124 135
69 26
273 83
170 194
263 121
68 249
85 50
244 251
273 266
231 163
274 101
51 277
214 293
70 71
25 217
130 296
119 271
40 9
227 243
82 47
274 104
155 88
4 114
159 38
185 81
231 74
214 244
133 191
199 155
85 131
17 77
116 187
128 91
21 147
21 104
245 88
181 22
220 92
262 46
98 91
51 65
163 170
104 236
261 26
256 117
15 293
12 212
190 293
259 1
286 20
135 95
45 92
119 29
23 284
234 73
97 46
55 99
91 113
166 167
93 15
158 103
152 53
40 279
137 37
123 113
242 45
168 165
186 2
157 262
289 158
252 147
242 212
280 17
259 245
86 137
125 1
123 81
281 216
174 57
208 133
252 52
181 196
3 202
119 94
64 211
186 52
161 197
59 90
143 197
193 110
21 85
16 279
25 31
241 131
266 148
81 114
127 48
67 297
87 97
108 209
28 32
67 91
63 179
19 114
1 37
15 200
50 38
168 182
268 239
286 149
137 277
259 219
93 13
106 6
249 2
177 118
73 151
43 35
51 30
186 117
284 132
265 239
101 210
71 236
127 243
256 26
254 111
219 57
193 164
211 89
134 55
261 278
184 196
234 52
140 219
259 96
120 53
270 97
63 20
207 235
59 188
288 167
48 10
97 17
289 58
234 113
48 9
94 35
246 139
198 68
268 40
96 99
224 155
61 65
218 55
82 68
66 236
209 149
189 27
246 50
246 249
257 1
190 157
102 260
285 296
266 194
33 255
282 285
8 26
82 28
183 225
150 219
150 213
282 177
141 1
279 62
245 262
287 50
145 121
168 114
73 17
274 225
292 252
285 291
215 194
128 214
133 238
261 153
157 12
108 137
67 204
186 105
69 205
71 196
97 191
2 132
208 37
11 160
129 48
28 237
64 291
268 205
207 210
162 116
232 153
270 50
106 65
295 197
289 228
241 212
36 294
108 16
57 204
196 191
203 38
34 114
166 55
68 167
10 219
36 153
48 246
282 216
161 156
19 216
193 139
136 34
234 246
296 105
287 213
36 176
282 173
34 29
207 77
83 106
172 225
256 122
27 233
82 230
243 126
292 30
44 233
263 133
42 226
158 56
116 84
57 272
61 27
25 296
165 160
8 105
93 136
43 133
159 267
279 113
156 211
297 133
290 212
102 150
182 75
263 265
152 118
24 53
80 264
76 20
24 132
256 24
162 178
230 201
171 77
143 31
252 145
159 185
269 86
197 170
161 77
93 299
233 210
127 131
190 211
147 221
45 159
134 116
9 179
56 191
72 77
256 250
67 288
268 185
241 2
129 105
151 180
183 20
258 277
124 206
60 34
9 53
248 179
21 283
80 137
292 198
196 114
278 226
206 53
193 210
115 283
152 265
127 9
297 229
220 73
163 185
64 164
71 46
207 236
208 265
116 291
245 2
74 88
176 37
56 272
55 248
47 281
158 190
36 141
11 205
193 248
273 102
58 81
254 131
21 112
128 265
209 179
85 281
297 252
75 219
248 110
159 177
174 13
276 221
15 238
25 11
119 65
74 139
280 7
137 221
234 294
164 103
274 214
254 109
158 71
94 198
159 18
277 247
294 184
200 146
244 204
260 31
2 37
119 73
175 122
82 127
4 103
140 110
241 42
190 274
234 15
167 114
290 118
232 208
168 236
203 267
75 39
73 89
205 267
4 125
66 296
261 245
162 99
177 84
220 237
137 78
4 185
292 115
245 28
287 253
108 13
268 37
252 65
222 53
82 114
144 37
292 90
106 194
93 222
19 54
15 151
121 191
220 54
229 10
108 88
266 267
9 78
47 49
35 92
206 147
170 243
198 148
242 262
98 49
88 14
273 53
51 60
270 209
158 5
203 296
177 285
176 212
58 41
294 276
219 50
22 223
172 97
80 104
220 55
108 76
242 198
23 164
231 132
96 291
172 262
22 112
181 256
61 177
175 72
167 164
124 193
280 28
240 42
215 251
16 44
186 155
208 120
75 112
145 37
119 288
246 49
80 49
106 237
162 191
7 176
87 63
211 196
161 139
295 167
259 52
192 191
74 76
108 150
48 187
59 110
257 42
199 157
246 137
83 94
33 131
141 179
182 148
211 191
254 38
98 128
242 261
65 258
270 109
163 236
292 48
193 265
105 81
19 227
145 55
102 271
219 291
193 56
87 226
6 138
112 44
33 267
258 5
128 96
88 103
67 248
209 46
44 191
69 90
70 25
244 97
239 247
269 56
10 24
151 14
42 209
47 123
276 227
274 217
8 205
256 52
142 62
108 121
178 76
232 127
74 121
215 288
217 90
220 185
272 247
92 0
265 276
87 145
157 77
130 196
55 125
93 74
270 236
115 180
171 39
224 191
8 250
119 91
250 53
55 24
287 260
181 187
116 90
0 65
298 34
10 34
162 151
214 296
21 296
242 159
183 171
297 99
88 38
16 139
102 155
181 277
189 176
289 7
168 276
108 175
54 41
84 101
190 49
83 12
246 280
80 20
131 114
261 2
61 299
34 151
97 103
287 256
276 187
11 20
95 179
94 191
110 46
52 6
189 120
181 197
154 258
40 126
21 192
274 32
60 248
162 17
288 146
215 55
164 58
168 267
203 176
170 101
38 277
282 28
163 56
66 31
241 153
286 184
73 63
34 79
61 279
15 116
52 81
182 225
115 10
82 95
171 205
198 89
125 37
23 24
188 236
211 299
142 5
162 240
198 92
256 56
135 216
71 2
296 131
69 53
169 131
21 272
276 225
241 184
6 105
153 130
181 171
54 132
279 149
21 247
60 16
198 250
230 264
295 143
157 100
89 236
137 88
214 227
26 44
183 84
115 157
111 195
236 195
157 39
61 157
93 180
143 207
117 30
229 7
63 88
128 284
297 71
23 216
27 9
215 214
100 5
29 217
258 131
17 30
181 113
259 63
2 14
242 116
165 205
132 53
11 204
87 254
144 57
133 235
171 266
292 26
269 68
75 217
288 226
21 154
15 184
158 52
186 255
281 176
145 7
238 191
183 146
180 296
103 237
158 32
134 119
215 29
268 293
182 275
20 194
170 38
147 112
198 17
162 148
51 165
38 77
228 183
108 161
289 84
83 17
57 111
139 20
290 182
97 62
267 121
177 281
202 264
82 65
270 256
134 23
66 0
197 180
40 116
50 37
57 52
38 131
66 95
19 27
83 65
168 214
34 6
200 214
124 73
285 188
93 132
232 33
10 255
71 56
269 209
154 296
192 167
123 235
229 16
229 281
40 173
287 299
134 93
143 148
96 14
242 299
59 136
115 46
219 100
290 50
93 196
273 154
213 299
125 13
251 247
16 100
35 5
158 7
0 243
98 146
160 201
89 52
45 33
129 66
152 117
287 62
201 91
231 81
222 38
104 31
178 74
254 117
274 72
16 255
231 128
63 213
278 95
63 164
55 176
297 246
159 211
108 115
289 248
140 142
43 123
24 32
265 223
273 162
282 9
56 291
56 283
56 151
135 29
24 173
124 30
217 195
19 167
160 79
138 122
82 125
149 223
197 89
115 212
255 5
242 120
222 285
36 7
184 84
270 58
102 31
156 29
76 254
100 210
211 118
268 169
82 35
165 72
52 272
44 101
240 186
60 188
200 219
266 91
91 253
158 293
215 295
68 278
241 291
165 244
230 251
47 298
108 102
128 75
238 151
177 204
284 249
152 244
214 9
234 127
189 79
111 196
51 235
116 58
274 246
84 5
144 235
74 55
239 46
145 137
115 272
16 65
161 235
224 236
292 112
163 229
241 160
234 119
36 272
83 183
268 35
273 296
284 183
228 285
298 37
295 171
96 241
297 210
121 32
274 277
209 296
145 156
269 8
87 197
270 285
108 71
15 168
271 179
82 283
181 100
116 32
193 13
281 49
150 204
116 62
228 90
273 32
229 112
254 122
160 240
298 99
289 157
83 190
279 246
231 39
15 76
22 285
271 27
215 18
110 146
69 107
270 130
262 146
45 75
214 121
201 6
88 293
169 73
256 146
16 285
42 100
155 58
199 194
271 101
193 274
197 260
150 198
96 212
280 155
181 274
231 19
133 239
282 293
26 13
184 213
242 41
221 293
106 46
23 206
221 109
156 12
214 187
67 96
221 187
290 53
36 157
151 155
165 267
86 103
238 130
73 53
93 53
259 195
248 176
76 125
266 77
104 2
45 10
238 180
256 223
290 217
169 184
162 285
203 9
151 20
68 243
38 13
52 187
150 240
93 58
177 283
204 53
92 9
75 247
54 155
271 105
4 41
97 196
51 52
61 274
144 214
172 281
192 132
280 53
240 265
57 173
87 123
270 245
175 10
175 117
72 113
172 226
230 75
269 226
107 123
170 296
270 117
15 44
7 18
158 240
133 2
163 8
134 38
124 279
80 177
144 107
131 103
127 99
285 58
167 236
65 37
198 78
116 255
44 105
129 102
256 226
89 250
96 192
157 125
16 79
203 140
42 256
76 160
233 260
76 156
227 122
3 132
15 227
19 5
124 190
107 214
155 262
284 110
261 238
69 187
74 196
166 124
60 192
158 264
49 13
31 179
192 73
22 8
224 261
269 32
158 58
259 132
139 260
241 5
192 238
219 78
144 88
285 170
150 112
11 293
190 32
189 295
214 39
224 225
69 258
180 204
119 207
239 173
8 121
154 267
202 155
175 185
76 224
183 207
135 255
145 114
153 50
82 222
134 140
263 166
230 277
259 37
141 110
108 35
67 40
215 31
160 46
6 5
35 213
108 218
130 103
80 154
139 90
40 229
206 14
241 171
92 91
142 155
43 246
287 100
3 175
34 17
256 139
234 50
183 278
59 143
288 291
75 223
129 130
198 90
292 255
170 13
282 199
284 243
16 201
259 207
189 197
113 264
93 181
156 131
172 251
87 277
250 58
59 146
136 149
265 32
36 126
104 118
145 274
66 160
94 68
63 185
48 272
123 73
273 55
280 90
76 190
181 52
202 56
87 136
12 196
182 255
143 32
147 109
63 95
3 101
112 176
125 251
268 61
278 13
83 233
156 97
149 31
284 247
257 101
66 201
11 267
47 131
155 153
239 113
104 179
142 139
87 66
11 207
22 110
222 7
8 111
263 47
280 31
56 91
169 167
232 122
257 210
282 64
293 255
28 217
93 230
75 27
242 258
145 272
68 272
297 255
172 9
294 156
252 85
0 194
0 46
27 14
290 224
76 44
289 36
260 194
220 112
202 103
256 186
25 244
107 143
256 13
168 120
51 200
150 110
209 237
107 122
116 155
210 90
228 100
83 117
127 96
162 104
157 113
224 239
87 224
89 196
184 183
155 131
25 194
34 213
256 233
232 200
246 100
61 175
152 130
186 236
104 272
33 125
23 255
192 298
15 240
0 31
267 299
108 153
190 154
263 196
134 247
11 223
242 119
240 46
33 91
282 223
252 40
74 174
57 95
278 185
70 130
169 78
198 64
137 195
161 246
70 191
136 22
9 296
92 141
290 6
147 130
42 17
262 91
218 8
198 37
263 227
36 274
141 30
3 86
297 55
44 78
269 284
35 280
98 10
290 96
231 88
10 41
269 130
189 30
279 101
218 245
263 298
23 177
156 112
93 160
230 194
231 8
273 2
144 44
3 221
93 270
133 264
35 53
262 99
40 113
155 249
295 250
32 225
190 236
234 146
92 18
256 7
3 225
295 125
234 284
133 112
263 55
294 8
215 91
282 18
232 114
3 73
104 187
297 9
236 126
217 49
49 149
63 6
23 214
107 35
256 280
152 280
31 114
126 14
21 4
169 209
36 171
209 79
256 73
175 33
19 280
127 6
10 261
233 253
168 238
208 243
4 60
29 219
269 164
68 95
186 212
68 42
137 210
33 278
166 214
208 9
284 141
124 170
147 264
213 173
156 79
158 164
199 141
116 221
6 49
164 91
275 2
231 28
27 31
174 299
230 122
293 210
45 122
80 46
279 197
6 187
65 101
119 279
76 213
119 114
263 177
172 48
12 101
142 79
38 32
134 61
108 200
106 73
69 149
286 126
227 216
36 257
23 36
119 220
92 225
289 61
149 53
260 113
252 201
231 100
107 42
154 104
271 72
131 53
120 109
169 79
59 45
60 207
15 0
133 291
268 197
178 229
27 117
23 199
189 285
183 266
198 256
156 64
248 245
239 132
166 151
177 182
166 279
167 299
107 283
263 147
268 109
181 138
232 219
29 53
80 114
71 33
140 224
273 226
125 216
98 101
261 99
87 198
110 111
294 91
29 141
214 209
192 275
128 226
59 108
69 163
178 137
297 45
184 52
35 265
297 183
107 299
263 95
239 170
175 244
75 245
248 118
232 283
185 30
154 72
106 278
166 270
234 8
230 6
234 76
136 143
123 149
287 47
82 288
282 56
168 71
185 255
192 271
154 2
93 218
298 85
35 237
36 246
23 143
251 235
249 44
287 38
192 68
184 118
242 209
87 70
160 198
165 253
181 247
213 223
257 223
76 52
15 255
36 14
43 217
25 209
140 240
67 195
192 5
220 151
258 114
188 91
98 156
76 95
274 245
87 80
170 90
256 100
203 91
240 116
21 47
288 100
95 191
46 37
83 63
48 155
291 113
98 212
74 180
252 286
8 225
47 30
15 295
18 62
242 124
180 110
178 16
202 280
152 237
180 267
227 277
224 233
159 248
273 195
211 179
160 130
102 79
172 113
19 205
271 288
98 50
27 275
42 275
227 114
107 97
161 184
297 70
170 5
219 149
232 22
297 148
288 293
279 244
85 239
79 235
290 104
169 225
21 36
266 1
285 251
121 216
140 138
70 122
67 73
145 83
75 216
231 62
21 189
108 26
263 41
192 95
178 192
208 7
11 170
121 283
38 109
286 272
142 135
174 196
161 219
203 92
230 130
204 14
123 253
80 249
181 31
21 12
287 144
158 112
271 211
269 84
278 139
85 13
35 221
154 223
229 296
0 109
284 223
138 103
197 2
80 176
25 159
48 117
232 267
222 122
188 176
165 174
40 94
166 208
168 244
246 285
64 264
60 298
192 111
165 44
102 279
238 53
134 287
0 219
54 110
76 46
162 113
139 210
16 141
288 113
2 283
169 142
202 12
152 199
232 43
173 37
22 30
67 291
54 196
223 225
129 216
162 165
287 178
263 140
137 77
219 146
98 153
3 216
154 201
189 255
55 167
57 132
248 221
257 126
215 151
61 171
193 188
271 170
292 131
273 77
150 151
165 122
29 264
135 219
16 113
172 55
92 33
3 133
263 54
24 291
286 183
188 114
129 218
83 184
256 57
104 204
10 104
189 218
263 281
15 177
87 126
7 237
165 266
295 112
205 296
224 223
148 204
74 288
40 179
75 293
144 75
198 237
295 170
230 139
292 235
133 91
297 271
6 255
47 154
71 198
273 200
56 32
124 10
103 114
282 104
61 213
197 272
159 48
199 57
64 62
213 122
292 3
39 277
222 21
214 146
269 39
88 272
106 75
129 31
129 20
213 139
228 29
107 255
268 204
238 293
274 250
284 295
201 30
55 135
57 18
187 37
290 30
158 274
68 299
101 212
83 200
256 262
71 296
269 229
245 77
266 13
186 258
84 272
197 33
297 238
47 233
42 235
224 130
192 50
74 65
43 132
287 98
103 53
217 247
126 32
203 112
143 164
242 75
285 14
295 244
110 237
278 46
155 272
108 289
54 135
35 198
275 118
136 212
1 146
134 64
89 260
199 239
15 100
284 36
143 298
11 254
2 258
289 133
42 244
240 191
27 53
84 44
162 138
199 173
93 38
115 205
202 114
84 114
93 225
36 201
72 146
275 84
166 227
22 229
286 167
220 279
142 146
123 223
150 120
203 299
60 280
140 72
143 209
265 281
188 38
263 77
171 7
148 235
70 105
131 212
275 5
125 212
224 55
53 30
83 167
177 143
3 13
257 221
48 179
198 194
116 100
257 167
0 255
226 272
172 141
240 27
27 63
297 53
107 173
291 137
178 99
4 10
228 86
67 160
267 204
205 210
71 261
71 88
11 169
217 109
19 188
268 135
25 52
165 33
157 81
143 84
252 170
219 79
275 20
80 262
113 191
108 62
286 8
162 63
2 210
145 249
208 176
108 96
27 236
290 197
21 264
246 206
108 188
43 280
183 46
36 217
174 262
74 225
203 58
148 195
200 121
279 105
259 130
267 18
68 17
145 61
38 81
184 44
91 109
215 229
35 187
150 188
55 141
168 66
157 195
7 114
185 2
188 110
278 180
156 84
94 213
50 299
93 35
107 246
22 182
23 136
268 94
198 155
69 95
26 103
165 211
208 197
104 226
35 50
16 186
110 167
269 48
87 218
136 109
0 195
102 284
23 75
181 105
16 18
59 174
175 277
62 49
291 194
286 153
128 109
295 110
162 220
192 55
276 291
33 277
167 153
27 217
231 255
250 38
273 157
86 52
227 207
66 186
229 14
113 103
83 250
166 13
10 121
45 72
224 262
163 74
243 138
140 227
92 72
102 177
40 286
82 92
35 86
150 83
240 81
149 237
40 10
66 6
49 225
296 191
215 14
295 95
232 131
292 191
245 146
154 157
96 72
47 78
263 264
117 6
43 238
165 261
4 226
159 152
83 139
18 149
113 109
290 55
23 86
127 149
218 220
43 206
193 104
159 283
234 66
221 126
66 42
69 49
125 267
123 216
245 243
80 285
75 209
268 142
106 294
47 127
8 296
149 114
92 58
25 95
172 240
54 213
0 167
143 37
172 50
188 148
290 267
108 279
124 275
5 237
239 267
265 18
74 179
297 181
139 207
141 236
266 37
21 151
89 100
290 167
55 207
7 251
59 275
274 146
242 36
145 125
157 24
93 168
83 165
165 71
134 170
286 285
140 130
157 278
84 196
56 6
33 39
231 284
70 52
180 132
184 53
127 250
213 2
25 124
233 30
119 58
183 250
269 176
40 277
26 237
108 18
193 212
87 293
220 81
56 275
271 113
24 79
43 78
154 195
295 49
284 97
