300 5000
204 23
66 16
103 41
50 272
181 125
246 271
115 297
244 14
68 296
266 187
118 45
155 65
47 294
189 34
196 294
264 70
7 129
61 239
202 42
119 103
65 288
2 102
115 285
61 105
92 207
237 16
59 63
94 165
297 210
151 136
8 286
242 188
178 91
265 78
41 70
91 58
210 158
130 177
183 33
48 166
161 206
178 292
101 137
214 47
12 256
116 92
247 185
87 147
290 136
252 181
79 206
157 200
292 287
132 221
8 54
284 33
45 278
297 273
98 83
24 241
190 265
151 44
279 128
208 265
231 168
38 23
128 157
226 298
120 204
217 118
126 296
277 65
136 139
286 270
213 140
68 137
280 123
129 82
93 153
28 184
67 170
270 59
206 152
180 276
51 274
80 0
74 7
101 45
0 294
290 174
82 203
166 129
77 95
148 21
13 230
294 8
247 202
130 249
259 220
62 60
227 50
152 171
1 147
104 9
208 96
196 31
294 174
260 155
92 123
159 4
86 281
250 248
276 205
72 242
8 247
47 35
5 277
175 93
161 140
39 153
58 245
151 179
44 26
296 226
80 95
81 219
112 168
26 55
93 227
44 55
234 146
242 131
206 204
177 38
222 165
247 6
295 67
92 271
236 82
168 230
22 50
173 89
122 155
163 153
83 236
115 138
133 120
200 57
203 26
117 160
240 68
275 47
6 298
247 231
291 99
252 183
280 93
62 37
54 4
77 116
17 72
267 173
23 268
183 100
21 124
93 13
276 189
147 55
62 150
194 221
217 59
150 267
277 135
105 46
166 229
203 208
24 260
31 22
210 183
209 173
85 144
111 96
47 65
42 231
27 106
69 80
256 190
26 232
290 204
161 13
124 133
164 44
52 117
131 188
19 17
87 223
79 53
74 66
94 167
215 178
13 13
59 173
91 183
0 220
129 212
206 67
102 72
123 107
287 286
74 173
136 113
285 266
291 91
105 266
68 80
296 34
158 283
284 285
150 239
52 78
110 70
229 291
115 243
116 31
161 64
162 209
170 72
49 150
62 242
26 78
205 76
59 40
9 171
127 266
276 110
238 160
29 64
173 104
157 87
277 163
11 218
134 70
41 278
168 143
193 87
278 245
13 78
233 104
218 262
227 146
60 252
79 197
276 106
247 64
193 212
252 253
83 164
48 239
33 76
169 215
176 272
107 153
261 20
257 16
116 274
257 53
279 247
12 229
215 288
199 141
276 129
177 3
63 61
172 272
220 172
294 151
241 250
134 273
27 21
11 46
215 287
32 57
15 259
152 208
118 101
41 217
53 39
129 28
114 171
196 192
84 148
259 53
187 36
203 174
186 61
124 135
9 111
67 68
29 264
167 41
210 280
32 239
176 81
271 286
192 178
169 175
97 274
31 268
16 112
68 278
116 22
289 7
105 232
186 102
4 47
31 4
154 28
71 148
100 125
55 267
143 230
286 212
85 185
183 8
297 170
168 162
255 0
249 135
220 128
99 243
83 188
114 146
21 91
79 215
293 119
218 294
231 258
140 252
294 176
227 273
70 202
132 98
57 203
213 90
191 253
252 295
272 213
193 135
62 121
30 298
219 283
271 232
289 145
283 134
217 147
144 185
241 108
50 197
53 224
105 289
271 66
236 227
227 276
297 87
238 272
295 125
36 268
151 74
258 292
212 163
5 259
272 46
84 57
123 179
150 26
80 252
133 191
147 105
25 213
42 88
270 51
229 95
104 155
281 110
186 40
97 192
22 3
185 125
181 187
260 61
157 270
156 260
25 222
122 79
48 275
290 107
17 122
100 244
156 176
291 278
78 252
27 11
191 299
295 22
146 234
30 197
275 48
251 104
293 75
249 280
71 61
225 223
99 227
156 263
290 157
151 89
233 200
244 62
265 24
67 128
155 81
91 190
254 151
22 18
8 220
216 88
38 253
231 44
220 234
249 188
227 175
213 58
128 16
272 55
100 68
148 226
84 141
154 158
164 187
237 166
270 232
110 2
269 248
173 41
53 96
258 299
14 162
242 192
233 23
59 289
144 45
46 288
113 181
75 88
225 226
44 225
220 35
137 39
123 82
218 165
105 245
89 84
54 71
178 239
295 275
270 212
180 295
70 19
194 57
202 241
158 58
191 221
73 140
262 277
73 283
15 155
4 51
165 144
56 193
38 48
113 209
225 30
39 19
217 0
88 102
239 75
62 57
97 158
132 266
19 193
273 132
104 39
29 193
113 74
130 17
191 189
69 75
254 32
52 293
298 43
280 64
81 285
76 205
246 106
125 142
122 101
238 80
201 294
122 279
169 85
90 238
227 81
88 293
25 93
18 165
39 222
151 99
282 245
288 212
122 273
70 114
71 219
262 220
224 189
120 269
75 118
97 119
50 44
171 207
155 286
11 54
265 5
180 137
155 91
81 23
82 113
265 61
135 283
269 201
254 140
18 68
83 227
246 132
252 110
96 146
154 141
252 282
106 162
111 55
107 92
60 124
25 85
4 41
30 206
260 292
56 118
4 203
262 244
263 256
200 168
173 166
253 79
35 102
246 163
252 273
144 99
0 89
204 22
59 100
208 221
175 3
70 26
190 184
188 18
223 91
190 178
273 208
201 280
266 5
134 241
221 197
194 253
4 247
155 299
195 54
183 228
282 153
98 274
244 224
259 238
37 241
197 267
101 127
92 36
162 69
81 298
254 253
141 111
149 283
63 183
227 76
60 261
216 129
141 149
285 200
186 80
297 43
261 28
211 15
149 135
110 150
147 29
277 32
32 78
272 53
109 243
259 233
43 178
264 38
19 78
52 104
223 156
149 192
231 213
270 167
214 298
149 83
27 56
250 233
185 94
109 81
30 285
229 159
16 113
176 249
257 132
288 216
283 278
105 243
84 20
40 173
94 93
88 202
1 128
64 245
194 42
28 291
6 233
245 75
257 290
53 50
20 174
27 193
240 93
256 72
245 18
257 186
47 183
212 139
126 257
78 106
170 63
129 288
56 296
144 195
47 96
87 265
107 231
23 146
102 195
43 139
209 25
238 90
39 166
55 65
86 65
75 167
10 150
67 292
180 270
122 93
94 205
17 195
82 214
170 26
16 190
147 100
32 35
186 131
59 192
141 282
252 232
115 142
151 243
119 75
264 77
185 200
282 112
136 35
118 206
21 282
83 34
110 43
63 95
265 87
206 140
102 260
278 182
173 43
266 104
137 42
130 291
146 154
125 45
120 124
60 161
71 278
31 170
193 253
184 198
34 8
204 225
186 164
90 232
230 54
162 70
99 218
206 93
268 25
251 85
299 165
19 294
45 298
116 277
254 245
249 93
120 206
26 148
165 66
181 194
102 39
75 107
169 80
97 3
257 251
36 78
80 49
183 227
225 284
123 69
140 133
219 104
88 110
143 98
41 131
13 5
20 91
248 101
167 286
249 83
5 298
174 11
4 118
36 90
60 221
221 284
54 142
229 278
125 111
7 192
103 163
156 70
117 299
246 142
74 40
143 62
30 94
207 109
169 49
220 237
76 101
262 68
179 155
113 19
264 279
280 161
47 217
228 280
47 88
248 31
210 10
111 186
80 200
249 67
271 241
190 129
88 251
106 108
214 8
210 128
193 124
92 3
212 40
16 133
221 127
146 114
242 214
79 36
190 294
135 108
155 257
134 262
73 224
238 57
220 236
260 86
197 100
120 68
216 200
294 95
294 134
26 290
179 161
192 168
21 108
220 166
97 289
25 130
240 30
132 82
122 214
149 33
56 187
84 248
23 284
37 147
80 156
248 115
129 22
106 149
144 80
202 56
118 159
276 237
34 20
106 153
193 218
135 136
261 167
80 13
23 246
218 163
210 282
148 158
128 255
154 189
205 155
1 104
159 200
56 251
4 281
264 71
259 276
288 32
221 141
232 206
186 74
216 231
142 195
97 87
200 50
177 116
258 46
180 89
202 91
249 138
271 143
162 123
291 66
150 289
61 280
45 193
72 66
52 183
162 46
291 30
241 78
241 166
293 223
69 172
34 277
46 184
222 121
108 63
159 44
255 56
262 6
194 83
183 184
114 53
289 59
113 183
132 19
284 237
125 179
96 60
5 283
281 268
287 16
78 127
35 99
216 2
280 207
49 103
77 270
192 84
10 102
85 42
105 158
163 103
128 279
84 265
215 121
107 233
235 276
96 72
65 217
186 135
52 130
193 69
25 280
286 131
29 79
261 68
7 46
100 234
45 163
207 196
281 80
85 182
208 224
112 256
199 157
86 14
208 70
109 256
227 194
297 265
119 5
167 217
266 129
79 211
209 266
236 256
196 30
157 71
45 192
279 194
144 270
66 186
260 231
129 46
204 15
32 292
56 41
92 227
264 278
39 53
228 58
122 262
284 42
253 250
163 95
64 66
105 15
228 265
138 229
158 242
50 97
64 181
187 13
99 115
298 277
153 106
158 110
271 149
25 156
6 258
255 6
66 216
163 267
49 5
298 242
84 295
298 216
74 74
129 236
129 273
39 178
95 68
262 30
50 219
94 144
232 221
237 58
32 66
110 34
173 63
212 112
102 222
184 53
94 211
159 75
21 226
101 187
2 119
19 260
140 94
36 146
199 0
237 223
120 231
13 90
18 214
185 193
243 54
148 57
239 283
171 253
191 112
13 148
191 52
40 249
278 46
21 99
235 167
41 122
253 88
128 153
126 176
110 123
255 44
197 181
165 220
18 213
86 6
291 186
182 78
134 156
28 67
243 237
221 183
72 88
94 105
173 107
81 37
222 287
107 48
181 113
262 204
271 46
221 109
139 176
98 35
119 243
134 44
137 179
6 210
41 163
181 53
244 141
14 98
118 242
19 264
250 290
144 158
108 250
164 298
70 118
213 278
205 272
100 123
170 198
51 289
54 150
281 115
43 180
121 30
61 292
4 53
6 166
70 294
273 142
147 144
116 44
208 147
287 24
52 215
175 232
273 11
160 146
183 175
114 216
218 161
23 105
3 194
184 78
18 131
265 223
50 0
219 4
242 27
182 128
207 273
47 202
179 286
116 36
230 26
2 123
74 46
147 1
252 228
118 222
157 13
164 277
16 275
0 181
21 195
11 16
277 249
172 249
104 79
92 150
181 192
100 207
71 267
112 234
166 154
85 97
194 40
287 93
209 89
270 258
255 148
239 187
195 122
238 19
160 184
262 137
269 229
201 93
210 162
37 254
98 56
221 5
155 93
70 108
291 25
163 112
272 12
144 16
265 138
88 248
113 168
168 86
101 43
87 234
18 70
288 19
161 47
110 99
61 49
197 253
195 243
199 214
154 35
244 295
258 102
114 107
95 135
149 205
196 208
193 92
189 224
44 162
184 169
195 102
281 213
11 53
15 217
214 187
277 189
164 56
277 134
132 157
170 262
276 167
258 83
75 290
271 290
257 108
285 8
131 147
30 239
204 176
160 114
140 29
232 223
31 188
100 247
261 223
231 142
43 141
260 241
232 5
150 208
90 80
245 134
105 221
33 197
271 141
274 48
229 171
201 275
45 59
55 250
4 101
222 126
24 218
258 236
200 295
117 78
11 145
158 71
237 85
282 90
112 271
197 141
72 138
210 147
174 287
205 26
107 73
283 240
31 210
263 31
200 169
90 167
144 165
297 255
180 178
63 190
298 132
235 67
177 104
225 203
79 78
21 281
183 150
295 292
246 8
1 215
62 194
41 246
134 162
93 3
50 289
71 236
231 164
224 165
3 7
63 245
37 157
190 109
17 233
162 89
275 62
225 53
19 79
202 199
101 25
292 8
88 107
63 70
263 180
230 117
36 93
50 59
253 186
124 115
299 77
5 27
72 115
129 78
168 65
255 24
64 214
293 17
156 72
65 282
112 130
292 97
38 174
282 65
24 196
123 120
19 121
65 197
11 246
206 294
292 41
247 90
97 165
259 103
115 253
246 171
24 143
182 172
109 25
77 247
9 44
43 96
87 264
283 195
163 94
139 264
110 237
169 144
151 2
237 112
297 153
54 218
131 208
293 157
221 258
118 27
269 258
35 270
266 6
38 149
124 225
94 288
82 112
27 60
250 172
96 74
172 13
233 281
63 237
78 112
110 118
190 236
256 137
29 130
135 122
285 258
82 95
32 22
250 50
37 85
148 15
19 76
45 37
110 186
258 199
185 244
36 213
258 150
27 199
277 18
169 64
137 186
153 265
71 174
58 42
51 24
73 79
66 253
136 22
151 197
27 49
17 10
41 211
41 126
59 245
207 19
133 234
88 90
267 282
203 195
85 103
287 186
41 253
98 5
96 95
194 4
120 135
293 109
260 75
80 255
71 283
45 179
32 93
158 244
24 178
230 201
271 187
126 87
225 22
10 245
153 62
231 184
159 65
274 94
267 220
221 208
46 191
132 95
292 90
40 215
267 119
162 175
134 101
50 291
44 103
56 75
262 235
62 262
136 124
215 3
267 92
71 204
126 247
86 83
114 61
75 222
189 116
100 10
104 272
53 261
7 103
220 275
239 175
279 65
203 107
99 57
93 187
57 0
101 67
196 67
142 20
80 158
107 60
84 89
189 229
98 259
155 223
108 46
230 197
181 8
118 213
4 293
184 113
235 293
198 13
215 74
2 105
139 298
53 274
193 144
295 66
182 140
141 260
153 34
88 155
156 74
223 281
192 231
106 65
241 154
167 267
291 116
101 287
133 128
128 188
256 29
199 36
198 274
165 183
169 63
142 274
166 216
174 31
86 260
262 242
112 262
132 23
162 201
118 41
64 209
68 293
182 239
226 12
272 35
129 99
14 274
217 117
82 295
99 78
63 80
52 201
88 290
261 170
206 154
169 161
210 267
286 215
186 276
204 229
171 292
100 250
10 272
279 299
10 225
67 258
267 116
43 76
188 154
262 289
105 51
95 263
80 241
116 27
277 284
130 53
273 76
248 124
31 280
240 240
295 94
249 73
178 137
275 264
285 296
282 167
32 191
67 64
215 8
165 14
147 279
259 92
103 291
102 196
175 241
249 249
221 241
165 219
281 107
11 282
39 45
168 297
192 72
288 250
12 9
20 293
52 260
296 228
188 156
107 28
258 177
42 181
111 205
77 237
261 172
287 18
35 30
191 154
104 201
48 27
244 106
278 285
69 114
226 253
115 83
146 198
135 267
278 219
196 78
249 284
194 178
140 122
166 111
230 7
286 93
89 260
251 103
282 101
269 173
149 13
127 262
241 208
243 292
28 217
277 97
0 279
48 179
26 161
81 130
128 54
213 213
29 39
246 283
2 160
233 198
191 29
153 147
144 246
111 202
14 209
166 67
186 86
283 211
102 41
151 125
236 285
25 294
50 76
134 163
255 283
10 92
226 247
261 239
50 1
294 205
287 206
234 212
31 198
45 162
19 201
219 56
185 209
217 273
139 162
56 179
83 268
198 29
62 172
207 137
242 147
86 126
249 230
161 223
15 98
133 129
82 222
5 136
120 110
199 39
116 294
89 73
112 111
43 43
68 194
99 50
65 48
237 218
93 181
256 23
113 4
213 136
193 112
189 110
148 29
7 229
134 221
201 64
89 81
193 16
119 254
75 119
51 105
143 136
20 76
88 121
115 33
146 216
203 265
165 19
264 129
22 240
78 245
256 299
107 2
128 126
192 42
269 296
52 96
125 200
122 186
175 256
23 163
84 23
64 172
245 240
258 74
86 285
16 248
184 230
215 91
73 143
35 250
294 272
271 181
81 51
274 155
81 261
30 212
272 74
137 152
298 228
14 45
12 278
171 91
56 10
134 195
178 52
50 175
154 117
122 217
218 115
94 73
175 175
270 173
293 217
208 55
31 221
189 156
12 118
14 248
28 218
1 100
271 227
152 58
77 14
180 101
226 180
118 154
214 209
65 222
220 193
56 282
195 145
140 70
153 164
286 128
44 288
167 95
182 208
226 48
246 82
250 226
218 183
272 236
163 210
288 288
181 203
2 14
187 102
258 54
256 11
13 244
78 237
13 45
103 242
273 90
22 178
152 141
209 4
260 109
77 239
167 110
280 94
137 167
16 70
78 98
140 63
79 184
261 104
265 58
288 34
16 51
120 141
71 270
279 250
237 45
202 48
299 124
176 166
282 106
229 209
229 235
236 67
128 15
3 279
205 55
7 83
148 169
189 48
190 13
77 66
238 259
17 75
14 47
252 252
105 152
74 243
167 104
152 129
32 246
166 139
189 215
130 122
89 192
131 64
299 62
263 71
287 211
111 129
172 276
46 111
240 54
282 293
169 222
235 191
188 75
100 40
117 13
148 37
15 151
250 203
138 13
226 268
272 58
71 251
76 255
178 177
16 76
155 254
107 143
144 134
129 240
173 46
7 145
223 22
88 289
41 32
240 72
12 63
86 298
159 264
218 213
242 43
287 5
273 98
155 195
126 289
12 288
49 137
51 157
169 153
259 119
273 194
105 49
124 23
64 26
146 99
264 116
119 18
210 153
147 272
142 279
188 123
225 209
65 21
292 43
216 221
258 140
24 85
84 257
268 49
37 165
46 12
275 260
176 228
193 43
22 176
200 90
118 195
175 140
252 30
185 160
33 45
230 250
100 3
175 147
147 25
281 28
132 27
247 265
182 58
184 216
134 261
5 58
86 244
71 268
299 297
234 133
49 160
178 258
277 125
264 55
202 257
30 93
98 178
48 264
228 84
245 45
252 192
204 294
265 83
126 230
6 35
261 129
249 185
275 114
267 70
165 38
256 153
29 159
55 93
252 72
178 37
241 245
266 231
194 217
87 140
103 162
222 148
200 80
204 16
265 23
53 58
290 210
40 178
164 62
175 68
190 88
278 162
175 49
60 135
241 190
220 211
185 179
86 234
118 15
78 14
259 156
178 97
157 278
262 73
125 122
156 174
256 253
177 65
194 283
157 186
197 256
286 279
101 20
259 43
178 39
130 182
59 241
11 151
289 87
105 203
258 151
5 109
72 119
24 83
145 81
111 77
70 280
248 163
39 192
251 28
183 281
297 294
167 109
224 235
22 241
131 165
150 231
259 151
107 100
178 89
265 113
244 152
120 160
110 3
188 207
222 153
123 275
43 197
146 240
13 137
23 78
65 96
254 269
3 92
212 73
114 263
88 118
206 275
279 177
53 219
13 216
202 265
228 20
34 113
134 238
78 229
100 212
51 291
221 115
4 288
259 196
119 65
108 222
72 0
187 153
236 247
297 213
297 252
201 219
290 294
78 114
286 254
121 149
22 135
269 152
252 109
157 267
245 12
106 185
11 94
231 55
238 232
72 183
24 181
121 4
54 122
256 49
196 267
47 298
177 221
182 116
235 118
11 56
280 214
101 138
80 177
45 273
56 12
47 290
29 89
200 217
189 104
48 49
223 197
72 2
231 22
81 151
2 50
143 124
159 110
79 292
247 204
114 90
209 140
294 229
184 68
249 281
139 142
57 178
224 263
108 269
118 82
59 218
170 101
0 233
141 119
97 51
267 25
73 151
297 136
177 14
213 85
8 197
246 119
109 43
210 256
79 11
217 69
206 23
261 257
192 110
189 114
15 181
187 78
55 111
104 86
29 124
81 245
9 228
28 284
258 183
264 104
89 243
90 139
234 87
247 279
250 147
276 252
219 205
234 24
3 96
169 16
198 235
200 178
25 19
92 29
271 41
275 239
15 248
21 184
28 249
241 192
28 264
164 99
87 203
181 90
253 200
0 0
81 22
235 219
243 110
39 297
143 247
100 14
203 252
176 111
211 7
212 49
255 249
115 272
141 169
249 226
52 295
117 221
178 60
181 298
275 126
230 227
206 217
94 133
147 167
231 287
82 286
297 299
6 153
142 106
162 177
59 80
167 279
293 145
207 230
241 278
268 104
259 84
79 121
112 232
17 105
41 255
116 34
282 263
110 72
289 131
289 112
284 15
173 87
91 199
286 107
52 139
34 189
85 160
64 251
215 251
172 47
232 204
230 177
240 140
32 49
193 215
200 218
144 178
266 246
297 222
172 22
192 235
140 165
30 39
211 60
235 23
152 252
75 101
234 95
268 246
233 8
177 30
291 207
171 241
56 168
108 135
166 296
52 10
196 85
120 84
247 106
81 257
78 70
266 160
61 146
93 283
207 243
255 274
235 192
50 217
160 52
278 104
93 218
296 183
13 131
160 124
45 239
244 2
109 15
1 130
298 126
62 282
296 279
44 165
185 208
157 218
297 48
244 111
30 61
180 207
40 78
245 279
40 269
62 144
5 98
274 140
164 256
35 127
28 194
187 223
81 21
114 271
54 8
179 128
92 168
149 198
164 38
173 44
130 172
116 26
32 227
169 181
285 70
74 266
95 191
154 258
14 271
58 164
175 164
41 204
129 203
110 30
246 222
144 1
194 30
122 41
195 46
116 14
230 203
162 44
145 181
141 220
197 224
5 142
52 182
178 213
74 101
89 78
155 20
264 115
276 220
216 34
180 289
194 240
255 113
15 121
83 266
175 226
58 30
57 230
249 120
159 209
107 296
200 69
171 112
144 227
58 220
87 115
72 277
215 87
249 241
214 257
285 272
75 240
152 69
283 213
47 264
34 297
83 39
171 55
146 278
141 155
291 19
34 205
183 21
16 237
214 64
184 265
258 256
273 174
192 108
55 57
130 68
186 152
278 160
265 202
183 16
73 101
105 165
9 251
229 238
298 175
81 65
198 35
223 207
297 200
146 246
6 63
97 284
298 177
125 115
275 52
21 245
178 180
175 228
214 57
264 289
285 23
265 29
257 281
1 281
203 94
193 217
201 143
55 221
291 232
222 76
267 89
128 108
248 230
184 197
157 212
187 25
138 82
260 195
124 167
109 71
0 252
174 54
269 215
13 155
238 210
127 169
97 69
16 28
109 52
54 60
78 134
64 62
6 294
186 100
119 235
195 206
30 65
105 141
70 188
122 143
43 41
234 61
284 132
46 205
88 188
38 291
205 286
254 161
135 38
78 247
4 81
218 104
185 284
85 231
59 185
279 243
228 268
209 40
237 241
7 169
185 182
292 4
133 30
252 17
72 198
203 7
273 184
150 129
141 117
69 242
225 21
292 173
148 107
240 148
35 273
51 258
214 210
20 121
28 45
241 25
222 224
51 3
164 171
5 268
250 100
90 45
242 78
107 272
2 9
19 70
125 156
43 80
183 79
106 99
92 153
1 91
145 205
273 85
187 252
122 180
23 298
72 47
74 132
217 143
12 125
49 296
36 245
201 63
294 220
299 224
164 134
164 271
261 127
175 218
190 65
199 291
219 239
193 125
179 43
267 47
42 12
299 51
197 207
230 9
217 203
6 103
114 275
26 172
60 149
57 68
40 45
254 10
113 260
162 0
66 94
281 230
77 172
212 67
167 75
272 68
239 130
176 270
259 94
30 56
197 143
53 237
286 236
56 88
71 114
102 159
284 279
100 142
158 27
221 221
256 281
217 234
226 163
229 35
256 78
206 133
89 191
172 177
226 62
264 170
153 27
164 106
299 138
223 297
101 55
93 17
254 74
10 244
280 178
152 255
96 265
206 119
184 73
33 191
27 65
293 2
201 31
60 278
201 53
281 13
287 127
247 290
66 19
156 287
121 158
138 139
259 280
220 192
233 55
257 264
148 73
116 156
69 76
51 281
139 80
95 171
199 211
100 148
90 7
122 159
30 62
166 108
103 24
240 120
273 181
250 82
32 42
270 219
201 110
170 57
189 117
103 15
2 53
137 6
145 228
37 122
257 202
228 187
4 109
51 112
213 128
250 77
16 195
109 159
271 242
162 297
128 163
155 247
215 138
38 68
131 119
96 130
261 285
96 29
82 72
268 37
66 149
81 161
168 123
235 130
176 240
55 213
221 3
23 202
192 267
79 144
221 288
131 214
227 250
182 188
59 44
165 23
271 199
49 67
27 225
183 126
160 289
93 200
34 244
134 78
113 226
260 115
192 196
62 122
66 198
281 51
29 298
228 231
260 28
285 232
115 24
40 208
29 272
41 88
266 34
142 26
69 193
77 68
258 133
139 102
208 18
147 13
146 274
22 110
136 222
148 172
284 117
9 248
178 272
297 197
268 96
174 265
276 90
259 266
180 199
89 19
72 246
135 144
198 59
77 261
130 116
199 281
47 146
135 259
39 227
183 97
159 107
2 12
198 189
130 61
81 105
258 36
221 224
17 204
37 132
283 52
31 55
55 13
153 85
132 227
182 281
27 202
31 113
221 229
89 15
117 232
101 98
165 24
18 189
63 55
153 281
97 181
51 67
94 116
235 247
136 203
5 164
207 218
179 254
200 140
7 150
293 297
179 174
74 126
188 96
273 212
220 44
188 242
68 52
52 166
225 61
260 294
166 63
250 95
169 27
205 238
95 158
253 122
196 24
53 200
205 158
260 143
223 264
196 262
52 54
139 36
110 179
281 207
79 64
213 18
132 85
59 164
62 171
203 84
47 224
170 17
36 165
84 120
79 86
39 81
70 57
116 239
79 154
145 119
174 297
63 166
71 257
238 261
159 210
141 142
246 95
58 202
217 57
70 298
12 99
85 95
30 29
95 295
50 103
172 281
25 114
270 177
240 20
282 5
53 242
220 241
257 149
5 198
229 81
132 138
35 2
9 58
271 2
278 297
55 240
269 138
9 63
82 4
246 84
294 246
257 70
53 71
141 238
54 78
233 45
29 141
100 209
217 168
182 223
205 28
164 297
202 2
75 255
230 58
54 299
287 139
199 18
112 284
29 88
230 253
100 107
189 251
288 145
122 210
137 109
266 291
195 176
179 39
222 43
121 87
76 212
299 258
206 62
265 148
287 111
148 165
35 79
245 104
145 70
81 209
17 281
235 271
201 246
5 66
294 223
242 135
48 144
257 105
120 214
244 247
18 119
288 195
85 184
16 119
51 255
150 119
171 14
60 44
148 186
31 279
29 259
2 133
164 109
132 53
158 40
66 113
223 12
253 165
92 146
207 201
87 278
253 190
292 111
6 50
99 293
140 150
35 153
27 129
242 242
243 104
122 185
118 266
161 270
132 72
225 249
50 36
297 225
97 178
262 50
74 254
159 248
189 193
275 21
5 177
15 60
0 176
272 143
71 209
165 199
277 206
160 283
265 205
7 249
147 69
82 285
21 159
187 160
211 151
126 151
229 252
142 151
192 155
195 93
106 249
297 4
0 149
66 66
74 174
89 109
7 28
63 27
117 261
38 75
184 251
13 194
217 67
16 15
52 193
139 226
71 225
19 221
4 70
162 128
243 268
10 105
223 194
7 43
44 71
115 99
10 265
163 47
182 115
177 276
179 35
284 0
249 272
284 243
280 119
96 294
133 88
142 14
67 40
178 73
171 252
19 249
85 223
12 161
286 100
160 45
14 156
158 124
126 259
18 31
152 91
109 7
155 280
240 210
6 89
27 120
130 278
60 190
78 251
212 219
32 265
60 76
15 96
169 264
88 297
78 287
197 120
263 147
290 25
1 166
137 233
150 263
141 222
269 135
32 9
203 49
82 208
120 72
273 274
32 69
242 85
204 256
8 258
77 62
194 241
115 62
260 177
24 151
258 56
82 28
260 5
221 240
265 99
117 230
43 246
113 172
77 209
49 286
158 282
79 233
72 273
140 100
282 119
28 37
90 268
145 51
171 200
140 154
100 59
133 282
279 37
245 158
181 40
48 298
166 267
89 66
250 102
251 72
274 44
236 144
192 166
220 27
116 141
188 178
120 262
271 129
130 204
172 210
110 174
149 268
88 229
92 113
179 278
123 121
233 181
46 82
183 199
119 224
201 81
22 22
228 279
88 220
247 151
28 269
279 296
207 168
9 128
88 48
135 5
181 166
264 267
133 189
160 110
130 48
244 275
38 177
39 257
159 269
62 244
264 264
160 20
175 40
252 159
149 272
42 201
275 175
264 228
74 168
1 27
128 203
278 126
71 296
51 213
94 172
190 287
78 139
34 276
258 192
282 224
2 202
170 163
43 113
79 264
32 268
181 268
132 295
289 194
104 68
131 259
280 249
38 298
264 75
199 117
115 125
36 0
228 152
163 226
274 164
177 96
130 254
210 56
281 127
297 262
246 61
24 75
154 148
244 258
148 234
145 226
181 275
252 280
91 255
79 38
111 120
144 222
213 248
192 218
121 54
85 62
240 94
68 266
162 191
52 40
24 63
126 272
62 238
256 19
128 202
135 226
229 254
256 129
221 132
14 159
26 239
49 256
149 207
102 44
165 57
17 219
22 208
131 134
258 243
140 288
26 187
151 240
101 88
141 212
36 168
183 146
111 268
157 227
183 84
169 22
103 76
50 222
21 214
118 171
74 146
90 46
168 239
69 58
200 98
130 32
193 222
279 229
297 240
141 242
215 56
115 218
75 151
13 52
96 181
267 176
215 139
267 199
66 202
156 50
218 148
250 62
128 128
221 84
287 170
51 254
169 235
102 179
268 292
259 152
39 101
117 47
27 31
123 77
16 181
279 284
216 67
77 38
192 109
193 109
69 161
77 18
55 59
144 37
251 32
94 239
281 150
281 24
293 236
10 19
213 197
278 12
100 135
23 3
210 169
294 244
44 259
147 21
135 214
9 151
87 69
196 277
167 268
253 22
189 0
292 258
18 10
59 263
73 188
12 135
130 5
66 248
296 182
57 99
244 83
17 108
162 26
82 284
269 195
74 120
251 48
226 166
162 211
125 226
218 173
237 10
237 60
218 249
70 12
157 63
175 294
67 263
121 9
31 199
194 179
186 96
177 215
59 67
152 135
269 132
61 299
195 131
114 112
234 5
256 136
35 271
291 254
193 148
8 189
19 47
154 222
273 73
100 43
289 40
45 117
1 114
55 167
24 86
210 290
187 18
157 137
201 150
195 37
250 157
173 73
246 43
10 257
168 171
244 262
118 186
127 229
274 169
172 208
104 145
272 202
279 115
294 192
71 52
4 149
24 22
69 153
248 164
185 190
18 24
10 20
9 164
118 182
122 47
17 181
220 117
106 82
1 85
290 232
73 45
273 97
269 200
74 272
149 169
287 33
78 113
151 19
129 115
91 165
224 249
169 201
296 256
75 235
134 207
88 174
255 129
263 127
180 94
74 93
174 23
275 29
159 157
199 278
70 131
88 58
107 196
109 260
50 49
270 95
141 7
126 221
270 171
164 263
239 186
130 25
188 180
95 283
157 126
268 13
226 18
12 31
143 85
90 73
41 58
41 38
224 163
222 88
56 2
125 180
290 185
289 181
42 53
188 286
271 17
83 292
292 27
254 273
34 91
44 136
178 147
19 247
142 161
221 136
149 195
236 136
296 162
48 214
5 39
123 240
263 247
266 262
32 204
216 279
231 120
185 39
114 14
45 198
59 8
215 166
134 35
150 51
291 63
68 270
67 287
17 216
170 128
11 116
254 128
290 251
284 163
257 233
158 181
223 174
68 299
38 5
16 274
157 1
120 224
208 254
25 276
211 68
56 39
220 56
43 295
70 272
51 240
208 280
202 195
226 225
38 281
20 222
273 48
27 197
73 131
116 175
108 164
164 108
200 148
105 298
1 17
197 97
268 294
21 47
139 87
142 278
78 35
3 85
106 191
41 16
50 264
281 269
249 287
54 154
85 234
52 213
253 299
292 45
248 141
154 110
263 246
250 124
298 249
114 277
110 247
216 114
58 100
6 86
274 253
30 78
256 92
232 220
22 23
2 223
226 65
146 82
55 201
156 114
196 2
103 70
112 38
195 281
133 276
192 127
63 69
253 13
37 130
135 273
29 214
278 73
257 106
111 139
43 32
299 7
216 185
165 131
299 239
273 110
234 282
159 204
48 66
42 211
228 266
181 32
108 293
288 63
14 212
1 99
60 200
107 230
140 6
211 61
94 63
22 204
234 206
67 5
248 176
238 183
204 87
55 15
282 182
274 99
104 263
180 187
197 119
21 42
89 155
170 246
75 92
287 83
258 82
4 210
230 115
132 118
282 237
49 184
229 30
18 219
167 157
124 107
283 275
21 177
155 225
96 161
227 17
163 171
58 61
23 11
161 282
94 100
62 178
201 208
144 164
172 175
25 187
43 208
210 293
70 196
129 269
277 136
54 114
148 126
39 223
193 243
250 275
285 152
30 25
216 50
66 212
249 95
260 163
63 28
90 221
176 135
45 53
85 284
59 138
243 209
46 19
98 237
160 117
162 249
251 171
79 52
77 180
144 205
279 45
76 226
24 266
62 47
165 111
44 248
256 208
107 31
233 0
256 44
120 26
66 148
280 85
97 261
46 58
292 94
206 245
106 231
203 224
168 232
95 167
174 228
17 178
222 267
219 125
294 66
158 3
276 273
168 76
95 67
85 210
278 29
197 108
88 47
54 41
3 76
167 106
230 47
209 247
171 259
89 60
266 27
144 123
137 31
131 203
56 293
279 129
268 58
243 208
25 296
78 159
50 43
220 36
22 259
129 133
139 137
131 126
243 41
282 162
164 287
26 194
208 54
288 253
2 72
74 112
19 44
111 57
51 178
4 83
279 152
123 247
284 207
129 91
17 299
16 93
48 204
32 95
176 127
194 1
153 64
29 144
24 1
282 289
41 249
21 238
240 233
139 50
239 188
5 199
40 154
38 104
18 65
167 276
209 179
245 247
20 236
205 262
205 245
156 166
203 189
45 224
126 265
43 268
10 235
44 224
226 293
273 3
258 202
202 32
265 157
124 113
17 193
269 102
49 294
156 59
249 234
61 170
220 14
234 251
191 3
5 71
199 206
12 91
287 145
42 221
51 203
295 80
61 203
45 276
265 169
175 33
174 45
87 11
247 103
68 152
227 53
144 221
91 36
113 48
33 229
46 114
208 109
280 246
192 37
225 239
92 28
151 50
218 77
66 197
34 26
54 83
244 206
140 110
297 8
54 164
131 60
226 103
285 104
233 167
94 227
96 257
227 84
205 219
139 166
217 262
224 82
119 54
293 11
214 160
179 255
54 229
192 92
59 116
158 273
284 177
124 299
211 96
196 39
3 124
224 35
135 245
30 294
255 26
299 156
246 202
186 72
223 260
191 276
179 173
294 94
72 142
266 230
148 213
139 221
115 261
133 223
222 250
14 35
16 47
73 84
89 171
275 18
281 8
105 291
214 94
200 24
125 176
163 216
0 24
48 25
75 188
167 149
127 99
226 207
78 187
117 128
194 198
38 6
5 206
41 258
170 222
43 186
249 161
66 229
114 210
172 87
181 133
275 216
32 249
212 53
145 1
107 25
61 201
120 29
60 224
105 5
26 169
134 54
151 16
260 16
272 204
159 105
192 91
219 238
114 228
205 143
221 125
54 98
267 251
252 37
243 16
82 180
95 280
129 104
269 105
111 146
197 291
182 50
256 51
204 260
29 232
78 111
272 42
181 92
169 156
83 283
130 147
231 151
148 38
282 271
287 65
110 119
11 130
170 192
55 124
214 259
270 7
38 204
157 180
23 14
109 194
122 83
131 219
20 132
65 229
194 157
12 205
40 219
290 102
122 208
258 14
76 125
188 101
192 117
160 100
0 128
137 144
283 293
222 221
191 220
99 84
288 16
229 127
280 223
251 115
89 87
138 228
287 209
54 110
66 182
52 245
266 196
14 143
299 219
199 286
168 121
139 222
277 36
59 239
297 74
198 258
266 172
233 67
37 76
143 183
166 119
46 101
206 43
103 173
197 39
268 52
271 184
53 8
144 49
179 125
168 107
145 150
259 143
222 180
86 15
182 96
132 12
36 221
77 298
125 12
15 263
179 154
271 276
104 196
148 14
189 191
279 0
113 177
195 182
91 31
205 250
49 23
13 253
39 119
238 62
12 202
58 203
137 105
170 190
220 279
296 38
127 139
282 238
260 197
34 137
31 32
254 103
119 239
52 239
219 22
98 185
232 69
80 28
204 157
238 119
50 152
250 295
279 166
206 186
89 11
251 12
153 79
80 127
165 213
267 105
130 188
163 249
80 239
157 114
14 288
285 298
207 158
131 265
215 94
120 44
125 119
86 80
190 122
178 59
64 125
4 228
217 43
129 197
205 62
129 142
115 295
225 278
182 43
100 30
64 106
0 126
293 97
125 209
211 208
255 95
52 256
206 224
79 55
273 157
166 266
93 32
207 55
109 184
299 229
138 61
82 183
15 260
45 56
268 68
154 113
163 28
143 107
204 257
73 30
169 261
268 120
59 0
166 73
264 150
185 131
70 119
168 27
271 104
295 239
266 29
22 56
185 69
270 215
135 66
154 131
127 141
124 220
106 212
4 161
267 140
239 2
233 162
156 171
90 271
22 205
250 30
288 39
93 254
242 278
159 261
113 129
297 297
157 64
82 171
19 225
191 210
222 138
97 242
65 58
233 109
281 144
249 214
83 91
55 6
30 98
223 183
268 288
219 273
233 64
255 93
19 197
17 142
169 227
249 106
161 126
17 270
295 25
219 171
80 240
188 98
93 102
23 31
226 37
100 0
110 187
283 11
230 170
217 236
26 291
30 0
167 196
261 120
16 281
268 27
81 213
79 176
105 81
231 195
229 23
10 159
182 227
56 240
246 54
30 35
26 77
233 170
56 144
90 200
259 170
265 90
40 216
177 290
120 137
91 47
141 296
252 122
198 292
212 168
61 179
48 206
255 157
191 218
226 111
242 230
252 140
36 126
56 297
116 136
226 67
71 69
95 48
200 221
90 122
5 175
12 77
242 28
195 95
193 108
208 11
88 268
68 281
238 229
121 277
16 203
100 263
45 109
189 271
104 69
207 293
174 245
268 11
9 269
163 169
57 149
241 141
261 197
64 134
91 38
233 145
2 203
31 58
190 92
158 41
242 204
39 168
81 176
144 190
299 233
235 250
171 108
267 192
26 61
24 101
101 63
271 111
125 212
172 229
237 214
140 115
63 150
168 96
232 110
10 237
281 37
144 60
57 255
113 8
132 114
259 171
104 161
255 263
141 140
10 182
28 107
10 130
153 61
120 241
114 214
263 259
60 205
234 17
299 198
48 142
50 8
208 38
135 133
254 296
148 138
98 272
11 139
209 235
182 158
248 168
95 279
127 296
58 107
264 185
234 70
194 259
18 99
271 165
298 214
279 148
294 158
169 122
257 184
8 221
264 44
5 243
132 232
70 128
75 53
90 35
73 111
4 182
19 217
136 210
215 194
200 272
243 176
164 4
211 191
135 248
74 102
4 29
10 288
289 292
20 162
91 287
7 278
122 286
34 19
86 134
127 214
32 143
87 261
199 59
231 270
133 2
159 202
178 105
3 49
256 171
244 294
138 173
263 121
181 247
149 217
235 92
223 203
195 76
266 169
181 266
51 134
154 116
205 276
105 70
2 263
162 228
204 253
180 201
69 111
211 276
129 199
164 284
285 125
143 258
277 112
233 65
143 137
276 181
85 244
13 191
119 192
153 258
214 281
31 177
104 261
197 17
50 151
247 54
270 110
233 97
183 121
232 269
208 199
210 222
20 114
155 130
62 145
141 259
114 64
151 93
26 221
64 293
247 262
153 12
149 98
263 52
286 57
127 41
209 172
103 130
73 269
230 249
36 194
27 131
299 50
147 4
175 154
0 285
148 280
191 43
45 168
211 124
26 164
255 225
255 53
140 51
267 27
20 273
159 125
105 97
22 128
30 278
152 235
211 69
105 36
69 38
44 272
155 103
55 54
255 149
220 140
218 290
128 141
171 278
28 198
53 203
152 285
265 42
254 173
290 215
65 152
97 54
115 249
110 196
113 279
166 89
159 175
277 33
136 140
59 62
17 293
30 102
238 201
57 11
281 15
126 216
221 59
126 115
278 279
58 127
180 124
1 9
65 101
257 87
124 204
8 159
258 17
284 63
246 26
291 75
227 233
217 224
295 114
184 46
168 185
105 50
120 64
54 152
150 113
103 176
232 286
13 85
32 70
177 289
287 219
111 269
97 253
108 191
189 9
272 260
247 107
125 89
243 269
265 188
126 100
102 140
99 15
6 184
291 154
255 77
258 113
8 218
56 37
107 161
228 226
30 71
185 174
183 266
223 114
57 134
59 14
208 245
131 274
190 21
26 137
73 68
46 5
31 100
114 37
65 108
2 99
109 191
195 51
266 25
38 24
285 219
250 115
35 282
73 12
214 264
120 37
70 284
232 160
85 213
282 51
39 67
101 159
108 169
15 113
245 150
15 63
210 66
177 226
111 75
276 120
239 105
173 239
103 36
13 59
221 289
3 21
88 126
87 267
226 242
3 79
46 79
242 265
158 149
201 247
213 49
55 194
124 30
248 162
119 16
207 5
128 243
178 141
275 293
100 261
250 283
77 134
42 94
260 22
108 80
207 200
105 249
202 58
71 8
99 101
39 175
237 103
126 51
89 118
103 30
90 276
49 255
164 41
5 2
207 139
59 118
156 203
133 272
220 32
204 73
98 12
109 58
104 239
157 139
296 170
271 235
90 287
100 32
279 183
276 96
273 226
204 13
231 152
193 3
299 191
247 255
18 16
163 180
257 57
247 156
74 263
263 75
279 134
241 116
100 288
0 215
143 81
16 151
182 296
115 160
39 142
81 7
26 125
61 92
170 221
292 165
173 144
203 55
245 261
178 119
227 1
121 132
8 128
122 247
10 234
295 171
100 62
85 212
133 172
57 179
41 223
157 226
155 62
182 212
298 299
153 272
103 5
200 149
63 107
182 121
186 193
174 152
271 208
57 168
262 66
194 152
13 44
147 262
283 182
151 193
183 77
268 167
219 102
12 75
141 257
129 45
66 40
87 35
167 152
11 298
27 232
25 24
133 275
96 155
10 61
16 207
57 165
191 222
148 220
95 147
41 83
50 255
275 187
134 217
36 176
262 19
18 279
231 106
245 241
248 130
110 232
139 153
115 122
192 105
169 252
23 229
91 71
13 112
202 99
46 145
208 12
157 57
276 20
288 103
13 251
211 160
133 211
275 242
209 251
16 147
290 1
289 191
40 244
134 292
106 134
39 247
151 134
136 72
29 125
296 93
90 57
299 136
278 231
19 226
67 223
268 263
133 77
298 288
27 182
196 199
270 129
7 22
86 184
243 107
20 235
134 82
293 79
153 113
99 52
23 56
266 21
275 275
109 182
247 125
224 282
171 138
160 67
190 70
9 242
258 293
287 58
73 75
72 225
210 84
231 34
157 148
155 273
25 52
227 95
246 88
262 252
215 184
220 260
74 79
228 32
135 292
100 27
15 1
32 259
31 13
222 45
76 24
54 92
41 180
32 48
257 166
96 256
87 191
132 254
200 64
149 136
36 30
111 261
138 224
29 204
228 38
268 82
13 267
32 10
33 189
91 263
120 177
77 22
93 84
245 137
232 161
90 71
230 102
75 17
11 157
159 263
112 86
238 153
180 183
5 204
219 101
240 137
165 289
97 216
16 103
180 78
35 133
29 91
154 26
261 154
203 110
162 119
15 249
288 255
98 292
138 150
275 71
22 118
291 86
67 21
49 239
200 101
31 34
283 229
88 108
273 36
97 121
154 27
117 0
153 233
221 201
228 195
267 279
103 194
267 139
44 31
131 291
40 140
273 222
274 156
79 239
270 195
264 245
23 184
26 25
24 24
193 287
105 87
234 32
18 205
10 45
29 42
101 291
206 218
216 25
15 123
204 81
97 92
142 1
296 33
59 209
123 252
77 99
97 40
186 15
257 58
218 63
278 171
298 172
198 12
287 279
240 32
84 266
28 62
33 9
129 177
52 20
121 140
55 292
202 200
191 245
125 169
167 198
65 211
142 21
223 226
55 64
248 42
81 260
57 273
294 204
86 97
54 81
141 164
143 110
68 116
49 163
19 261
195 283
171 24
57 100
208 22
197 254
226 169
234 265
292 112
160 267
217 146
262 58
14 297
294 139
125 102
119 2
35 71
243 91
175 174
102 138
40 46
219 78
280 198
84 85
180 160
124 248
18 188
72 143
262 285
73 116
108 172
20 274
10 139
19 227
268 0
295 104
215 76
61 58
200 99
137 202
274 5
262 36
277 129
91 229
28 60
33 207
199 127
295 150
266 144
141 54
269 224
199 268
143 262
264 54
251 26
182 13
227 27
253 27
73 274
241 65
80 119
241 40
279 259
67 288
24 76
160 72
275 112
172 128
45 214
288 171
298 91
276 84
2 214
162 268
81 212
262 230
209 34
285 193
205 264
143 185
150 125
197 135
20 79
281 111
251 3
234 260
62 247
284 22
39 38
7 243
240 281
88 250
232 228
114 131
90 291
32 158
51 156
159 23
189 293
177 143
268 90
108 99
219 297
234 182
21 15
198 276
28 131
274 215
14 13
45 4
179 131
114 0
295 298
104 23
245 55
81 216
224 168
290 227
271 160
81 115
10 210
185 102
72 166
137 153
75 24
42 6
152 176
139 281
263 54
299 230
160 13
108 6
236 132
192 252
60 235
170 107
125 281
24 97
266 207
260 13
9 154
59 158
269 153
92 48
198 267
197 277
22 249
156 270
163 12
253 236
121 13
74 179
136 239
