59
67
69
82
108
87
129
134
203
215
231
232
234
242
268
23
269
273
162
282
289
290
292
3
93
115
136
222
21
287
98
102
128
144
107
150
163
178
259
284
297
36
70
252
40
25
80
145
4
61
161
172
181
22
74
202
229
263
140
166
11
19
45
43
124
158
83
159
152
169
189
47
123
127
48
96
119
94
193
15
76
51
60
106
168
165
16
174
177
182
218
220
224
228
142
175
208
230
66
241
270
54
160
200
279
35
286
190
274
246
206
294
184
295
71
143
156
192
198
64
92
199
214
183
240
257
298
55
133
0
197
33
248
10
68
42
86
154
201
75
256
73
116
261
85
238
271
171
56
147
211
8
266
157
244
278
280
7
245
27
34
135
151
180
186
29
265
89
205
72
104
219
24
26
57
141
239
281
112
52
250
285
125
188
110
65
148
267
275
28
84
9
12
155
170
209
254
117
262
276
18
63
185
97
213
227
243
251
288
1
62
139
20
167
111
153
50
130
118
121
164
176
207
99
249
2
44
39
204
258
291
137
6
78
88
38
173
233
196
91
217
46
236
120
132
49
260
79
95
216
277
296
58
41
138
221
126
235
283
14
101
17
113
109
131
32
103
146
105
149
31
191
194
223
226
264
293
187
195
122
212
81
37
255
179
272
247
53
30
225
299
100
5
210
77
90
13
237
253
114
