121
151
250
255
213
75
265
195
77
299
57
34
166
20
49
294
160
179
118
58
97
237
276
231
40
158
84
234
63
47
48
70
92
289
42
256
270
248
102
147
19
211
159
177
219
233
50
85
113
25
1
66
80
132
106
152
28
261
188
253
185
217
287
46
22
138
212
10
218
226
3
55
93
35
38
128
104
32
61
238
247
0
69
114
201
207
103
53
108
146
167
191
204
291
11
59
95
112
184
44
56
68
203
198
215
154
189
9
172
223
283
125
17
86
244
161
298
81
21
142
240
271
275
205
144
83
286
27
156
88
197
133
216
243
33
105
176
282
124
67
137
183
252
194
82
129
162
266
143
76
173
192
239
274
251
110
241
111
71
200
115
5
254
269
122
6
165
15
78
109
54
141
150
296
12
163
230
232
168
13
64
178
149
23
174
206
52
249
2
100
190
258
220
259
24
4
186
236
268
277
288
96
157
164
210
297
175
65
135
16
170
199
295
180
43
169
30
117
222
242
131
31
182
139
209
99
72
263
153
91
187
26
136
214
221
39
227
279
264
260
36
123
278
292
90
73
272
196
267
14
281
8
235
7
87
202
246
285
89
134
107
181
228
245
41
155
280
208
45
51
171
94
140
119
224
127
273
62
116
101
148
29
98
37
229
257
74
79
262
225
130
193
290
293
18
60
126
120
145
284
