35000 6000
32751 29343
21060 32804
27045 5679
28403 6707
10921 7802
28670 18498
2015 12781
1394 9903
34642 5600
22986 22946
33308 5951
12298 17548
27573 17502
7444 28470
1483 12370
16381 17701
29079 14451
29765 6718
2562 5363
1270 17447
30496 12316
18312 12569
22927 2466
1169 9410
6848 8212
11405 34130
11145 4231
7558 8656
12815 30980
9934 16910
27806 3603
4776 21564
7392 9250
29162 14176
331 11443
6187 8457
4716 26888
32063 30027
26549 13441
26025 29157
32717 28819
18161 3547
24367 34336
28708 23129
15611 18203
19146 4648
34735 25360
31875 6734
32393 19830
20139 2791
28179 25368
20781 8863
20916 21403
29801 30476
16956 30252
6857 8936
19885 32042
16814 16953
32659 11635
30879 20379
9863 29056
12672 4350
12169 11443
8011 1843
34134 10088
6920 8686
2069 21374
18549 22635
11425 1199
28343 18903
6687 31609
11551 1294
6530 6209
19927 31585
31102 13556
10846 3292
29189 16423
1617 13205
17237 16403
3565 2739
28482 33316
23421 10226
11712 1808
28713 20240
15485 6178
31700 20976
32742 11678
4680 15555
12508 20068
6654 33451
13478 30834
31946 30118
25351 32222
14742 29980
17479 5166
314 6145
26900 1088
6727 29859
15002 17592
1086 10013
2603 18121
10721 30351
9902 31941
14105 31477
680 20385
22409 18855
33478 9217
11497 32581
3983 13454
32259 9622
11102 9717
13775 34182
28644 24937
34729 33833
25026 6219
32445 26840
14778 26567
11042 9141
32617 10665
34036 7475
10831 23031
33859 26567
16622 19185
24323 7931
20606 12539
12170 18023
21014 33482
23235 4861
11048 1823
29673 30169
935 24828
21800 32455
8209 19788
7857 8324
18729 4709
29734 19248
26476 26350
32128 26829
23126 12875
28951 65
422 3825
13479 9829
9513 34892
1691 6619
1068 22551
16225 32376
22597 31756
19223 2370
15573 26566
26578 22076
20771 29611
7941 11068
29393 3621
5995 1814
8416 21339
11468 5680
31454 25806
11933 26677
33652 8397
12044 10078
2909 19591
13576 32243
17965 21209
21729 651
10730 3033
14728 23832
10941 7936
34454 21628
25157 5192
22669 29888
14163 33514
8065 19611
22556 11964
25647 24286
25426 15935
15154 30391
22799 4357
6947 12297
22846 24512
11440 20564
9800 28691
18391 20663
23488 19499
22423 3311
26507 7947
923 21391
17679 19180
17797 31830
9254 34587
16989 27627
15710 31636
23325 34681
29954 15404
9775 155
20243 7790
22143 17404
18795 32562
4664 32291
11557 24818
2800 3617
16267 6962
29782 30476
1452 32216
3173 10285
26147 18141
33133 12912
23906 8683
15175 4274
21347 22282
25503 31168
6675 9803
26322 25692
18482 15421
28417 6178
4404 2698
11748 23671
32565 3651
12432 23612
15541 18303
28580 28284
9029 29633
2388 26281
21971 29427
5975 1696
33687 11523
34949 16057
21029 20348
2751 31087
9699 9552
5688 25083
10572 29038
23380 30491
31775 21328
5520 25636
29680 30676
239 227
11306 22926
11218 5247
33614 11840
18972 28350
33699 8537
12513 23599
10415 16476
28736 1752
9076 28159
31011 3078
34440 18422
15004 16012
20157 15566
20233 2272
2171 14450
25464 14326
11831 32512
24650 33807
18818 15224
21610 7080
30756 26316
15343 29379
23097 23064
18670 21649
31339 21921
34763 14471
1255 16638
8877 20859
32779 10178
25519 9269
7665 3986
10200 11999
25764 20624
20404 27253
4899 15629
7168 18198
25624 15617
2268 4818
12586 25161
31790 23162
21228 30668
31251 30438
24178 24783
9858 3247
16056 5831
5086 3873
10913 7022
3714 15630
21621 19999
11955 6875
9643 25390
18055 5985
2217 4922
31748 5541
2605 2514
34376 20768
7372 4043
30650 27265
2727 10763
28968 27224
32813 34970
33243 28023
30875 1106
21966 12956
21321 5541
20372 1102
2916 68
22203 11426
9540 25213
2836 10254
6795 4822
6710 33259
19553 16481
7307 34814
1082 24438
28147 3424
3524 8298
11815 25610
7066 18774
33101 8109
14405 29198
20920 21632
10113 24310
17232 6151
15696 31797
20212 14733
25936 30939
9505 15325
28215 21301
17148 17194
23690 26313
28717 26282
34987 25901
296 17128
33817 18213
21246 16249
13869 6595
6388 8342
21562 23345
9205 33666
20957 11756
12118 14814
6195 23452
26222 14724
3131 24441
29599 20303
25724 22143
33450 34858
13484 17935
9832 18216
7820 32399
24484 31448
16381 4548
10690 552
34665 14150
1708 31288
16164 12634
21344 11844
27586 13811
10852 25451
25867 23438
9232 20023
31851 32486
17662 33507
13739 21564
564 12540
30102 30587
7777 10677
15423 1680
14988 16782
32992 19075
26719 22423
27278 28931
20640 33143
20621 6122
10783 32951
12520 11370
12836 12936
19446 23714
25588 12493
26967 19888
8704 8671
25168 31830
31143 5867
8441 2593
1497 24810
24433 19454
24081 24563
28711 34093
8302 2523
19023 3087
13835 27082
8238 9065
33005 10723
8568 6527
20604 28043
17960 26672
29425 5877
28211 25835
27599 19272
34347 12161
19861 14727
6840 3435
15579 30420
14778 31661
4179 11058
8242 34053
20410 19090
9962 21307
5544 1254
12089 34025
12704 22250
25950 19853
12398 7491
5561 5510
4998 31454
16778 27940
2499 1122
4365 3898
6302 18449
8916 34518
28155 13448
12098 9397
26844 33232
32243 18154
14884 11547
16996 11792
34145 13221
16438 20257
31395 26092
13989 21453
10817 9156
20466 10734
429 24603
3369 24339
2436 7806
275 13257
3042 9063
23334 901
4609 13314
18592 27685
12678 21501
28450 12132
19631 26714
19265 29997
14361 11943
6954 28728
23589 15717
6417 13780
21265 1952
8701 3283
19697 26170
24179 8845
7380 26883
25627 14381
28461 20461
27366 24600
7653 10154
20031 22012
9032 6264
19614 22986
16570 32760
21162 10967
10098 26479
6086 34044
8389 11957
2761 31580
12984 947
29788 13211
6608 4376
3643 195
14418 30287
13006 19550
31952 30791
5865 13711
7353 32460
24166 34624
16907 10506
3067 28124
29615 11535
17588 13996
25636 3636
5288 26832
3916 24142
2439 31221
592 18021
9734 31149
26161 18758
1119 6422
11033 16066
30406 26249
26161 23457
31633 435
14536 31317
20363 23461
18796 2529
23464 10676
7034 21430
18986 22727
16244 10694
19923 15595
34266 20247
2302 3864
8656 20160
6959 6841
9810 15632
33180 8220
18925 8413
25908 5969
19515 25696
3749 6734
10672 33555
14579 384
21888 19239
16201 783
34781 8877
6041 23343
3647 19451
20877 30234
11866 18393
33655 17998
16095 21745
32684 360
21289 17128
18949 15132
6647 8138
23417 21752
26909 31294
28319 2543
29152 23229
22298 1614
13556 5474
3017 21334
8494 10387
16280 15011
22668 13461
22024 33438
713 1894
1717 1939
34590 11025
33692 31201
21558 30936
13531 2239
19385 10774
34112 33083
19796 18171
17854 13909
16651 34003
21948 15431
17619 22282
31246 23124
27122 24089
32012 21862
26863 18206
10681 26479
24762 15096
26833 18881
15042 20844
7315 21364
12050 30443
2461 17647
30649 18219
16785 30444
15514 8538
30131 3531
26173 25639
14281 29893
10451 6065
19503 13764
5365 1124
27812 19897
19230 28061
11734 29391
2017 31918
23575 33741
33788 4708
23821 15675
15638 20624
23877 19703
19458 20977
7638 22017
25278 11144
31427 31484
31513 26540
27613 7792
2192 22022
17005 14014
31311 1356
7451 30939
15221 34230
33551 31741
31008 12
16421 26310
15787 518
29356 30142
12904 13929
6158 17078
10256 33201
9498 27253
29952 3561
1348 21984
21407 14227
7168 32850
3070 1300
23752 30970
3370 11178
15667 16607
6331 13343
33114 1112
19677 3702
29879 14396
7193 2404
28737 15217
10659 19792
8019 21898
31976 782
20684 4098
16834 30268
17250 17285
849 4333
20129 15084
22919 32873
4906 24392
18061 6429
27616 11377
34262 14411
27034 27698
33228 7416
13490 26277
19620 32892
17794 24997
16805 34045
24152 33994
25825 9483
5001 34034
2929 33688
25110 20672
7573 33707
8939 34831
28897 24392
30116 17313
12003 16668
18565 13689
28957 22767
18132 27704
12458 10358
26979 31237
5455 33819
14824 31434
33229 29494
1835 24603
19952 29664
6403 27626
21993 5757
4310 13227
15459 7736
24422 338
21537 8320
31261 4823
1685 21343
6928 20812
21189 32289
3630 26566
10471 18873
21629 19563
28765 1002
34724 20371
5114 19975
16597 22928
23191 34443
31701 28802
22473 2869
29793 15197
10104 5823
3198 24211
18506 2453
2831 30035
31512 6586
19684 34160
18251 13494
3332 10764
17477 29217
14157 3208
23889 34396
568 34611
5503 8092
26592 30888
21397 33765
30102 18865
19370 17904
30529 23403
3109 3060
33262 23342
13779 16220
4666 23195
10826 2964
89 16941
4319 23489
15310 18282
13760 6688
25395 33446
5397 11124
33080 28239
678 1254
14502 18974
34586 21697
28913 21396
13377 599
33669 27145
11734 11855
31998 5775
21480 16377
30790 34542
1787 3519
5813 31070
10345 11164
27325 32049
2236 23701
16519 14980
29999 13269
28360 23863
6055 1402
4010 11679
23635 31736
26414 25140
17157 370
16876 8257
5977 34505
22169 21708
16982 28325
33850 653
9918 31219
8456 25253
29232 2326
5848 20107
7222 4615
23321 10867
27116 14724
2623 21856
29593 25255
26944 18487
11994 7184
3501 15783
28214 12159
10749 18678
14122 23685
30739 9022
24385 10703
4431 33567
5829 19196
22644 7874
24702 16081
16015 20891
22622 33919
27344 18392
23103 22394
23151 28117
29000 26880
23732 19707
8803 31123
15982 14579
3163 20562
34407 13089
14267 14851
28936 4631
10520 24007
24839 24810
28177 24548
28799 1139
18212 20174
27167 15118
33075 1021
20512 21667
14694 420
2924 18272
5870 9741
22064 19054
29449 2438
25430 24051
2027 9523
34119 18457
7811 1519
17655 33463
4422 31622
25073 9596
4321 15775
22034 34488
21308 10389
23153 22497
163 18691
33705 22647
26742 1707
31120 10608
29032 33148
28294 18844
26925 17425
30239 30948
22855 11737
2741 18292
2471 26840
27887 22243
28785 4797
13312 22082
6340 3914
9035 27457
27045 4283
27028 444
5432 8270
30350 2687
30199 9794
408 33431
4440 10741
31883 28014
10943 1727
6769 27881
5127 25011
1425 34567
1953 10594
13341 18079
32156 465
31060 18186
20498 25494
26150 30179
26297 3805
520 31577
10953 13604
12011 13261
3172 29008
34208 11907
25206 20173
23009 22482
1979 21049
3807 17024
25008 3750
18032 18874
11940 16599
10300 10349
21728 10793
1289 17319
4799 27403
34485 11884
20652 30772
3560 19804
21243 20269
33968 27270
9520 33113
27902 13519
9853 32928
11666 3052
23628 33636
21694 11212
26625 8929
5482 8774
13935 18436
4120 34069
14959 16479
20522 27465
13631 2893
8183 4565
17415 25009
7076 8642
22061 31618
10406 21808
23579 21961
17455 11735
26689 14889
34997 21720
29095 17381
23795 5257
9244 33434
29022 26869
27262 3359
14772 34914
28582 200
27939 912
13116 25934
31615 11580
18972 11147
22174 20228
24554 29324
15829 8307
11825 17942
23217 16087
13251 9578
24689 13621
33987 2383
21519 21704
28208 18470
5326 21521
24030 20652
21414 8594
10647 738
19071 28881
12327 29006
32105 28270
26428 15232
14656 3608
5411 6678
4894 14238
15310 15434
27217 9961
13161 21694
10290 25443
32552 5567
33426 32512
6010 20167
7647 437
17283 33104
24796 26589
19509 1300
24550 16012
17722 9679
31870 32289
26391 16541
18527 9744
9269 27585
23441 17316
24621 10703
16610 8622
27925 33028
21732 21223
27784 7539
15740 11889
12897 21685
2023 1353
29639 17049
8596 9976
27470 27449
19377 24540
773 16013
29158 9312
29195 17115
9978 5662
28806 32507
7685 30030
11075 24669
14413 32938
1665 32548
16464 640
16603 11545
18119 1153
33800 1209
31104 22727
28839 3199
33619 28624
16478 2565
10504 742
12124 30947
28857 26230
23802 17278
21619 32851
13145 18120
25780 31001
8231 25197
20639 34761
7594 1813
3133 15492
1933 20964
8385 31553
7378 11188
3743 12993
16299 7583
15185 2286
8516 33284
15429 1132
20277 479
31052 24175
12902 23336
26882 14277
11543 8814
4083 1734
10010 4547
16999 11317
18789 22807
4018 13738
26065 27723
34433 13808
25530 1884
20310 4515
12074 25113
31840 6217
6216 7836
34690 19674
1862 13093
10414 29694
26081 30701
10839 33813
4359 21748
20626 33315
13878 8391
20846 5219
30857 15493
30776 21514
25272 8723
8265 15199
14582 22628
27729 23558
16163 19353
19078 15696
6987 6355
14951 27839
14765 3460
20643 6038
28648 730
6033 11485
19835 24696
30477 30231
33169 34126
3941 21332
33551 5945
25145 33468
28957 23504
22273 23935
28007 9866
3341 10338
26811 16482
3341 17492
9789 13048
17110 27677
2267 6102
33128 3262
31447 8699
19420 31916
13684 13064
22963 28181
27422 12236
13167 24437
25227 5907
21215 30058
15772 18027
12825 32349
5620 11653
3257 18569
13888 28418
26530 1530
13161 24634
28035 16483
4507 24279
34795 3514
9307 22984
11025 15629
28923 14861
33024 3033
723 32553
33512 30787
27936 29631
30338 33381
3195 10619
33287 9679
33575 11377
5427 3198
126 11118
21139 4627
22734 8387
13093 26241
31867 3531
4970 7065
773 26483
14091 31618
28223 10249
24314 30460
9095 4450
4083 25131
19892 21841
25543 27921
18441 32978
771 22888
29853 21065
3453 4922
24589 11073
32798 24186
4577 242
15030 33841
9475 31757
28575 32370
24177 12132
19666 28520
8599 3635
19674 27637
32721 6238
24356 26187
33496 34609
15933 32333
30697 19043
25166 22157
13703 20749
24582 23246
8867 11771
11157 32784
6426 17357
13235 15544
5362 4357
34924 16888
24383 3333
7463 24071
11310 17031
23119 31369
25194 11210
1407 6825
29974 29560
26887 26309
4486 2803
6348 32872
32760 4608
10112 20712
3727 28627
19656 12358
16292 31055
1024 26800
1023 4547
27576 24749
8767 15261
24770 7189
24082 8352
9854 32673
2441 26847
26573 24163
28214 13965
34083 31627
31786 3682
1877 119
7969 18431
27176 17137
19588 25849
21216 18583
27845 12569
21184 17163
21642 5567
6321 12774
15790 8544
10511 23249
967 25591
16579 12598
28413 6842
15419 2511
12321 11500
23228 30226
2000 10702
2407 29331
6438 7948
12628 30972
29751 19168
11339 18094
4320 6247
17972 18703
23302 30782
1633 3955
12564 609
4104 34428
16204 14125
19786 12592
21257 24682
13047 30999
14572 11662
9734 21712
6959 33362
15490 5145
1991 9966
14708 6869
12423 5774
9810 28884
669 17697
3254 12264
1835 25678
23028 34079
17982 33437
9587 34489
14080 11879
34165 11246
542 31244
10881 18446
28500 28381
9961 9194
11960 26304
8104 1465
27548 6993
28746 11738
29094 20447
11616 28855
18648 6333
24630 5351
34384 18306
3025 3780
24010 11428
8441 18730
15442 28844
22794 22330
6046 25952
18057 34430
15373 3537
26270 27866
3469 6783
31657 31286
29350 26663
16486 20710
1722 5548
19161 33375
34707 3448
5552 7891
24822 24525
24518 25606
31364 3589
238 18324
30762 1277
34398 17952
5835 8618
9819 29853
10581 14979
8099 13546
12319 4422
6861 4453
13334 17585
23531 28168
30313 7184
14199 18876
2717 7586
28434 8343
565 17775
4100 24004
17941 9691
32730 17500
31906 27877
6660 24650
14451 34333
27133 27902
8064 33016
3461 29997
30374 30749
4285 20035
1925 33921
29278 9319
33975 20927
5208 5455
29305 25692
3453 30321
5397 24937
18905 27534
16424 31233
13588 20245
9420 1208
9545 2138
2089 7913
28325 24431
4371 289
1096 22314
14723 27175
19444 4201
32314 10377
9173 14292
3119 25041
20960 18280
27982 9868
9073 3297
26882 34744
34110 29159
12295 23821
8599 11817
3255 17871
19846 31388
30818 2708
9236 31794
34403 25590
23058 27348
6296 33578
8558 14291
2966 33848
4987 28269
30797 29245
27611 28092
32152 10401
10796 14888
30876 24505
10524 13249
32870 17456
15505 8589
21332 8870
23013 3555
3906 9747
5986 7443
2939 19658
25762 9819
19702 6777
19093 18114
18186 19805
29645 1608
16804 33115
12307 17344
9740 28818
5901 18691
20645 26268
28826 30103
21788 3196
8274 31850
22566 18883
93 33498
32940 24152
12008 3445
3175 32033
23218 30858
761 24024
185 23287
623 7199
7706 3561
2372 30215
26502 33679
18305 22108
8110 17658
24001 32510
14481 1295
34967 4701
2975 33476
31443 25138
2159 33829
10852 20926
29077 10608
26396 8936
5813 5246
10415 590
10255 1057
14462 23096
18165 20412
28610 33147
22785 19706
25287 23413
11594 24291
10624 28964
27538 34420
15786 19116
7718 13414
15914 6365
9938 18436
30026 16779
10033 21555
7862 2004
8917 34767
2318 13716
16696 11420
23237 6254
16610 32176
19656 16506
1993 29326
3461 17602
15758 9824
14244 8091
16730 19069
26748 21916
28709 27757
23470 2783
2825 17921
16766 2424
14002 27601
17624 23308
3507 11596
20679 23587
7795 1864
4181 33651
2309 23627
16233 12336
17088 26442
21809 19918
4515 14959
28629 10783
20795 30451
29061 7739
29876 10668
17471 21194
25281 11615
285 7049
6190 1549
20212 30702
25132 33836
13286 11347
6215 4057
13343 14465
11181 32049
33819 10742
34695 12408
17442 3953
32611 14539
2125 29486
8039 16150
2870 6794
30581 16187
14820 13127
21206 29620
6856 10599
30878 10428
5161 26368
24818 15523
17951 8640
23721 3155
23262 12473
24555 14218
27253 3550
33747 27175
26424 15254
30457 25555
29736 15677
8724 12435
21326 28769
14004 32545
19812 16661
24803 28666
3369 6169
8160 24155
25070 10129
5392 11328
18912 15126
20409 21144
27364 8411
23057 8160
29806 17862
6922 11119
6169 18735
8800 33327
13566 11123
20556 14056
14045 28249
12324 1151
29432 4701
29876 18782
12990 16960
12737 7661
32478 4947
21502 33300
9775 4827
16790 16199
3665 34194
729 15794
5815 7473
4278 14511
21666 28011
24952 8973
7803 34990
8036 26691
2491 13016
28222 8746
24770 5645
26979 26085
10407 16274
15060 9095
21284 20732
13626 28039
19983 4544
8371 26260
23514 27628
18637 13198
8463 22951
17947 15926
1129 13908
25488 33883
3166 6128
15885 19782
16372 22322
857 34771
2800 4620
23092 33115
16029 8008
26661 31365
33345 9402
4599 11013
10192 373
10724 387
27840 24299
592 15048
1672 9507
12053 22915
33453 25739
29293 6135
33310 21212
30667 3412
9352 1724
19947 10051
10952 17437
3513 10426
8370 24293
26311 17602
2589 6320
11893 16500
152 31478
13736 3245
19181 10851
2238 10764
34357 5957
13520 26275
30233 20700
2951 25192
30271 20770
3136 3575
5065 8229
663 23740
25295 32788
3509 24118
21718 19138
31176 2978
31336 31944
9944 14257
31364 31718
2114 14972
8188 28533
5144 5760
27338 15262
30612 32299
31548 25775
19662 20517
16332 14581
9895 5945
30221 1850
29114 14435
19445 26571
9928 26037
18790 29550
19704 30230
8494 18293
4188 30713
22173 19206
21309 7327
362 25462
358 24445
6128 18664
20989 15908
15774 17571
11493 752
18120 4314
6472 24224
33495 16655
5581 21358
19011 17424
1966 7919
2945 33260
11163 15331
6248 12054
30934 24652
20409 6126
33508 17112
18802 14159
10594 17592
7460 9326
26653 25942
12697 105
25272 33251
17893 23555
6874 2358
13869 18498
20086 22539
27548 15067
5354 5272
7463 10028
11280 3846
6940 26099
15831 34790
25513 6094
4469 1570
12680 8426
31340 13486
5511 18539
34297 10654
5133 11836
4843 13308
9999 12066
10870 34318
11055 17141
17156 14470
24934 22053
4933 15448
32597 31751
15057 19492
31952 25078
29778 3201
34407 28664
5459 5041
19136 29881
30788 15807
33083 3136
22827 5006
29946 26126
21326 27142
32238 13150
18194 13311
2417 21812
30753 32297
20046 1705
22367 13137
15545 7229
12007 12018
3203 28613
10988 6700
1624 20357
22063 937
21696 2628
22428 27307
25976 17841
25416 26174
24444 33602
12551 1827
1504 24135
6399 8132
29843 16732
30619 33220
3740 3441
13446 1832
12016 5530
9944 30371
18249 376
10765 29372
4941 1507
1799 22733
33015 25143
28448 30418
17441 12019
13312 17747
15571 17340
20072 25151
7732 31772
413 28071
24127 22042
5933 15212
15839 1632
13056 3683
31465 12069
2345 7518
8317 32583
14505 4540
25240 27293
34145 18716
27602 29745
9422 9388
21313 18596
33603 20481
5836 19834
15157 34413
23351 21993
10014 11981
1010 437
26224 2098
25405 22215
32733 17200
6218 29768
2561 9355
7588 173
27770 5148
15457 28150
22444 20773
29162 34683
2330 20158
30832 4091
16371 28362
15145 2893
22206 9893
32632 150
24908 13885
2757 25074
14741 17744
7990 15911
23736 12315
20197 7977
10087 7830
6627 4303
33410 2554
10039 33927
26218 30766
28878 6114
19216 29443
34680 32527
12593 14090
15019 26596
30313 2978
33407 9363
3148 21511
2823 17476
9289 19490
16732 12827
23102 14076
12486 6560
11694 31357
10010 3868
14237 18295
22912 27548
13065 27984
30069 22931
11668 18902
22511 33245
7900 16851
1090 34405
28384 34715
2116 19621
23212 2053
22377 8951
10916 8145
22489 17314
7331 20956
12673 34779
18095 6652
9760 2976
28258 34595
31511 13818
4178 11949
16056 16051
3897 14436
3192 6641
16984 10682
27049 12461
21010 9403
114 12069
27186 19939
33607 8119
20363 12125
20019 3245
955 24235
7740 6985
5680 29142
31425 33967
12007 714
12440 19774
13139 12740
30697 24080
7030 8135
29782 18934
24576 19138
11521 32808
30820 22607
1914 34833
17775 26360
18664 4316
11050 27271
34066 27325
25003 8322
31764 33831
26882 28599
28774 11966
31546 32278
9885 18683
12093 33041
13031 33572
7581 10657
14834 11565
20820 23072
22565 29931
4397 27831
28057 22074
14502 26503
34299 26335
5064 24242
28325 34408
5150 34343
29983 4585
2577 24699
756 34662
26686 3017
32968 33881
32538 5380
18902 19558
17222 29086
8833 210
4132 24102
33806 20973
18120 34516
14382 28320
31016 22939
11638 10582
29572 17169
1860 24405
33074 3805
8588 25506
15344 29794
22502 16990
30625 14733
8620 26797
1604 26772
30619 9102
20523 12727
9785 34494
22306 6071
5499 8067
11983 28643
16539 26217
12539 31265
2576 4895
30256 10483
15707 6832
14120 30448
15397 25369
9414 13512
23625 32292
33838 6943
2722 29625
28826 1882
22648 30068
9606 9966
6608 31036
21470 21069
14832 22439
22872 19605
20087 33418
32980 21239
24842 14231
8384 3460
7134 12357
20093 19823
1868 25708
27079 25099
16039 34121
8012 29753
25628 13337
22938 29861
23755 22915
15474 15048
15502 9104
31805 10890
1454 16529
20476 6468
3572 24924
20499 11702
16268 21436
7878 8903
27861 34866
15545 26974
31835 16144
9401 33866
16694 5798
11811 20463
23570 8009
10045 14911
27469 6748
29587 31075
1846 15948
20405 23759
23307 5766
12605 29972
23038 25832
26032 24931
15507 309
12597 16001
14924 18778
31906 28153
7191 8682
18356 29217
9632 16627
27253 16950
22515 22033
8854 19449
14298 24811
2033 30796
34706 29427
16090 7147
7629 11438
10176 21342
8279 8618
10434 15802
3820 13913
16724 30929
17373 8496
10385 12495
27383 8425
14178 33517
26322 7110
9744 28742
22991 6252
10393 23549
30744 5227
22485 12958
14778 8881
1934 23034
32918 32747
19991 20394
15195 22508
21378 17186
9237 14483
17474 32388
6350 13224
28127 9318
25340 651
19257 32755
23266 14234
9716 1813
20065 8157
8256 32857
25100 27878
5256 24155
5957 6962
10841 27960
28328 28848
28419 7010
25396 30446
16409 21317
32211 16206
21310 25190
20581 21372
29219 31095
24150 11012
21735 27478
3224 29095
27111 27616
24922 28148
14080 10529
4614 7627
15863 3088
861 20768
32011 8280
7573 12448
10379 31463
12607 7190
19904 6424
8140 14103
16224 6290
11164 4622
25179 23238
8993 30482
6416 16274
22333 4159
4581 10721
11868 21485
23706 7836
4832 28032
24441 31974
14697 21996
30912 1353
27232 21080
31592 15711
5730 4484
7139 34559
9332 10135
717 12595
25137 350
34361 20926
24728 4172
9258 28734
5960 3400
24472 21345
7298 26448
32832 23835
16764 19932
14411 24269
16530 14337
32275 33218
30480 11350
8197 8807
1875 23001
16147 3012
179 16539
4196 12558
5808 24421
12568 15312
1210 28794
17583 18919
1277 23175
12513 30017
30030 33036
28436 32144
32316 25268
2466 26814
12302 12858
15176 11586
31575 24449
22862 18328
30362 13395
3470 20561
23530 17682
30980 32637
16627 33688
32024 14266
10955 24778
18642 34041
26092 30556
5853 15666
25259 6572
32217 32071
24065 15744
21134 5535
11886 1653
21191 8573
2603 19814
21729 3678
14713 14566
7579 30974
26714 18562
11803 7507
7426 4827
931 26441
24356 18543
21816 8069
27999 29658
4230 22534
31116 21951
17865 13930
15782 29865
11684 2859
27417 34030
1486 28030
7645 34506
9033 23847
399 16250
27526 5532
4015 1202
10799 18661
1661 20881
7239 10802
34398 8296
1363 29693
5872 9562
16696 18223
7253 21017
9380 18593
31100 30
8673 3705
8441 25476
5547 33791
28309 33645
6963 32609
11912 8291
1401 9604
25840 4372
7870 31134
819 33190
26721 1493
22113 13352
31052 33789
1440 14877
30332 29311
4473 23745
22605 26768
24979 31836
19377 29036
3689 10453
25705 20043
19606 13603
5216 32122
23652 30741
6430 18851
8832 12132
9177 9253
29686 8282
33689 12350
29921 31202
26765 17145
13158 34443
5007 30073
32628 30910
25030 11695
33801 19978
34604 203
6761 5078
14749 20998
2397 19338
28256 115
26729 26209
1281 9345
16480 32288
26532 20151
5409 26998
5802 34031
29432 12766
27678 7458
22112 4254
17005 8530
24103 32368
3693 24677
30560 306
2991 8810
24675 31899
18248 31587
10199 34509
23056 16973
33727 31554
8479 24453
9334 27016
6415 14517
17716 26626
32896 24410
15752 2028
7444 27971
24046 10653
10120 23874
17159 29424
19370 21450
32145 33895
10995 25511
13408 8371
8567 4989
5900 31209
31107 3087
29189 6874
28498 18094
9440 20051
13994 26863
30252 31456
34811 28015
11666 31770
29401 1854
33024 11520
22828 32416
24131 25345
9840 17552
9594 19084
13823 19816
7447 4168
14797 2408
3532 25939
2430 11790
21363 6921
20979 23008
26435 13400
30560 29113
21666 8165
783 34820
10445 19117
10671 29239
7947 12474
16976 9574
30845 8904
23367 23607
6880 29590
27952 25832
18610 23359
16717 8308
26430 11888
350 24410
32000 30240
9973 6830
2037 25868
29052 33322
28834 19503
4884 25471
24629 12758
21985 1419
3272 34869
13596 27479
29265 28853
6245 15870
29599 8782
32025 25543
19066 9486
33743 5741
25166 10252
14023 28967
2257 14870
11583 30258
31289 15220
9282 19020
3582 28994
29947 2175
25283 10706
21764 3138
29356 28763
24623 13679
4361 23967
11763 23046
347 13975
17555 4124
22761 30906
2285 11755
9565 18526
12237 2044
23499 33363
11172 28876
28932 6795
27570 30664
6334 15220
6427 1306
2440 6756
27597 34229
16376 1482
6115 7950
1646 23548
15574 31678
32346 2968
21134 23716
2320 26488
31539 15413
6108 15614
8477 1244
13268 2690
27004 5847
10027 2543
34381 27584
27740 14410
19299 34639
23318 15447
11725 23135
22330 29629
5427 22868
22428 14090
11541 29935
28573 3153
1107 3572
197 10650
16099 19733
26212 7514
20258 26117
34356 29716
10691 29869
27545 34887
13649 25036
215 34811
30724 32493
9571 34689
24852 21914
27966 6380
4714 32521
29039 30900
21705 26174
11213 10670
531 25532
12503 29075
8499 3654
24546 22324
29008 17631
30751 30544
22998 12511
23625 17921
25942 11978
7587 28142
7750 33143
3943 19718
22457 13678
29072 28945
24243 29059
33756 21831
15002 18811
16135 27513
23548 30081
19129 17454
4712 11255
1680 1412
20732 24282
30762 3915
6657 23278
10298 32412
20021 13696
11267 11374
25724 30203
20687 4263
15272 27163
5360 25506
8269 361
6050 21512
13324 30149
12514 27106
13590 25142
21869 13021
12611 32208
8127 18728
2826 24796
163 17613
28284 18250
29773 6815
32266 32193
14451 11080
22062 25448
21836 5646
15928 2837
10055 25775
8355 20869
7250 6142
1121 10359
31746 329
5365 7539
32707 27034
11268 29746
24618 28147
10925 21012
16952 11172
5231 11752
4248 19105
27719 19769
22028 34658
10375 12238
5194 23435
21091 11701
7192 19190
1909 17743
24421 8691
4275 11795
989 24426
7362 15336
22899 17616
33162 23801
29000 14856
34439 14018
21683 15104
29291 21231
10974 8210
27695 27122
24291 19491
2065 3494
29213 7640
28695 28282
12064 34168
11268 31468
11886 27492
31904 20306
23106 31767
19269 15901
18156 14722
5607 22281
14515 27582
23223 12044
15883 11019
8290 26360
13710 12209
34856 31485
31861 26614
28697 34691
9306 12845
6403 23241
455 20974
21793 2881
6447 8472
26437 6129
14335 24327
12456 4934
13520 22094
25894 28617
4001 18087
29551 2266
23698 11547
1898 34062
15330 12048
4575 9329
6196 15515
8621 14548
28393 28681
1568 20892
21712 33311
2405 11125
22263 2052
15503 25865
9220 31891
1517 9764
10261 1123
11826 18518
22604 22682
12146 1415
11971 27504
29776 23248
28057 28417
31337 18396
15211 12749
1680 1505
10454 32068
2064 7893
20738 32149
6357 25821
6448 31170
24343 15672
12189 33893
2302 20314
18680 15340
30195 20825
11445 17337
16555 25336
4748 15865
29466 7890
32184 20319
5582 20572
15014 14552
5947 30741
2165 20030
34264 6309
2906 15483
7807 8330
32753 18103
3421 26579
632 7958
3312 22426
2520 5663
4452 11852
31673 13072
34450 17294
30232 26606
14567 4262
22992 21323
7308 466
18630 8104
28685 28541
34575 6142
29580 136
18033 20498
10809 4611
8016 21434
2797 23338
7697 7074
17758 17991
23390 16155
23539 27318
24157 5945
14641 7847
31103 13737
22367 14038
14901 17881
20663 3031
9528 12968
28877 8300
15787 25127
18266 29556
24538 9999
26059 34977
7101 32442
3379 12413
16726 19797
8902 31768
9667 14854
5838 3800
25206 3426
7515 10099
18390 7488
5193 3410
31451 2236
34276 3443
33385 4342
21357 6960
30627 28325
32147 18023
26789 19610
26729 21014
33275 3427
19948 20491
29901 11921
20501 10820
33394 13063
30600 10085
28063 4074
3741 20995
24570 8772
22856 19944
15324 18669
566 7160
34403 20848
322 16069
7430 28330
6151 15335
33717 30256
7880 33098
21397 25870
15916 14779
5752 6020
18118 27158
24361 16640
27619 29631
11299 31774
14786 25023
13806 8184
11497 20528
23811 23329
31322 33796
2169 26675
7294 8036
32029 21381
14391 17148
8668 11998
33595 323
20623 15026
278 34069
25759 32696
25177 5682
32299 29725
18317 15201
5400 17709
1358 23950
30249 23747
202 2496
21121 868
2228 31202
19809 18996
23113 7420
6733 25832
34532 8443
22320 3502
26991 19393
21958 12938
12688 14974
23407 21180
1488 3545
14410 33507
20928 14491
3988 12276
9828 19955
32945 25429
3811 5003
26407 17839
25376 32381
6151 20160
11972 7096
21017 26452
15984 3464
12752 29338
19305 22495
29281 27069
27072 19156
23552 29293
14809 29907
399 11503
23115 24883
3296 7072
19558 24035
19158 15851
61 6576
21410 15777
34337 26410
19051 8354
19447 19787
11834 23108
13296 32407
19999 28914
22611 15957
29153 28992
22925 12506
32273 33545
28430 23030
6990 16659
10234 11328
21963 11066
1715 26133
30649 2166
30099 17872
31065 4859
33551 23397
1330 16692
7361 29964
30350 15166
30196 4709
12398 33281
32562 7392
22846 5357
26513 30763
29958 2536
17209 21797
218 25570
15259 16258
23543 9831
12516 17747
24945 34721
2512 28704
24428 2301
7183 22500
4514 30276
903 20102
34941 11346
10645 17392
29599 32473
15094 10305
2600 17301
31279 28618
30762 23180
20451 17954
20550 26775
30263 4273
30057 20720
28952 33428
24016 26217
17346 24263
7165 10328
32054 4378
27788 9237
12712 18025
34219 16748
14414 8504
28026 22001
24472 29245
31410 33193
28338 34125
13169 17666
30274 7251
19184 33802
27821 15614
29338 24930
26999 34842
13452 21552
3701 28861
15190 19497
24545 16394
29590 34817
32099 16460
1500 12366
15920 17711
12303 21115
11067 18914
34925 25518
9468 509
7989 31608
9215 1565
11085 11853
21638 7798
26212 9673
4049 506
6050 19351
22348 25067
22084 25336
29479 5860
21072 12828
34016 441
22193 5058
26235 12981
19823 29535
5187 8613
10998 1912
9017 7752
28766 27022
11045 579
2663 10103
23697 18691
11215 23579
12748 18811
15058 32581
10596 16146
6774 34748
17964 28053
876 15257
9980 2697
5400 26983
899 9919
24982 14444
18344 25140
6233 4915
26332 23318
12768 31400
16945 5707
16377 11639
18907 7484
7264 24918
3637 18425
11704 34549
13201 15791
10639 6242
9895 11195
14542 28317
28931 3248
9513 32294
11993 25546
13092 5787
28482 24425
5373 3577
10992 4610
17751 26185
6220 25237
1517 34713
22369 27735
1417 32153
1019 3987
24647 9904
27092 9835
29151 21090
24478 12329
26476 12753
12043 5211
24735 18652
10846 11408
7877 24405
15634 31476
24324 15598
25425 21111
26584 19156
32601 6709
16290 30847
31185 6292
20329 3605
7908 29186
25552 34022
4501 22150
10369 9040
24114 23268
589 4526
21802 21877
15916 18015
11075 4771
19396 33073
3760 27971
9735 24888
3343 12475
14944 15808
16939 32846
17989 28756
28728 31480
21889 29434
10519 25927
15182 14244
12106 28335
2348 34852
9907 2443
8154 26019
17819 23273
2216 7188
4575 28508
25447 31638
23595 33097
11777 17510
27926 29453
20910 20067
16237 22616
14846 9309
17657 30769
14035 15908
10779 34972
6110 19678
32147 9451
31951 12463
34154 14492
6524 22852
17471 25224
10517 32194
7662 27311
19137 25321
2439 16933
26266 19584
17786 20131
27446 9368
23109 24425
23982 22235
11715 33806
17390 13073
25588 8876
33914 17309
10847 21620
32594 4002
3852 4393
15557 21274
26079 16442
28151 25822
11487 32383
6895 22322
28820 13242
19625 4000
24630 12867
13534 33594
31115 24565
9362 23338
21775 12275
16055 17668
29169 21245
1998 10229
8309 18963
17655 13725
21156 7969
28633 29059
28408 5935
11550 33402
26072 8422
12124 14867
21373 22493
31090 13746
19958 10071
1935 1535
11039 5033
21427 18262
7452 3327
5162 34348
11742 34814
25775 20051
7000 34304
3557 23361
7920 28112
9357 24956
32305 7586
3369 3578
1106 31503
26561 11314
18092 28042
16439 26031
14024 12474
26248 8890
11757 8068
30751 31811
29540 21769
9290 33814
12677 34450
9900 12698
24973 8044
3381 22056
31601 13362
9950 22545
15150 20769
24880 3922
8635 34472
20858 11763
28991 23839
4180 10670
15452 19339
8161 28598
12642 11174
8652 22697
9377 21253
5384 18473
826 15864
25284 17658
26312 11817
22231 18648
2396 12086
7006 11875
10838 7371
28600 22159
20752 31383
15818 10428
20540 24816
22585 14170
66 24755
3768 4922
28075 7122
9167 20628
18464 6499
7307 18438
11757 20508
6688 15021
22643 22963
33546 7157
29022 33377
3979 8418
278 8673
33914 1687
33922 14707
10507 33355
3789 34461
3558 25260
22133 2796
184 30650
19337 3983
18290 26318
8476 1117
22247 12565
26217 15609
11280 23374
23250 28862
2481 867
31909 28876
15957 2828
28506 23417
34408 10531
22479 27200
34786 20135
6054 2011
16101 20473
16805 21720
19161 12090
56 194
16248 5982
12910 31294
1 4526
21748 4454
4424 2286
2651 17772
30300 12379
4451 28357
21672 5969
15750 23084
6946 12415
30242 7485
27267 31827
28301 3826
24409 25639
18667 25407
10896 27641
10421 20929
21492 3769
26041 888
26686 9843
9503 13689
6147 6551
25959 1715
14001 11199
3631 19971
11034 25593
33714 23159
1430 2495
3054 19242
3189 33258
27000 25613
34983 1955
13051 13556
23114 5981
7682 8282
909 30097
12046 20685
23903 34011
15905 4157
12468 34076
27259 1913
22006 8343
4003 21340
29037 26921
18826 11798
25998 3655
25600 9567
18320 14991
25620 32410
26211 362
21444 29582
28429 27376
31531 23310
27296 13701
27213 28948
21649 21913
27772 12928
18000 1246
22302 11352
33205 23789
8019 12637
5594 19167
29098 7774
3756 15715
9521 4937
10160 10496
18887 28433
3423 5045
3502 20247
7298 32442
1962 21182
9742 13909
26028 2887
28348 27558
6447 8639
13362 33015
17182 15071
12842 5195
28610 23711
4406 28216
34362 15490
20093 32277
174 30372
17724 11771
8937 5979
16869 31961
19556 12650
12947 12654
20404 1898
10918 3038
32147 23984
14813 20904
29874 4837
2578 33500
3717 14062
31925 8794
31589 6525
9651 31390
7090 24780
3268 21392
29607 22019
4733 5142
14786 10918
2245 26086
1635 2067
16655 19095
11469 25577
19226 20031
22199 8425
17291 11256
14858 9890
19178 19754
27169 5943
18107 16558
12694 11443
6807 26282
14108 26677
26219 10873
15565 21153
19606 9383
26758 28510
21115 10864
11349 30316
11113 28032
20935 5083
11598 15278
13154 26960
26637 25320
16317 16437
10190 2586
4122 6804
18324 22149
25234 19278
1359 1195
27149 33049
28767 13902
27497 4509
24952 34240
22734 18750
4984 19493
33140 32733
31441 16978
16664 27651
23840 7594
18940 30195
31336 7989
22532 16257
2880 23435
23010 32172
8100 18026
8050 30187
5618 22299
14624 8461
30328 30679
8936 5169
32039 21150
581 12480
18622 4368
29964 10216
25724 5680
27072 34588
20118 28808
12212 8512
29082 7144
12696 24506
30474 23184
5838 30732
22290 8939
20082 984
23977 20727
11819 18570
25816 33174
23920 4593
13221 31362
7092 12318
18017 7804
4326 27219
32686 9552
22886 15088
23889 11701
18258 15975
779 19233
23672 34725
26066 25682
20205 29620
2374 34772
33080 34502
29048 12664
14898 9747
3103 6541
5978 3149
10174 24629
8449 2392
21502 34883
13475 21908
5445 9429
4696 10107
28648 23762
10991 3923
2513 18522
21919 30472
13843 14694
23385 3378
31630 27091
17177 33925
12970 9247
19520 30856
79 1462
9551 24726
31676 1563
13492 22361
13106 4003
8560 30597
4330 29372
33079 22536
32597 12042
2868 11924
23430 16689
24496 17397
24892 18922
11239 1350
1987 17703
15636 5967
9827 20029
34385 32662
4900 34025
5775 18368
12468 28879
13003 5838
7229 8091
15761 10875
3931 16977
9372 12326
29156 11895
13202 24327
34583 34240
26559 21278
31787 23232
34438 8832
17193 32186
25838 26283
6529 7394
3744 10261
875 12620
34953 29560
23098 17906
15702 7858
2748 1617
18131 3414
410 16146
9407 18420
3192 26471
34993 4641
3431 30927
7426 9556
26098 28818
16026 25320
29560 8921
13391 20662
9786 5909
4238 7247
7209 12891
18836 11567
19675 3752
13611 30115
5664 20288
17166 11645
3100 19106
10165 21651
6169 13891
12456 4171
29027 22968
27192 21011
22373 28080
30352 4148
29502 9070
13581 31023
10214 11894
16390 12518
19745 27881
32027 33374
11713 7082
32802 6341
19291 31900
14718 30394
13293 24828
8476 4757
14022 15515
15638 12836
28566 2880
1743 17818
18484 31083
12244 25416
23003 17004
6048 32005
18275 10632
33271 445
31310 27429
9045 7494
11161 22432
8721 24740
28426 25577
339 17734
18258 14316
9766 33313
9101 21028
17265 29222
8739 16218
4587 11845
13474 20882
277 14725
32334 24515
1018 32118
2867 7002
16356 11600
22585 1591
16311 20305
6281 33813
29312 14381
3908 34651
21310 27118
30893 5048
21492 7357
18774 12608
16345 7836
13103 31855
20502 1682
8821 9384
31441 34340
15362 31453
14151 852
21808 22916
1 11518
31064 15308
33286 22421
32132 30274
16981 30603
25045 31200
34054 25518
9913 18980
10993 7017
8561 24764
235 26720
18590 30201
43 25636
21266 33663
19598 19267
643 10175
2481 24053
11512 7146
17348 6490
22319 10219
1635 22570
25432 8658
16611 21663
11404 30065
30325 25525
30259 28417
3829 17422
29933 34883
21372 4239
17380 29377
34042 5490
17557 27553
8174 25814
19712 8836
1622 9967
25950 32703
24975 2795
22835 32692
779 16987
7973 28809
29483 10361
2507 22116
34804 8443
7019 3128
3859 2904
2465 90
5810 13221
32322 30662
18745 26821
2621 10252
32067 431
25590 17487
7266 29884
17399 31288
27901 1814
28338 23232
14143 25702
25238 28355
27973 12557
3393 7387
24936 11560
21736 18913
4425 27123
21941 14186
3046 13383
3104 17170
24194 23121
19797 16530
32327 18047
23262 30841
21371 34249
33039 3467
30070 4127
29724 8341
24065 13278
20073 4270
26941 20881
30880 1410
18929 10737
26717 30943
1644 25274
2465 26274
14111 15948
28497 28061
26748 17032
3256 26155
1326 29909
28977 18983
20010 24400
8469 19457
7432 32925
11053 17360
32504 27820
26076 8654
8909 30784
27161 17312
15882 1326
8401 11004
27658 14061
18945 4700
399 18510
6481 18193
34215 34437
17764 11311
16154 27728
17551 21536
25562 12849
13803 31689
24615 25649
24971 1520
29681 23812
10039 994
8035 7105
23372 1705
25108 21705
2232 17775
22299 3801
7770 16940
33733 32845
5704 9643
8311 3538
22633 23186
10856 32764
9846 13978
10375 25825
31287 32385
21547 3683
14260 12820
26431 24138
24385 26685
13919 18702
4974 17331
2419 24612
994 11021
13833 10339
13771 5333
3776 29330
5111 27454
8366 7127
7895 30677
28663 20569
13390 18539
26937 21929
9279 29917
23507 27156
1343 29636
13049 34710
34281 33831
9897 33807
10750 16146
18658 7743
13246 23786
23693 25824
5717 13251
3996 18082
24079 2823
7703 17105
9787 16095
21528 2699
18609 12199
21591 3108
22785 27861
32988 13503
8928 5705
33614 24184
24454 24865
32632 93
13214 24105
25591 17387
29220 29308
30555 29025
31963 4368
29652 33316
25964 22789
1587 11838
13802 20758
25998 1442
25600 1349
33167 28227
12475 31342
3212 32830
25223 14890
17275 12944
26470 941
25414 3454
22701 16847
27934 28986
26926 17003
12899 15075
31700 7358
7565 28207
10943 7570
19473 20006
15093 11010
17463 28693
14183 11263
22422 1220
22521 4919
5195 8656
26077 16074
2151 14182
4407 19577
23696 34653
9769 6485
29394 21329
12831 24997
8499 21891
24738 33796
11368 19828
12819 19096
26870 4078
11672 20455
19268 696
9649 14336
14254 200
6322 28477
30491 22964
22231 17013
14494 14875
962 417
915 27432
18278 14855
14100 31666
12320 27936
25835 6651
29947 25920
10540 14532
28093 7157
2727 29567
12566 24710
20652 26682
10663 23857
23657 3631
18722 4761
9007 16618
21607 21452
30957 17764
16540 5904
5581 14124
30085 17873
4725 23429
10425 2480
19074 8101
13557 22635
28388 16896
3777 5335
2383 9896
19772 14245
32048 16608
15511 14598
21456 18991
25487 34157
22041 28467
23365 16013
5890 30277
32836 9710
26779 34997
5983 13352
20502 331
30794 23482
14253 23558
4082 1252
12775 28458
7599 7052
18803 308
16901 150
16439 32629
29298 15630
14492 5166
27674 34248
18175 1579
4993 28024
20808 22132
30904 18637
33052 21106
4561 19035
3386 30024
33733 3148
9629 14186
5134 24816
6134 16680
9140 30523
9967 20856
20533 29857
19144 25850
27772 34950
3837 30779
17609 10682
21216 13927
33849 11438
31807 25537
22438 26623
7041 34299
1963 8280
31928 23210
14295 25288
31887 26753
32152 28784
27869 16736
26662 19354
163 31637
8210 25293
14427 34016
34939 32295
31628 9396
4829 13148
1882 34
13629 12722
16304 14946
4482 27859
1543 3522
26277 8442
28712 6315
32185 3511
8081 4710
23104 2736
14855 27178
28518 13498
20652 1002
24827 30342
41 21632
33005 26964
12017 24922
23176 24566
17452 14871
26949 10298
23457 8030
33888 19865
2147 15577
2101 480
9019 27124
4915 6942
21793 15701
470 5010
6482 18359
580 7267
5228 23148
16811 29330
19709 30196
23373 18295
2496 29490
8550 11696
12086 2266
23631 25165
30254 26886
17684 4400
21985 16245
15046 25667
12854 16875
31613 26492
22957 19453
10975 12060
31352 21532
31419 34648
24851 26309
596 317
16030 34322
22011 12872
5039 8263
11734 26237
10445 30624
24769 17485
28977 2316
14148 30896
28291 33818
33404 32236
2823 24548
25486 20738
13753 11783
15418 11746
20787 28198
6561 19794
11933 14360
28185 26298
31786 9268
29407 9901
7769 27723
3230 19326
75 284
17784 24461
14411 29617
19933 14586
21701 31332
19907 11702
22614 5129
11013 27948
21674 6812
28823 13209
18624 33391
3977 407
4100 27709
34363 4759
25747 8622
30649 21339
17683 11210
9294 22176
27201 20192
10265 27584
7902 24392
23365 13842
33063 16278
8902 6308
703 27406
15841 4146
16564 24436
8463 32921
4219 31303
5389 5410
17095 25609
28267 22215
4405 12208
23100 11129
21359 1252
28706 1150
1118 17063
20772 11392
25238 30747
20466 34619
12132 15580
21661 9798
32990 28273
17376 27605
11789 14232
19020 22126
18557 2677
18549 27213
4032 23080
33525 4788
5582 1456
15196 5275
22146 10842
5686 2062
27080 20168
7230 28468
12315 32389
18883 34155
6994 2233
29470 17207
9076 26036
17834 8395
7640 24213
3829 10812
20059 1746
24412 1291
15595 25331
17904 32754
33474 3870
11070 21032
9427 14897
15778 32964
3083 20631
1991 27333
6472 21756
4668 17676
5301 2598
16400 22452
4732 4651
10680 4505
8185 29388
18737 28126
27684 5310
17539 12261
12296 6853
32001 3319
31711 21257
22551 11779
27965 29923
24881 31684
8159 2211
19564 32453
32187 25541
7821 31155
1875 4786
31890 16125
27136 21155
313 8619
13975 34115
22585 9146
23361 24906
14119 32136
5807 17743
10256 21619
11879 32536
34484 14312
27427 12248
30533 3438
33672 27754
12835 33216
23974 33454
26032 22781
17091 34397
32334 5840
6638 7945
16297 32447
14267 33434
18746 8562
10181 8085
2772 6573
28436 5689
22802 5792
31253 20001
22406 17532
32054 7059
19867 22621
19161 20233
28198 13569
13073 30644
17857 11008
5716 26071
32091 12377
30484 14988
3814 29922
28951 30058
31645 968
24750 10298
6172 12384
3630 516
23173 27127
2767 23343
27957 28421
29593 34158
21983 25637
11169 4797
8296 3659
16729 6747
31071 34158
11718 13962
32491 33675
8778 23603
28718 28543
19723 9596
34497 2817
7212 20315
30616 1555
15267 18824
5472 31055
27132 5870
19205 29635
9885 24312
917 7001
22996 26645
26408 7005
12672 6138
3374 9197
28641 7933
24703 12271
26528 33891
10950 8029
34937 26143
32006 5865
3924 10032
7486 14428
22892 14467
20124 13545
2372 21227
19433 29318
21480 1443
34433 9298
28834 13142
9920 27532
23676 34489
25053 13534
19168 22261
30102 31163
29166 5360
32867 23094
16733 18203
306 17115
30919 18307
27326 27250
12062 17313
23029 256
12014 15734
33000 940
17081 27990
25384 8833
32662 27985
3775 10199
6446 20416
2348 27859
26749 8719
21330 7621
27874 12482
29937 13911
18882 13487
6462 9328
32438 28349
708 17830
6879 11323
4622 33768
31042 20078
13987 24641
7094 18552
640 29264
12816 10595
31225 22907
34916 22081
27253 7972
1758 24931
4276 16875
16887 28375
7551 10099
21429 13410
19900 1108
21747 10483
11167 27561
9777 29444
24671 1813
12737 6105
13916 1183
33872 27838
14080 5920
23469 5403
5036 10371
27738 23421
11517 16106
25283 33636
7049 27246
28268 25331
804 29588
25558 21186
15600 3509
25336 22512
33930 25871
34577 16584
728 18217
13549 28202
1857 15389
6066 9349
29733 33963
34567 14333
18814 28186
25244 31376
4811 18257
18032 20204
27658 21900
22402 10096
3924 12550
23596 27985
26027 625
882 33111
21522 22239
34533 28150
33852 24025
17761 2628
11713 1427
33493 636
8465 11384
1994 5703
7710 8252
27524 28296
20903 464
14305 15635
4775 20483
4320 2859
3757 25577
13978 29003
15395 5391
25595 4317
12359 16955
22232 26615
15704 32021
2165 11998
13864 15844
28508 21440
7726 18573
34706 11969
28473 12400
19146 11969
3109 28536
7230 26077
27052 27717
32195 19255
7127 880
307 25504
23888 15719
19520 17648
30991 16599
14816 11008
19311 30325
16986 25131
18743 308
15263 17350
15916 22121
11578 4736
10814 21223
20018 10293
13506 16317
20018 20480
29518 17244
62 5513
12281 18770
16004 24032
11371 25851
27682 10372
766 19849
20437 25690
19732 12015
5456 19504
22791 6182
16071 15108
9786 11240
13592 1774
34485 24531
21269 5667
29218 28590
9623 19597
2557 20833
9499 4067
9700 27450
16622 16955
27817 18659
3633 26105
18743 14544
4438 11362
7751 23769
30750 27722
12442 5732
22459 30889
4111 12217
30798 16516
32713 14791
11733 14703
12373 8648
7478 12670
19642 21180
14079 13131
14877 3477
10635 15661
28825 3968
2374 14912
101 30620
4104 10319
7143 8098
19739 14286
1691 16026
21458 18477
11136 31828
21329 26583
5114 7524
1958 9850
18158 2829
18527 22524
25102 21118
4552 11735
436 33213
1398 32161
24033 24001
18517 414
32165 21454
30101 26166
4227 28974
2978 23495
15955 2989
9909 11113
8642 22287
2469 29954
5870 27333
993 14315
15488 19601
13281 3747
4310 27536
22672 22999
24996 26120
17090 15286
31716 28173
32605 378
34472 34018
10641 27110
12073 1067
32103 6361
550 27884
10433 17841
17760 29329
20277 14592
24163 17023
15410 26700
24860 1267
926 8410
7647 20140
19269 6695
33822 28131
10846 4074
2380 3878
33551 8110
3751 24109
17099 28424
25696 33386
32512 33890
13449 24817
10145 14048
17563 20823
8850 6501
22821 4780
31487 28331
6401 4694
8434 14997
2700 34614
31241 19814
26406 5502
34820 34523
32997 18622
26842 30663
25447 15644
20328 1979
15020 329
2982 29950
6638 1634
2354 26078
14615 29582
16290 980
19290 6581
34385 18710
14995 3939
23392 19046
3296 6729
25147 30481
6265 11964
15391 26013
2607 6723
10078 10309
17679 11781
31337 20754
5466 17459
2427 6842
25602 324
11508 25367
23656 17436
21184 27042
28641 13779
3417 1140
17303 28682
28027 10273
12359 5727
4025 15761
19879 31127
9837 29054
34384 27225
21666 20999
33759 32711
4733 31008
22331 28649
20616 33713
34557 16542
24307 13453
4489 9975
7871 23703
28841 22893
11482 32582
17161 28746
87 8843
3141 30454
6497 29707
3178 22843
3999 17208
6513 7821
21373 26993
25863 30899
14160 30106
21550 26752
7205 404
1702 34469
10239 17342
24788 4488
19746 5681
14554 5648
15136 3589
34974 33823
2810 5382
8592 6595
1192 2935
26138 10810
23740 18587
4884 2645
13485 13773
28713 19334
17553 20579
20559 10749
618 4008
14051 1227
12694 411
25163 16679
2827 657
14917 8679
19843 26550
30102 177
6419 10976
20041 28418
15047 11572
30418 34935
22720 14532
8982 15419
24914 6428
4086 21601
20057 8675
13607 10696
32502 19049
15451 34321
33485 30269
3555 17854
1699 19044
3449 8691
11829 31431
31803 24232
11747 24007
350 27265
31028 29330
33757 26261
26312 8974
15866 34503
28803 18485
18631 2587
11583 2768
13946 11215
31162 9075
42 5795
7557 25220
31611 8849
10939 7296
16992 27138
6451 8939
19733 32099
3836 30768
1881 16466
27666 8411
29644 4002
29956 4494
31577 9696
19590 1578
18036 10416
3584 15034
30355 447
14292 18362
1908 7011
17705 11358
4987 29672
25745 18027
34799 9326
12517 4671
26394 19777
29315 2404
19713 27784
10260 34984
32095 23609
1556 26978
1760 3619
34344 20033
14411 14799
25069 29737
32694 12561
28844 191
7941 16574
8181 16218
14939 17646
4483 3316
21058 26316
10628 23425
26680 20126
12404 27337
4635 20272
17257 20634
28220 34423
10801 34970
21790 18745
7811 32108
497 23888
34654 16846
22013 24847
34377 13613
6192 30063
9892 18049
32418 27672
28541 33024
4892 10686
8254 34963
6903 8697
22646 33040
11014 4121
23462 161
24835 14617
11786 12769
17338 13898
10819 242
31115 29184
489 14811
4294 34194
4972 31036
9878 9829
8909 15404
30045 27884
7871 31557
6362 28257
28407 28368
723 6706
5217 27287
6021 21911
2920 22546
17677 12901
27696 12062
30078 16576
22912 20533
9198 10043
4752 27146
6705 29109
30956 27308
32644 15377
3310 26296
9938 21856
3945 8776
30591 23085
10870 33643
34958 8921
25117 19728
1019 31087
6685 9060
29853 1202
29594 10816
15235 5226
26609 30351
30366 5146
26932 28760
26109 10273
18356 10836
25049 32501
15864 25892
14200 9933
7119 20987
4046 11788
23037 33115
17681 19381
34579 15405
26100 24598
28002 5287
29013 27346
26077 12150
21168 28357
3579 10070
16150 32955
23180 30170
33981 16721
18529 7656
8281 19586
22204 12783
25966 2051
34718 3980
27538 7861
17455 799
23045 22280
3613 18560
14451 8917
30185 14645
32671 12677
12288 27187
3226 12405
15189 29641
4763 25900
8591 28621
33631 2659
20090 15864
4509 16191
22840 12648
12632 9545
10988 34236
8932 19525
18122 541
24489 3902
7432 15066
2100 20814
19113 4661
2837 29769
26578 17184
10939 24382
5652 31679
13844 27162
34647 24778
2828 33904
28445 4853
4367 24660
14745 27456
20736 27484
142 3260
19158 26873
34737 21489
1921 27468
30602 31896
31246 8407
2766 8478
12280 1995
27620 2062
33850 4275
23957 2871
446 7387
7708 13417
11086 18702
29104 13877
32489 17692
6856 31744
9468 30444
33932 34674
17586 15926
19038 8014
18054 24713
1337 16033
15925 25977
15501 5046
15574 2885
17276 23443
33583 29451
15714 19609
19003 14447
13520 22874
21109 31390
531 12482
11460 32053
20546 24352
28072 3568
24939 18270
32504 21039
28103 22423
6392 7502
17088 24208
26651 21554
7584 25036
14154 19583
30715 19512
9328 29829
24516 21275
3233 5941
30863 4393
2485 20281
14829 6734
4332 10843
21205 17456
10655 4706
31746 25065
18356 27109
6250 5646
32208 4415
5371 1313
10232 17989
31208 26713
24359 27213
31951 160
18101 16178
33128 8873
11641 18378
26801 10307
12554 23090
25261 10233
8579 598
30534 4880
911 15326
32891 8321
31148 18366
8959 20045
1817 14784
31947 9805
18355 30767
2029 18903
10797 34557
23491 24481
17376 13077
19720 25067
4247 12004
7191 12116
19873 27666
28829 772
14380 2166
9212 18935
34388 34791
15376 1025
25588 29724
1122 26945
3919 19027
24775 10477
34537 7219
24293 32289
32190 1643
14655 2177
19318 9867
17322 31769
19305 7555
27362 3769
30562 32946
25899 28821
25555 31940
20526 25005
3781 12318
7275 2709
3388 15692
2079 26690
11482 4855
17419 23735
34137 16019
24569 16812
6321 11841
19875 13820
25292 14088
8463 21951
16037 34760
22955 24272
30600 3512
7236 2323
8903 11699
3013 32964
25428 4822
7316 19597
19633 23125
2696 5015
23509 25771
6952 10281
13837 23758
5813 28793
23431 4393
30501 25429
573 18521
18129 9749
25596 27138
17359 7309
24469 21370
8743 16965
6158 30727
2999 15582
11042 20459
33543 29991
33860 18467
3555 13722
27953 8322
9953 14343
18344 1052
33340 25499
17612 8686
6150 10178
24619 10566
18315 25153
8789 34994
18925 25843
9073 31278
7174 1189
23563 6490
11433 13856
32466 7722
34426 10520
5719 29892
21599 15992
31442 11576
30449 28
2895 24827
29325 11889
19752 23044
29512 2922
63 27721
34710 26981
6143 27690
33657 26196
26545 827
28707 19943
3014 25247
3557 10873
6952 17464
23458 26800
13533 26801
32356 21307
27523 29097
14570 29499
23334 24048
11305 23604
8813 18010
22058 34619
4989 14045
9331 15192
3720 33060
14739 15035
18986 12830
891 22386
8398 26237
21001 20810
20888 1416
13421 24469
22349 21800
28815 19138
12460 34045
24716 10398
10103 2863
815 24433
20285 12510
32444 34770
22557 23102
27416 16552
34706 12703
25569 8303
29426 5021
29722 211
547 10527
724 4636
6766 29967
16538 16437
25232 15464
819 462
19474 23445
7648 30581
10237 18680
2162 19636
31250 9032
13429 183
25294 2686
13956 5804
20000 29476
24855 237
8823 8696
22503 31468
21490 15784
28669 22172
21987 15685
27220 27219
18266 25864
15396 24593
7421 11206
5993 17262
34149 248
15599 11165
22054 31583
25971 29955
24365 17064
25201 22517
25055 32616
21799 21746
12387 5147
16507 4544
21283 15975
9576 14762
14949 23530
17216 13796
24059 6718
12814 7213
12915 9016
20180 1493
31314 7461
30600 5344
32195 9454
19739 14050
17338 6182
16267 52
30948 8882
10988 30686
23126 29624
30441 10836
4025 32270
18062 2332
17719 7761
18177 10668
10589 15654
30693 18836
11503 30570
4787 26829
17726 6446
20031 30158
8591 23487
20847 16361
33309 4561
7109 24830
24635 16289
17442 34100
6508 11705
13722 34375
4112 30864
20124 6248
17831 33559
22716 13998
19705 4343
21208 11286
28935 20381
6130 20543
7105 20226
9847 4806
6147 7374
3210 3901
26303 22258
11251 29123
14099 33164
13091 7150
9006 12648
7024 30049
18304 1144
15310 33677
25366 15266
31968 17524
14370 28678
16783 2234
20039 5668
21899 11708
32413 14216
5762 517
17572 9283
15800 22677
20819 7514
1990 25043
4568 32741
13235 13904
34646 2635
14833 30126
4120 33466
26832 3095
23581 10044
29998 11356
23993 28400
14611 26476
32365 79
27829 25387
5009 29602
8152 24227
26354 8749
29744 22592
8613 7544
9528 15299
9746 34411
19043 2361
33023 1352
13480 9703
13517 9264
33362 22204
21728 12127
2831 29768
9561 10869
5469 21087
28188 8694
32637 6442
5061 26479
28587 19805
34449 14807
1624 32078
19720 18876
17287 24688
15333 9583
14407 253
7263 5923
16376 13192
27036 17536
33864 3038
18430 195
33978 28498
13536 12992
34250 33706
16301 24524
25561 4387
2720 26659
9028 123
11253 26552
28119 11197
29540 18297
24604 11815
18897 21303
10440 15893
17173 11355
15989 33177
29659 13487
18181 24435
29856 8971
16876 13210
25473 19575
14964 14654
203 27624
31152 20670
13194 142
5175 9641
32203 18059
22057 30551
13174 13937
849 16175
14135 8684
20092 3806
22407 26803
29256 32567
11186 12467
29295 10791
24664 14559
18623 27594
9540 23998
22537 30828
30966 20017
9073 13613
16807 30408
24266 31400
29457 4248
24930 32362
25003 30456
1870 29832
16607 17140
13786 9403
1496 5675
21605 12327
33941 28142
4661 9376
33551 21822
8962 17256
15502 26607
1782 24899
29037 4268
6948 34342
9187 14463
31822 6454
9565 2028
9395 33983
31581 1389
6737 16206
27820 16303
16594 9479
5696 8518
32665 11285
31542 33495
25909 18915
10763 26408
7256 3883
31674 30019
14626 32164
17102 6257
1712 18600
22499 4893
22558 26283
11268 11575
4696 14482
27981 12013
16175 10621
8337 1331
33404 32659
1931 1369
6706 29941
31352 17160
5024 15426
13703 299
20560 13133
18214 5535
23869 1349
25294 6011
17256 28784
10954 491
22408 19577
7549 30162
28750 30230
6607 10403
18868 16154
11371 31529
22752 18450
2916 26276
31345 27526
13881 23419
32781 18468
20366 1916
33490 12604
17273 2445
12004 14296
432 28970
7765 26868
22270 31120
31776 13560
15513 22547
29882 24095
31927 28368
27352 4333
17499 6691
24407 13977
28977 9041
27161 27589
22002 29173
20129 18202
28191 16174
5814 17155
975 22844
30095 33689
30101 10353
9534 13151
25464 18404
25293 1227
11734 29039
28779 17955
24283 3413
32350 5585
14983 15027
5527 10070
15542 4989
13129 34903
31371 23399
27867 15667
4867 10251
14827 26285
33173 20666
9398 11500
7831 26859
20311 16116
12286 27240
10826 7978
14118 22253
22911 18743
17212 23532
4606 22523
26308 8744
4907 16437
2658 7504
3346 34688
17229 13277
17871 29269
8708 25309
16975 1445
20612 32661
11247 16706
33 20394
11043 22449
30623 27431
24770 26323
12234 32536
24484 23064
2350 2553
20081 1961
7250 7502
33878 14898
26065 1524
15641 2168
23120 6090
10618 1284
20690 19143
18834 31562
17520 14811
27825 17490
10780 5416
15441 2638
12124 3153
24248 14852
24502 19705
22052 19574
3099 4468
17943 2296
33549 1056
17338 3605
2939 31103
11185 26267
8650 26799
29570 535
16244 11833
30842 4509
9502 6333
11381 599
30352 7885
28861 21542
6506 17766
3742 24316
570 15149
6395 2604
18156 25322
5785 2424
31861 26462
11368 17322
34167 29125
14209 24073
20524 2629
8627 13909
16292 19185
2455 26510
32710 8387
25933 16853
10462 34942
32103 10938
12952 16317
17258 4324
14941 28365
973 19103
14756 24732
22977 30081
11095 8445
2697 25458
32781 3206
11724 5713
830 34350
8565 15030
32584 11886
30951 21059
27135 16201
17311 26727
30491 2085
33104 31258
3514 12348
5249 31217
21024 3079
27131 24883
29452 26754
12480 22664
30820 29404
8474 10820
32226 25513
11181 32777
823 27035
3357 21173
31261 3448
33783 8345
13794 13005
18359 12763
7168 10115
9615 33454
5357 8497
16908 1196
16680 11394
16283 22659
10917 702
24198 24070
3081 23794
25158 30025
1792 20461
10043 29579
29030 32035
3713 19693
24939 19376
9762 9799
6140 14296
1325 23070
10441 5521
29418 26461
22491 21076
11877 9592
10236 7862
17621 3130
60 5510
30287 25640
18324 8184
19029 17449
3221 28795
24840 6956
915 29972
29488 26635
12095 3087
24397 22806
23039 4566
2489 33611
5448 26968
32367 10358
7567 6345
11594 33036
33762 27930
31469 10669
30630 1274
13371 20396
11652 22600
5084 24508
30262 1790
30786 6369
21004 12452
22413 10797
31182 32049
18607 16387
15086 17195
19358 6665
2051 8792
5407 25409
32156 27943
34571 22838
29126 19277
13917 5706
23226 13393
30957 21748
16619 27691
10144 9274
372 18562
21161 4899
30397 13676
34195 11413
5560 19044
21636 34471
7793 29355
8605 17766
32843 24059
32454 34875
28081 23436
28393 887
31343 19437
5515 28794
981 11815
24778 22640
2038 23401
6065 1632
17057 1308
24359 11300
18981 10802
25142 16951
31012 12796
5052 7429
28482 9293
14921 15534
24554 4377
30169 25034
3585 34488
26068 34461
23189 25307
29289 6460
23916 20214
14659 6300
14183 19830
7066 30610
31982 18706
33836 12466
7756 7812
33866 7094
19711 4682
15312 11798
7653 10889
33758 16304
20219 9686
26941 16552
10800 11875
8049 29732
22046 11084
26415 12601
24984 13203
22250 30329
2924 2812
19631 8313
21793 6566
30342 28933
22821 9848
26166 26517
4758 20828
7666 2183
8409 28285
15906 17308
30131 1385
34196 25456
8325 25448
14045 34158
13803 14762
33974 6388
34547 33054
2707 33592
24143 5716
28086 16568
19456 26919
718 4876
9978 18755
18597 27541
16217 1299
15392 11726
15384 10420
8235 34644
27965 33267
950 19667
10511 34503
14926 631
11400 5674
11586 19437
31310 25414
447 9165
13620 16930
24609 25425
4247 24838
24657 23396
24400 15248
34215 26197
19613 9623
12870 5262
1404 7885
6797 21489
13162 12502
24379 418
5179 1113
13523 3729
29764 33123
21761 8485
2321 24163
5118 20908
24559 26990
21953 24763
3981 6652
2009 13567
10923 26472
12282 12973
11812 14230
12866 15073
12814 9492
13326 21468
33859 7879
6312 311
23796 31556
33053 29157
9538 16012
5364 14247
15351 28806
29091 26420
30486 5862
17928 10758
1381 12794
21082 4304
12324 30082
29375 11444
12356 33118
25827 5680
8230 8367
29546 8065
21166 15261
32306 14468
3739 7953
14848 31446
19695 21649
23901 4485
5641 32417
32371 18756
2320 17934
10994 1155
15055 20228
4892 6931
149 31901
4755 9180
27218 4926
23591 28678
17379 27553
25139 3950
19453 15705
27690 18446
14643 7214
32052 30784
15077 31357
4242 24426
17528 807
18812 3054
2936 24515
25280 13909
16684 11013
1492 11776
17539 32292
2800 4108
16166 3320
11720 748
16970 22151
15788 7623
2288 23146
43 1067
6077 31534
14846 1642
18895 1748
31974 5734
25544 16185
458 2632
749 22459
6348 24733
30951 28423
15816 2471
23787 18724
28902 29656
14537 31947
9938 7604
26640 27017
8735 26292
18194 9352
22064 32485
32364 28013
26171 28977
1963 8706
34781 25441
10415 29153
17677 25995
7208 31762
14808 14886
22527 14792
7783 17824
13645 15613
10721 29737
12359 27642
23 29400
19915 15703
1442 477
22685 26271
26306 6048
18578 5660
31167 28753
24236 33820
15121 13870
27184 28149
26979 21807
5077 19561
20438 34764
2663 5620
19723 7267
13493 21106
19604 16396
497 17384
2038 20856
23312 5990
27841 2524
26135 25728
17585 19944
33379 14330
23688 4660
21620 30118
20374 17878
27512 31171
26363 34915
22416 9061
17620 1120
34604 31687
24779 9085
5120 7147
34116 22178
24982 33393
3376 3575
33603 18060
10580 2137
24712 7639
11069 20578
21268 22078
27207 644
8567 22210
30362 21242
2696 34858
13513 27166
24945 1630
22116 14648
7777 32642
23528 21542
15327 18254
21287 16879
9535 17129
27294 12582
33884 34548
4023 6500
31304 3548
10871 34884
18597 9200
14756 5398
1261 7600
5842 26502
4513 25022
5050 4859
18257 33831
3682 24011
13966 7366
17403 18590
28710 28507
11014 18176
27970 22903
14686 10920
5412 33326
5109 20068
585 9656
13208 133
15015 13949
3938 6401
33415 27125
34461 20226
32184 7929
9942 13623
31335 11579
5468 19799
4888 4308
16300 6932
14457 1808
27837 22624
10098 7382
731 26045
7086 3955
33169 3423
4064 9841
746 13095
16996 34066
17623 17260
30308 24764
14786 8424
22290 21711
14245 15224
7638 9484
10831 22123
7660 25919
661 31411
22805 10753
33260 20319
27542 7758
31442 12192
20970 316
5233 26996
9223 16444
15385 13255
6685 6115
11133 34921
16189 22646
6550 29617
17184 28721
18887 31728
32419 7519
22683 5374
26694 3972
8319 31306
10227 18336
29951 15038
33778 31136
22563 31201
32610 18713
122 10631
9700 9460
18806 13772
31879 2854
3132 33177
1104 33710
8183 31456
1022 21013
31994 30119
6038 22880
30356 11288
16662 32024
15348 32136
2365 4386
1768 8074
13570 5819
18795 17750
14808 22571
24281 4444
6366 27046
29098 30079
10963 3588
32668 28778
27767 14791
21602 6355
1523 3168
29166 31411
10838 4500
32677 28145
32678 24778
30333 31189
11052 20409
24642 8625
24643 7057
34359 31455
1231 27759
2571 21808
33695 34968
26233 3549
33716 25641
4139 6335
6274 27697
31143 4757
22313 26282
24471 4314
21131 11588
27059 18281
29408 5897
27744 14176
10021 21044
21247 6527
26080 26157
32059 11554
24656 9485
21879 16288
32503 32951
20946 8532
19126 34892
8014 7357
4313 14683
6614 13062
25463 18800
21786 12081
28143 33025
4712 33736
22289 21861
30469 30365
4453 17207
22745 25489
22373 9678
32676 16985
27454 6651
9897 6354
26783 7085
20606 11150
3558 34353
28581 21753
8550 13355
12451 25592
33516 14814
4403 17214
8796 18550
10811 31474
28957 20899
9000 28002
6899 17515
2831 32733
7192 23747
13144 15649
20778 26394
26136 25190
25073 26384
4279 23012
29660 8940
24110 16489
25581 8792
23426 34086
7493 479
12976 8439
4821 925
20498 20293
34269 10969
32825 9820
26762 7327
21239 21073
9212 19249
17519 8472
24148 11076
10208 6642
2900 14558
29809 21013
24017 2984
20077 6273
21520 18630
2037 24763
9840 26216
20102 4181
21020 30023
26957 21407
7166 777
11682 32471
9638 23931
19635 23905
3492 14393
4817 9872
12900 25522
17277 11800
10813 14807
24375 3158
8796 31059
32141 10500
23099 34720
13154 1197
32744 5751
21966 19974
24387 7328
27026 32954
33654 17092
18456 16088
22273 29976
16297 9765
1267 4045
3843 32461
2581 28401
34532 25092
405 24660
5005 5452
30628 26852
12831 18754
22956 6634
24512 12861
13342 4944
9676 15497
5222 1904
10780 25032
18445 26130
34626 29768
9909 16121
3363 4364
20915 2595
17553 11507
10103 30980
8394 24303
22247 29753
23306 9285
12879 18709
13032 28510
27059 22524
14942 22467
17837 20462
31400 9308
5927 27950
13540 8331
24575 10601
7795 14393
5790 32859
2146 27863
32117 8996
32329 594
1945 16643
2124 20536
6919 28477
3 18203
14931 4179
32194 26014
10593 25945
25953 31415
8061 5843
17428 2527
23334 19994
25324 5661
2781 29531
31569 32655
1046 5574
31514 17081
32396 33723
20003 14448
9962 14779
31223 16132
19008 16761
24375 21706
27435 21740
3117 22228
10020 15248
27106 33010
22006 24785
24856 25798
24757 9051
20792 3116
18967 19541
14271 16882
23739 1567
26466 21533
19433 12297
32870 27894
4183 31177
17365 31686
20248 33442
17147 19663
16394 3385
3480 13133
33686 1992
20412 11985
23120 14272
19016 14934
29303 26695
8839 15802
33190 11412
2348 30467
4839 11652
20480 18262
11072 16946
7459 10909
9458 29095
13063 21064
23233 30075
11116 11549
25578 9831
34219 28834
3533 27608
15942 21226
26276 18627
32542 2148
1695 21913
9616 4145
3154 27940
17294 23410
20360 20115
4563 16065
19146 10105
28054 31389
14082 30933
13950 12267
29002 22512
30550 14724
12503 23042
34591 13135
12308 15093
29356 4249
2715 4686
30829 3236
16928 9115
543 1406
4987 34548
3726 6755
4938 31986
34483 11139
6603 9369
29256 24677
12742 304
8722 14089
16104 6908
29052 11175
10834 34977
3093 13409
34513 31068
30114 6029
5971 32772
15641 7438
30088 28864
12254 11511
13447 4200
13552 15971
22985 399
11280 29087
32430 5964
16909 34347
22977 33842
21086 12590
1099 34877
17065 31612
23173 7948
17611 22151
19841 27035
16572 31381
23967 25666
2479 26694
4954 26919
17347 14472
10055 30593
6210 19119
26900 5408
12627 770
1978 32457
14094 26331
8408 24217
5602 12126
21786 8426
3696 23027
14452 29964
3131 34590
22384 28139
11495 3474
17293 28261
13489 814
15546 29053
28445 30858
20985 24864
1037 13701
33447 11316
34481 9288
10936 33378
22516 9491
7415 26742
58 4586
29558 8904
7844 6673
24606 23454
23743 3547
16226 14526
14971 3983
23099 28656
24630 33224
11724 1134
14145 3972
24964 25423
16715 20853
26312 20499
25015 30149
3047 16492
9733 16843
30011 9961
21165 23490
13525 12385
18669 34140
10667 32193
28422 30706
4570 10783
24556 9
24971 21490
11745 23083
7873 27584
14955 5216
22434 4147
27509 15747
15916 19956
12865 28931
18227 8996
31617 27166
11331 27702
4829 404
15986 27175
26898 15518
9447 34503
1683 30206
32186 1161
446 30949
29723 15283
23981 32780
15090 4966
15381 22521
29314 3642
17718 28472
3491 22650
9911 7445
18449 17973
12412 12102
17968 25191
26911 29024
6233 8575
1001 20153
21963 31678
4997 12119
5013 31522
34651 17756
15933 23451
7288 32920
4281 34238
19217 9412
11555 1636
4650 7278
6957 7101
24403 7917
18640 6652
22378 27992
34646 12601
17193 5902
8817 1419
19170 33036
32950 23894
3524 31441
29283 1402
9927 22310
6796 21871
5650 234
32165 12741
1009 34164
31953 15340
27305 5726
30730 6998
34082 1050
292 16478
14464 3980
29181 29752
3147 20302
23901 30499
17553 14006
34670 1428
32454 16567
17978 4506
22775 1839
5704 34311
33720 27179
17122 26840
12015 24416
19149 11269
3884 10967
30350 9771
24465 13644
16061 15906
8860 14626
14137 6686
9766 14854
29007 1677
3216 27391
26402 15907
15815 25368
10699 33978
3063 19187
18437 11049
3025 13429
31314 13417
18175 27997
13223 26469
26991 19458
21293 1130
30526 14881
10232 2496
871 23660
32207 23604
13155 5655
28599 31475
18263 26986
4521 19805
22804 24115
12863 10381
2658 21866
13592 29697
17162 26603
24822 21883
5740 3526
6372 23816
8488 24303
14761 26187
3611 28912
4720 31018
32446 17114
27049 30882
27922 190
5515 12912
16868 8832
32564 20216
32115 9521
23304 21002
3018 31762
29800 14729
3115 29478
5610 4617
6312 23399
32302 28136
10450 4531
9371 14774
8002 32439
9954 23053
8553 7944
33600 13057
26953 749
19161 4498
28687 22007
16634 8328
13083 32588
26955 13210
24571 25393
403 31518
4087 6865
995 20748
23754 6135
18997 15178
4724 8597
5528 29898
4634 25527
7369 20288
27400 16735
20752 15511
15826 14479
31135 22477
17265 33736
9127 31667
6161 28254
16463 32418
23053 15561
2877 2677
5529 7511
22886 16686
29843 21732
2804 29977
3833 22281
9090 15770
20543 14244
18827 34990
28251 25124
18252 8775
25760 57
11627 14319
883 9076
10457 5236
12210 14884
23623 11560
14181 8421
26996 14494
6870 1236
29613 34007
294 30639
5561 274
15633 26976
23048 17300
6676 21687
26321 34161
15885 10101
13442 17565
10665 28704
27452 15842
12630 11522
5793 2293
29154 8931
12409 27128
32749 9454
14643 23300
33388 16618
19114 23972
33246 2334
32096 29616
18891 322
29430 8620
9911 19942
2162 10277
19972 27591
26720 30699
22318 23605
17465 21454
12023 26413
26276 752
34487 34414
2268 8618
13558 3878
1716 34145
31316 14368
18076 29258
19583 29535
20382 12345
15168 20154
16433 3121
5251 30830
15206 18914
31851 7921
34693 4437
9136 22504
26002 10497
20895 5420
1924 11867
24564 6868
28163 13410
8076 16220
10722 13527
18191 32417
27450 31170
7278 17816
1683 1796
30257 1608
19883 28715
21809 5949
15657 22207
26549 20836
18050 16143
20364 21990
16332 364
6898 482
32991 19260
1910 24957
29978 17240
12106 26323
13543 31573
30205 21872
27528 32947
668 29127
871 21164
8851 34161
5083 5091
29699 23990
7838 8533
2351 7171
22738 24138
30185 41
16430 25979
30665 12067
31341 20021
30737 13059
26737 1238
12091 9638
25211 23301
26435 5763
34346 25909
189 25228
19759 20658
8007 9128
24159 33433
31225 33631
26093 859
13308 25062
262 30803
13486 22792
29572 7437
436 15461
11241 5441
31505 22679
33095 11587
15401 4058
4164 1084
18403 15149
22463 30910
24219 19277
19868 12843
33971 938
5563 12323
4345 6785
18886 8689
16674 23353
2798 6111
21221 23605
22864 23810
4640 34970
23719 4096
22702 31158
717 16029
30311 19840
1582 3966
7988 9275
16620 34637
30113 12119
18381 27171
9540 5421
33522 24142
29912 26037
29210 19440
19886 16219
15097 33967
25064 1456
11017 14310
19583 20983
2876 27887
15137 376
6749 22229
6999 26125
9814 23010
22135 21160
34579 11958
28456 30239
16667 29068
34763 26319
5263 19477
29936 17890
34329 28408
27717 5117
16561 15337
18246 2685
9487 29252
7937 16522
8126 19945
446 12418
15969 747
19974 16527
4229 13081
2167 26752
28647 11017
14147 31279
17216 11861
16510 17850
32685 28752
5306 14420
2557 25318
26989 12461
6453 10588
11918 14332
26897 11386
4975 25350
24054 25565
23276 33605
12385 1751
28248 12221
4509 21080
27263 9407
11827 29606
24120 32311
32175 53
30176 30040
23140 18046
20557 30686
10711 16727
19781 10582
14200 26238
23285 17935
7878 13612
33184 32350
24283 3056
18532 30444
2217 21426
34875 33477
25106 16571
2752 2066
22982 14852
988 27634
20331 32696
23066 18172
18403 27556
19901 28723
13241 26385
17266 23519
28382 22694
24630 13810
26474 22306
11721 6463
22739 19537
5635 23195
31354 28632
33622 32842
28683 24007
26530 34787
3141 28220
