35000 6000
24253 28132
12781 23715
27849 28728
33969 9226
7362 21316
7884 10037
5531 1169
18568 21092
22258 17727
19648 33762
455 1994
820 33446
31907 13574
213 24044
17262 29724
28810 34634
34016 14053
6716 3230
3718 29596
6486 33507
8761 22019
22538 8247
7982 2862
29774 6775
3797 8442
25963 34808
34683 10790
2148 2058
32057 18209
1505 12416
20280 26292
11907 25202
18241 25057
15207 32
20076 12118
1669 32769
5163 24777
9145 29946
14668 22566
19060 23897
31229 33898
14652 19634
25104 15403
34613 25697
1016 10997
23527 14841
23046 31236
9426 11631
34110 19115
6886 27146
22984 6284
11265 13242
29218 11433
8911 15209
7624 17118
5451 28945
22321 11564
30875 16135
26109 4971
7383 4375
21072 22086
21385 440
25464 7974
24910 12107
6013 29032
17725 26939
12455 28085
11306 17637
20536 23951
25883 17421
23281 23995
2103 6679
24870 22229
34301 34855
28664 8958
22369 2359
1556 22549
2980 26134
29054 12533
3193 7612
23116 20713
5757 16915
5118 1057
28673 23060
8166 18925
28440 18099
19307 8956
33592 23254
12375 10045
34566 29905
22478 24191
21455 22865
2118 11538
421 22799
16199 22795
32773 23550
22411 8477
11870 13281
5523 20892
24494 26109
32360 33031
32203 30439
21386 11289
31746 22849
11572 5378
18891 14896
28627 30608
20595 11008
8981 13446
12867 23840
5456 2178
17551 34151
23122 6307
8675 989
11840 34267
12806 17857
23956 19799
12683 24743
26421 23677
30778 19811
32067 20209
17032 2100
1199 13786
11280 25357
16327 30337
14568 32197
31475 4637
3601 7814
5237 23788
6740 233
21955 30343
23835 23891
476 34096
7764 26268
9525 7937
27566 22220
16213 33781
28239 10316
12196 16445
27572 10025
20293 10753
14263 20221
23826 17383
27719 2648
29170 28388
1551 13143
29517 6835
17865 17688
9164 27304
15500 15814
33739 16120
1474 25726
29574 24763
8041 17173
11172 29942
3957 12869
34800 5501
29741 29734
15684 6753
8261 348
2669 11087
2643 16744
17103 4240
20811 32239
25309 2422
9021 19073
11215 536
13429 4700
19025 11172
16274 16967
26039 22541
17689 27461
28885 9076
12985 25872
18668 28015
16427 26433
22187 3949
17799 31280
25639 33836
28481 19611
11590 24850
24109 30877
10537 4064
20525 7240
11130 13429
23279 28579
2960 5039
9524 6847
9297 20077
20966 24011
21301 5878
34919 25780
19166 8686
22820 7460
2347 13312
10654 11889
34300 28728
14166 13183
18846 17888
23779 18317
15548 14134
3479 5136
12866 31148
15430 12838
17189 21046
33219 29432
25529 30906
9177 4171
14705 17131
9410 4485
34239 5418
2773 16566
8141 29683
9181 32367
14727 11061
17715 21343
17616 23633
3454 5611
12973 30792
16574 33446
27132 17477
2399 19105
25693 2137
16168 26596
16868 1044
6843 13708
10687 33021
20246 26578
6700 33141
19758 12333
9742 25211
32247 15062
20871 15862
8698 2555
3944 20765
6360 28790
20853 29472
15096 14143
22806 3289
15254 8955
28926 19390
22450 28601
29949 8254
16316 13997
25198 8503
34220 32981
13216 10969
23949 26877
12276 12986
21642 31546
33390 29917
12968 27980
14969 14076
20120 17124
461 14236
33453 14756
22766 16740
30908 20425
5759 9906
2236 13815
12029 25828
21091 32068
33636 13130
22515 8521
33127 29372
13012 30786
9700 18673
17562 8243
16468 11136
9313 1976
33118 8382
27318 4145
28252 5196
24650 33569
26706 5988
25753 16865
21205 5938
17093 4183
29692 28777
8273 14033
17699 3775
23589 22978
1022 11797
29536 1037
26946 27635
10399 5181
10291 15833
17291 23311
26095 16010
16639 30552
11167 427
1882 29511
19087 14076
2296 12630
5101 13091
22824 7390
4987 26161
19938 34393
33714 516
13537 10469
25328 12404
10940 9508
4978 24481
31615 29395
27404 28519
34138 12087
5011 30833
5898 9483
5277 14390
1959 31215
31287 5986
15768 34211
26719 22511
6908 7679
7953 31333
9597 12893
4754 33569
29441 5451
32579 11336
31084 19749
33811 2301
33763 24913
28158 31360
31228 27353
6750 16873
31666 13312
8559 18833
22272 16172
30613 17472
26658 24496
10015 22847
22596 34759
17359 34011
29942 16773
17703 5406
34959 34971
20191 8224
32694 29740
10525 31558
29427 2399
34523 21310
34597 26750
24302 9274
7326 30602
11578 1648
8237 22946
15564 15820
9662 26459
449 31602
19923 10125
33371 6040
15812 29979
25360 29244
33134 23956
27141 479
18523 29293
17481 23366
147 33036
6463 4580
3143 11184
25516 25687
34769 22696
19832 28478
2272 218
6892 7494
16129 22955
23340 10220
34567 10160
3812 31833
11991 6433
31038 24842
15474 8327
29982 8115
19008 28495
26119 34083
29226 15683
10199 8294
27439 14409
6933 31809
33387 2583
12379 319
15530 31536
1687 14311
20331 6201
11376 24639
9356 33978
26671 26997
25810 20597
8097 19306
19611 4331
23656 1791
18694 12117
8864 10587
12032 2138
20340 8761
12117 26000
21846 10117
29459 25769
26679 22043
1749 5003
33378 18512
12045 17871
23750 12737
6239 13822
4962 17973
2139 14165
3919 5996
8225 20873
33209 30101
12904 19278
32261 27699
20693 11515
28530 29518
17562 3024
7046 6586
12575 31928
23425 13032
11699 8377
11448 12577
19999 23525
29328 31812
33554 11584
25546 9157
18827 9132
34850 24328
23490 6724
26373 3843
27604 15479
23459 1026
7590 1770
11421 25807
32162 30067
30023 28241
14473 8941
26326 8042
18811 20577
1084 1014
27713 30774
1695 3122
14236 22359
34928 3368
3484 6404
1482 12368
12477 10125
28249 851
10331 5567
33877 21599
4285 33342
546 30579
10220 8137
16118 22056
34972 1482
3840 10046
34668 22464
31607 12162
1101 13505
30369 31058
12467 8300
17055 25153
31495 19671
34713 9754
11748 12074
15962 30286
7755 30884
4219 7418
16383 11588
21908 25554
12677 28798
23312 923
21153 8758
12988 18405
32670 883
32082 24995
27991 23953
7388 1129
258 20404
19458 29932
1345 7029
7068 11350
29569 6278
8323 25275
25525 30105
6144 22829
22176 19976
24072 32440
30839 21326
2616 33282
1922 21153
26251 14229
25229 17150
7082 20254
27158 5148
31042 24408
33355 32487
2886 15060
9424 25991
5155 12827
19699 25535
23409 20461
21756 32946
27082 16085
25952 1992
31140 19178
16641 29554
313 33345
3651 29665
24577 7451
20380 7265
11050 15370
14985 28779
14966 32289
29780 34732
2012 22526
18951 25292
5608 34674
2376 23298
14938 26294
24854 2397
6435 25557
9044 29490
6899 10603
31192 17991
33706 6495
26381 11558
24638 18517
23484 26016
12162 24706
13311 28225
11467 23439
8751 21961
18563 8064
15641 10261
6735 1757
5007 16331
20633 33422
33230 8184
19703 21265
18227 33774
2978 28256
930 12748
15399 5250
13105 27226
27436 27601
20797 4220
20066 2579
12155 21600
15466 21470
8957 22624
20635 34815
6113 16251
32560 17091
16644 28806
11090 2806
8224 18183
21984 7364
14345 29154
33763 19696
12895 7162
28256 30631
9112 31337
2166 591
7118 24093
15165 16256
17025 12545
29472 28780
3725 34248
5979 31329
9924 8132
8393 446
16717 3248
25343 15392
32164 13067
6600 2892
14080 20958
15145 8847
1147 14743
19921 12226
20580 31803
17727 24848
24091 19133
4086 20286
29120 17257
23846 19659
20597 3964
22167 19983
5462 29340
33329 8857
1006 5880
20837 11404
22791 33351
17 28206
2728 7020
27156 10067
22457 798
7734 9965
6212 24691
30173 30756
31333 12855
9746 19711
10544 8109
9528 27395
11933 14212
30446 34864
8541 21830
20067 32336
6228 27031
6762 21972
5199 20045
26052 26116
22484 31425
2513 8135
5116 25409
8350 4056
7753 26195
12546 14357
10461 12074
22796 21886
3300 23382
11785 33602
15329 13459
30545 33562
976 23641
5712 28531
17762 9879
12782 13519
15736 18503
7688 7751
28335 30629
34717 3466
20477 7813
23025 10937
34083 1886
28198 15384
12327 4628
2846 9354
15844 20817
2016 32589
29384 26795
167 34614
31797 32062
26834 27122
7421 14722
22995 24392
25687 32677
27944 14363
25568 34352
25230 33789
7560 24312
8843 5804
9652 11019
5279 28939
13080 12622
16783 17443
12060 22475
18962 8762
11233 34943
30504 21524
21943 29746
30753 9889
32538 30278
12305 20048
21210 19700
2962 9364
2796 29382
1782 22336
26340 23813
28350 25707
17478 21188
25748 34045
16941 32980
22451 23122
6565 9099
6823 33575
2893 17012
11787 19343
23477 12643
31931 8193
4532 1283
6502 47
27289 12916
10052 33356
20964 9439
387 4899
20090 15398
8338 30056
31937 21119
14238 4061
33284 26718
7842 9349
27024 22589
4730 11595
16020 27316
32753 20321
21913 33108
22618 26181
21012 14503
22514 21445
26055 28678
2814 16506
10614 22810
17698 17312
1587 29345
17514 13553
15670 13068
10635 19771
3635 32444
31781 4134
31327 3923
23412 12990
23861 17628
33576 7409
4579 18560
16818 28743
19997 22952
9377 7705
868 13752
34849 10309
33684 33606
11745 8633
2857 24882
31852 14506
30493 1893
12049 34382
29878 9246
28627 16815
12032 21422
17540 25136
12061 4874
24113 5693
26822 6500
4429 21647
15616 13146
33546 18410
13088 31254
30990 24409
13149 12827
26350 12526
15699 25251
29089 12698
13608 14875
1368 31324
24747 30900
18013 19285
26679 23891
16650 27646
17625 1247
31098 12448
34200 14123
26233 22043
4727 13202
6840 7184
15814 2361
29575 3655
12319 6130
27117 9746
27639 24808
5311 29393
28828 11720
3681 29071
351 32875
14652 28061
16897 5537
33884 14582
17971 26057
4820 22801
2965 8694
8519 27017
5335 15136
20220 24604
33498 4609
5605 15066
14485 4482
6873 28868
9037 33659
579 30728
7809 10472
135 531
13812 18609
14440 1635
8765 31726
28509 16042
634 29497
18131 24376
32932 8386
836 25869
1739 20254
2673 21934
1611 21832
7778 31883
2525 4599
16123 9859
27717 8477
21237 11787
9359 8480
31708 32796
7776 30243
20043 27430
19199 32544
4283 24624
5531 27070
5661 13455
25017 28906
27954 17854
13573 18190
3675 8351
22470 7191
18147 23584
5864 7150
34603 24943
24542 10452
20819 9109
11383 34391
9747 33527
3527 25513
10236 10843
4698 22576
16706 24017
15386 13373
11523 13492
7487 33567
12404 32821
30479 6420
4220 14786
16263 23308
32616 21163
15839 27259
28748 27905
23163 27368
2989 9231
9029 2242
24780 353
24333 6755
17302 1546
14717 7683
9365 17072
19764 14920
15853 12758
11771 25739
19156 10665
34844 8624
15214 29024
23402 4835
33788 11720
32917 8613
13444 34412
20457 9373
1982 26587
24151 28703
22044 18752
25962 22093
29767 10305
23863 34812
1958 32226
12512 14968
14853 30116
29621 5933
19816 13035
5154 25527
27992 8303
6027 6154
23035 27615
12616 28935
25728 13195
26538 29999
15142 21856
7743 3758
19243 15902
11939 1800
12909 19627
8925 29331
21282 12936
9702 26918
34933 19933
11079 23664
22699 8906
8333 14163
32601 15192
14623 19339
17389 15131
15069 25237
19278 9801
13495 22896
27172 7513
21004 29789
14159 26305
26607 6561
64 17078
19439 23756
34986 33827
10328 11610
5997 22500
3546 4648
27305 4698
21724 19904
14169 28194
7803 11767
17843 10031
7679 29948
19981 16144
5585 19930
26049 30184
2480 17754
7833 12915
13527 14224
27336 24304
32337 31333
23637 2319
31140 5574
19851 19440
1960 29907
17245 30122
7092 25463
15798 34771
31250 12818
13644 14586
7433 13494
27516 18399
12349 20594
3058 13715
26227 15622
30163 13774
9258 1744
17004 14396
6910 16812
1486 3198
21475 21624
27192 10226
6902 22481
15031 17907
23594 8550
25368 16948
3554 2168
6626 7102
27384 2384
31202 31699
30501 28353
18972 4378
2725 290
15029 31625
28654 16439
24899 21801
27273 1273
2315 23927
11512 29428
7517 8581
29238 2520
25889 27915
9386 29414
3953 15519
33296 23066
7477 28944
3348 2734
2024 30606
22714 15266
26794 4998
2530 29269
18715 27213
32570 8228
5119 11859
34030 5663
13621 21880
24091 32306
26490 29612
19645 30412
9361 31421
11929 8736
20149 11909
8659 4716
34534 31483
18808 23281
14101 14136
29173 21412
27962 10067
15266 21895
9285 26675
21482 17286
33169 25706
30097 16539
34852 16606
25193 5934
21648 4196
153 31081
10720 27020
28668 8323
31815 29017
1144 756
4160 1256
26923 16988
7418 33488
25432 13139
16289 29892
11556 17598
29153 23698
20988 2817
7194 19916
26378 26141
447 23764
8379 5724
3135 32300
1145 12677
11517 8198
32446 6134
10442 12483
30646 17440
5022 34782
26023 26402
11646 22645
26097 7695
30919 3067
25657 21465
25545 3510
5652 9515
133 29212
33537 3097
27331 17067
15076 32667
6496 5779
34659 6287
11809 2639
10300 27881
32829 14204
26951 31747
20417 10193
34747 10700
28679 29285
27259 21104
16535 21950
25920 6480
895 14442
26338 16484
32901 26556
17823 13455
8604 21232
30373 3401
5293 1157
15147 32266
4484 24558
2358 22094
14278 30192
4587 18162
32157 26969
15481 17028
1585 10533
1228 26873
21682 21605
9736 9324
5834 19872
17131 21301
3970 11277
25044 4996
27140 21716
32144 11945
2867 3944
24997 6932
25810 15200
31489 15863
28708 30092
9999 18997
4943 32503
5486 20978
13819 25575
30466 6974
2779 24434
20259 22317
26128 21375
12630 27941
12848 11922
22991 14175
20746 18305
11467 6420
7295 13925
3334 22273
27357 31989
21665 6240
16245 11671
25306 17598
6964 6209
32899 6398
19173 8863
23776 25545
29212 11553
26188 15018
20708 27029
2868 26001
30858 3505
3870 16902
22362 16308
2217 12690
650 19915
17326 14165
11666 27263
293 31953
8389 32522
32683 24942
9279 21631
13493 32357
12304 3753
9916 23317
12508 3607
30667 13655
9843 23
12486 3559
20255 13729
27497 21032
29596 5717
19380 13479
5108 9187
12196 19230
1444 23064
10648 3429
11412 27477
21492 33701
22722 30064
29894 16401
14544 20058
28125 2427
28520 14573
16705 21172
20914 21757
4079 10010
3954 15297
2601 5881
9805 28636
3971 33299
151 32661
2972 8614
31783 23249
20359 6649
14586 7383
23234 26305
14847 12898
19521 27238
9540 1222
4680 21471
8227 4
9391 29309
8461 19586
6692 11207
9030 6535
27310 14236
12825 34459
18471 3312
29009 11666
4069 19140
30015 21935
28730 34856
14786 15500
2352 20772
32638 22525
12296 32552
1707 6487
23778 12249
15811 2619
27200 11949
14332 2147
19846 12223
10991 13253
24706 28481
11098 21620
12977 1753
19366 6951
3508 9810
5215 17988
14143 2379
31968 30500
5136 18332
3775 1022
2923 25810
14587 29879
4883 14077
9141 13099
9563 23428
27322 28828
26537 6185
22572 9272
23755 16966
8953 20596
8526 29366
25310 797
12472 15304
34648 15144
12472 14426
30889 2008
19176 25394
20140 4920
5384 25077
7897 24611
33856 3982
8323 15889
23925 13265
24635 20293
15500 27633
1752 24836
15739 23596
11905 3408
15456 19180
20607 30480
10508 10476
23847 33546
10764 13080
34129 33296
10020 22480
34178 6837
27613 16035
31252 14601
22347 29404
4148 25681
28738 33615
21147 7574
22091 24671
26555 20598
29420 8049
4259 27810
33294 17782
29886 20246
11118 7283
11148 23291
3993 14254
29447 31289
20573 12295
29846 23562
4357 28443
21660 8583
3756 34290
34604 22695
28103 6717
12993 601
25595 3775
8142 6388
18483 10209
15679 31963
34692 14716
20034 16342
14638 791
17456 4878
16891 28412
8858 20022
16979 31714
5986 12299
33097 32573
30444 32851
23722 13038
367 4550
34001 21234
24612 8987
11264 32840
16396 14988
2827 23903
32832 31070
19545 24690
29702 21615
4859 29294
12500 4184
7781 30133
33249 15417
20467 31316
14099 32624
7981 17211
24749 24058
19212 7996
19406 7397
546 31388
16525 13004
27377 8036
27976 16535
18735 17388
1691 30914
17072 16396
21896 8387
15685 33980
17964 34159
13908 10290
16516 14716
18485 10404
12649 25538
23779 16817
30266 13247
29381 12793
28712 5974
26020 748
32975 27581
20756 15900
5280 24683
22976 13943
30735 28391
5415 34438
5692 25092
9318 24357
23051 24748
3171 20285
23768 14364
23200 15082
22290 19377
17080 23848
13023 15840
15134 30829
30280 3851
15029 29599
17977 5664
13199 22333
24094 33434
23656 13849
16977 32715
20874 21173
7183 17682
27242 5552
17493 34457
14532 10584
11146 1548
4482 32363
30046 26873
2221 31286
29462 7809
6765 19358
2023 27224
20812 3549
11154 22772
32388 9350
28169 31241
18792 20317
20128 9255
3551 18459
9362 23257
10334 15612
12267 22789
12025 30703
19848 27997
24663 27624
8090 30082
5071 27946
34175 6668
5115 31238
166 16843
33635 23175
21460 3754
23902 7662
31247 8223
25314 34444
34471 6785
2366 7899
6494 4661
27523 28451
34168 11674
7493 8987
33427 18257
527 30287
2872 26303
8091 29142
24561 27809
22464 29573
10416 16525
9778 12207
34399 10979
4289 9228
6757 32544
31570 28048
1855 14118
10085 6733
11559 17288
15366 28728
21130 24580
22972 26698
17251 5310
797 22427
27016 1858
13428 7457
4180 27997
29243 17805
8207 4896
21059 23081
18257 59
1283 27116
32196 13369
23680 22741
22609 13324
4564 4875
22429 22605
6977 32088
20143 8893
21046 28440
29840 16205
18115 28016
3017 34766
16532 28969
34143 16144
25409 23144
33247 18840
7952 3544
30068 10726
11289 7893
29093 20328
21071 27492
16391 29572
25028 2071
24590 27861
562 32204
4127 27611
2256 33852
12395 29709
14162 16364
13712 2626
29803 20535
3500 9711
20510 11019
11172 22716
22388 27490
18314 30203
11432 16878
27668 12633
31238 34203
6823 7077
23043 3863
9959 14831
30371 29411
4138 12853
23218 29298
34617 19883
14765 27926
7322 3437
6856 7380
1001 21328
30011 30581
33219 3716
18390 14883
2321 29346
18578 29968
29424 16852
15006 10036
8043 17569
23360 33951
14812 5545
1338 30137
431 9722
9771 18631
7458 3101
303 22936
34158 1508
9341 10574
24519 5539
19757 18492
6143 23822
4921 6596
22051 32765
29359 6789
3619 31038
12945 18867
23715 33705
24481 21130
10086 12005
22085 7113
28437 23223
10998 27007
1569 23248
29897 20668
33434 31506
18417 16089
24393 10583
16555 30567
33695 11877
5356 25119
15804 2509
1812 8823
21984 28990
11886 8228
4084 32267
13674 2896
8322 17351
5455 12834
15623 12299
17507 19504
19276 34489
16079 9242
20451 16123
25215 33455
11191 16622
21620 28082
29755 25349
2139 17816
6928 16115
8509 19413
20793 8333
16060 4943
15747 1954
7721 22139
8118 21598
8015 26368
21756 9279
9714 16787
20422 23973
15399 23945
26618 33129
24959 1872
31357 9918
20463 16286
15042 11375
15833 5740
28729 19374
17245 30485
19471 13289
33494 15442
29380 28078
21865 2098
10542 27830
27592 269
27888 7569
30190 34033
2407 18910
19262 11220
2517 27017
23666 16520
19996 29019
9115 21808
26096 772
18307 21971
33676 17585
9508 1825
34800 8051
23323 13878
21643 6837
12387 20268
16557 17362
14367 25055
22578 4393
31387 8794
27864 10400
8708 1120
27845 8645
17620 33141
1763 21397
24548 6937
6372 17168
26498 28880
22605 15966
19440 12189
5741 15514
10013 13357
4762 9136
25261 16560
27667 33449
18320 20132
3339 10508
17725 32659
23387 27598
6146 28080
17754 2131
28399 16492
17976 19292
24022 31331
21429 22763
24445 10737
34468 8117
16453 27687
27358 11772
22828 28936
10277 17881
2165 10699
24398 29988
7934 28779
34860 10830
34396 19505
27040 2949
21566 14923
14476 34433
21067 3685
620 18925
22359 15883
27783 13751
24226 32109
29718 15629
2561 4648
5622 3999
11826 1558
6799 9626
32785 6908
19599 3797
19751 18343
32511 12418
27451 16379
21559 24550
1653 14628
20712 13136
31086 25288
31895 19973
6704 21067
24676 31087
7666 14000
25292 17689
24258 22356
7773 31424
595 20072
15467 27141
7569 24133
27714 14283
11840 14239
21799 17650
31980 9659
13279 32964
14075 14823
13195 30225
29075 34712
9425 22544
21575 26223
12908 8833
11928 19464
21414 31430
31444 20785
15882 27946
25016 1985
7919 26119
24081 16318
33899 7314
24480 11990
34556 21059
33342 31785
2476 17291
12638 21967
15306 29114
10997 10764
24515 8699
539 21622
26840 16493
20350 277
3109 5224
21486 22217
12529 13915
11634 24417
18568 28539
8432 32603
1981 26192
27767 31503
30125 19473
15676 11070
13792 28300
27224 31847
10184 26667
5461 11519
22040 12524
32919 32716
21476 14411
20387 12858
34085 21347
1408 3119
25513 33085
3586 30152
166 17502
32 18754
21845 4628
17007 20700
319 5466
19444 13611
1996 33830
8839 2410
267 8443
12907 8624
13804 28829
24522 27213
19736 23938
5426 4126
23470 3805
4457 29576
15000 29952
23315 26372
18025 18000
29777 23407
8823 27928
16566 4420
24904 23819
34790 11937
21055 10381
31294 624
29727 18561
6625 18124
5818 24516
14131 7318
22274 17092
29762 27205
30475 20308
25202 16978
2319 23892
9106 30057
9525 11496
16335 32060
34644 5540
1750 32704
31962 4921
3167 32402
24797 9961
31224 14728
31864 8794
18414 27901
18029 30489
28633 6775
33183 9866
27766 13841
12835 23751
32279 6311
24395 17202
23972 28287
34692 874
32609 32036
15127 685
2151 24896
690 16032
25191 24683
17942 15125
22157 2385
30318 17907
7549 20600
29698 669
4016 20534
9416 6287
9465 16203
10354 17284
7469 20229
26000 13497
22428 32838
6329 7120
3255 1241
27317 21773
15344 22213
17770 6263
30575 3071
28365 28607
33207 19925
11479 29381
15977 23227
10049 5015
22036 18369
21223 8920
18007 33207
10903 22199
20932 32277
11475 28213
10726 8061
5916 20850
22024 18618
16012 9520
11002 28506
24835 7818
25558 11898
20023 6305
11917 18610
20171 34415
25668 32793
14855 9180
34770 20603
25142 10465
28926 19571
29909 19243
18388 1408
17710 30702
13887 10617
17087 2759
8049 30318
32497 18794
25460 26094
12981 7121
10094 27142
10927 9190
1255 11630
23363 19125
20614 9219
7911 1558
17069 28627
34603 7002
25739 25327
7169 34072
25934 26892
18357 308
7161 5927
23046 18531
11522 12449
26168 11186
24600 20206
17102 23109
8252 25403
4907 21841
22308 32828
18733 15241
13068 34912
28780 13166
31873 25162
34639 8112
11086 30959
2817 26961
15233 9780
3110 10581
21915 33589
7836 25806
31251 25537
19204 15290
18119 20511
17886 19183
14570 11460
7965 33390
21812 11809
25948 25032
2780 34345
7186 26196
19017 12996
14720 9418
22540 24228
17097 25916
3964 6831
395 21237
12752 31110
28030 30742
1732 29930
26739 28302
3984 29975
13255 12166
9599 18065
21761 22853
8668 7630
31912 7991
22133 18029
7589 732
19581 29921
33898 33976
26217 17248
18241 27600
5670 22971
4088 6621
22250 28417
17701 22898
6244 30811
10993 10172
34973 28426
7237 24059
24903 2958
31908 27542
30765 23368
24500 18270
24922 16883
5067 28669
32821 16899
8357 12771
13119 34070
33789 13714
15383 27103
3851 12296
21920 19683
4176 12428
26139 22226
1558 10841
20693 24242
15686 5573
22390 10320
10400 1888
30750 19926
24944 14704
16895 25407
20568 23775
22557 3711
16125 30066
32804 16222
29134 5248
13736 1658
12795 18185
10480 9966
9855 20729
32587 8408
6712 17290
10902 18889
14368 33183
7834 12385
9054 24914
7440 11184
18866 11960
15315 9329
11019 9029
4946 17348
22540 1687
20268 12832
3455 26972
34745 16679
4622 13766
32578 15192
28227 14263
29749 6633
7080 7752
11888 34855
4964 6631
17737 33384
483 21890
7404 8191
23238 23978
18018 14200
13549 9830
30145 28816
25726 26349
1162 16820
7959 27094
13716 15035
1325 9575
15886 3562
30506 3098
30406 27640
15252 11883
13048 24569
25041 1922
2279 12927
2345 19625
33543 6987
6490 34439
24286 31249
28321 2819
10629 24393
33752 1806
25933 28497
33507 8883
8189 21428
30945 8931
11158 6001
34212 30755
7133 22845
11193 34186
6027 21660
16233 11325
29576 23783
20159 989
976 11550
11074 2471
11798 2954
7079 12334
32576 13293
30274 15667
3964 19436
25502 33338
3429 12426
14047 31782
19779 823
27588 33086
24611 11097
15350 30969
23047 16908
13680 31367
32916 19471
30996 23102
23355 10048
15417 5146
11939 9544
14353 24508
27812 5233
27471 22882
2444 571
571 15716
10595 14650
24098 2891
27770 3552
31019 12107
10713 33739
1463 8563
5416 18166
14524 23043
28116 5074
25315 10655
25748 9339
3823 2096
30639 32408
8094 28983
24561 21731
19196 33771
24839 2934
19902 20120
29150 8516
3814 28164
20023 19288
12517 32850
27599 9715
26471 10648
31026 25715
21045 4142
16509 30683
11571 3821
9211 3169
13025 28933
9287 7196
28640 4797
31722 1380
5149 10210
21119 13592
20090 23665
14296 30853
2767 28377
7248 28457
4923 14690
497 34911
32881 32091
26785 20436
7657 32885
17576 5045
6318 18627
3839 20290
12271 29563
31245 23633
10223 23288
29623 14304
18244 13326
717 17260
11019 10525
1303 33226
32765 10023
12793 6849
26390 33397
23889 16764
23353 32784
31055 22510
21862 8093
20328 31021
25702 633
19915 29414
4057 31983
23477 6617
22546 5542
31067 6319
5871 22466
25739 2628
4206 18659
29612 21273
25143 34904
30728 6399
21738 15273
20464 20079
8264 27262
13647 29342
5937 29080
19566 15151
7588 7120
29536 13720
17925 12236
7683 29767
1198 25082
11979 19668
8645 18765
310 24261
19404 27854
25914 11786
25593 32473
13957 6085
5981 20856
33473 34420
13497 27404
23683 31094
33186 7533
27391 31245
8130 34037
19371 20483
540 34065
29137 12519
24743 21120
16585 1894
34149 6452
8030 30893
13317 12558
27656 25713
20308 903
9781 27564
29235 12370
11122 20548
22071 29621
28174 15719
26561 15861
23576 8618
26384 23869
12797 11640
21988 11433
17362 30515
23317 23628
16230 25771
29315 7748
18971 13668
34847 10106
5472 8904
7005 29518
14015 15717
4292 11605
14831 30247
33701 11267
34198 26639
11471 7711
11331 3510
8862 21672
13932 7144
15569 25724
8344 19901
27025 28394
34079 17088
3335 31247
18174 10412
23581 16958
4663 24849
25271 21949
25971 5574
10616 6263
25304 11290
12085 21812
18537 28254
33921 2533
19173 34539
25213 788
34752 30347
20176 3530
23856 34835
11272 7363
7739 23260
7473 28872
7787 19836
17520 2959
11643 34583
17321 17604
16813 33122
25098 30463
26939 23252
26029 33734
10391 28983
21366 15914
11628 16824
13030 31019
33315 3658
9991 15676
34582 8227
3188 13496
11880 33306
30800 22012
18175 9560
26884 14942
11081 4820
1140 322
24869 20936
18882 11330
25275 34128
27585 32925
2325 33486
28547 11244
18615 3642
24632 12951
8408 4160
3268 11586
19719 9990
10257 1283
3714 23219
24412 995
29709 25230
19603 16602
31852 16215
18789 3836
3032 5763
13592 4186
30816 16047
11674 9095
11180 19203
1589 455
12452 16073
28686 20891
6008 13580
24966 22298
26402 29945
14632 16491
13043 17923
11692 12556
2625 6646
5537 440
32890 5614
18155 10495
1784 23065
7832 34986
34270 19570
17237 18107
3350 11695
22785 32455
3031 21955
29445 32127
32189 4918
10490 20524
12821 24255
5878 21723
30339 21642
10809 2933
18949 14945
27655 3726
7300 27938
9023 5232
17997 16039
4784 5884
5539 10006
31231 5578
29794 11219
4332 26618
24975 13254
18415 7786
28546 11286
30505 15128
25918 10725
22903 14237
1585 8780
162 1314
993 26450
23552 20465
13807 19266
31587 23664
3982 32164
31251 3779
14946 18767
24777 32805
3669 1384
21463 3530
34429 5685
1302 18472
7431 7691
17803 11523
19075 4890
12654 13092
32577 24557
14223 29831
20955 11825
1645 33043
1358 24622
2289 12966
18864 779
3477 16175
32261 21590
32000 13688
12743 9066
16784 28882
26198 24360
20685 8178
34926 18656
7925 26775
26085 9941
26230 22015
7402 11312
15018 2535
2320 4564
28382 11601
22467 15278
19561 9531
1763 7678
13884 3771
17116 18512
6559 23711
25459 31101
1297 17964
4195 453
7555 22578
14553 15399
8301 30201
22029 6298
16187 31978
2257 5268
8231 6914
21265 11525
2728 32229
29342 26217
18981 1043
31348 10146
12364 13618
20566 17038
29258 16126
4363 8871
10175 26713
9680 23530
3013 28328
8024 20861
8472 16727
19990 15184
32470 2452
22450 22094
9545 29498
30973 27795
24964 19556
23244 18248
26613 21972
18321 5032
23005 10360
15829 26289
24053 34059
21812 26139
21647 9305
4890 25040
8489 28598
9095 5295
26152 3683
13198 26272
13455 4220
33816 13651
27300 9103
28180 4234
32524 7551
16791 1408
11566 14609
12617 24677
24759 16075
9245 3234
30017 12265
20505 10492
13743 14857
4913 33551
29164 28178
6554 33015
32231 31871
18131 18093
26523 26662
24908 9470
28292 24949
26854 9937
32062 32047
5041 9418
16434 21009
19123 8765
25270 6228
12006 23556
27048 8230
19890 4967
33645 5817
19129 27572
23252 6122
23498 13634
3625 32566
17523 27555
12566 13777
26359 20228
59 30160
9934 1181
33720 5106
17521 14487
19711 24519
5556 22072
7146 12687
25000 8460
23157 15186
25837 34647
24467 7989
32713 5624
34202 19091
26250 269
12896 7603
12899 18490
8410 10059
26862 2939
22260 11507
9676 14783
16488 4454
32875 23751
27063 27348
13423 6486
13708 32700
7995 34592
25722 1900
319 1443
23087 5552
28590 11359
23141 34939
17201 338
16115 15029
3368 18428
31526 13297
23984 34221
33732 4844
24440 17095
5493 25501
24885 16414
7411 34060
22211 2901
2782 14704
29469 7030
25557 30240
11527 2850
2916 11440
17036 31924
1338 25276
1239 33753
33144 16162
11193 4329
15408 1102
2297 24055
8989 16706
7984 13558
30537 9716
11955 12394
3965 34874
11563 30515
20759 24868
14938 33583
18840 14120
12136 18383
10304 18694
8238 7290
13407 12631
24886 32652
10575 3575
10676 31352
11990 10480
26688 5145
32889 5889
20681 34547
22668 16805
1801 8226
25988 5456
20229 9214
13815 16325
3570 28856
3989 30597
19055 4886
10265 8376
16633 13410
25942 17362
27789 24359
15065 7792
5765 16060
4198 4458
32319 15036
31484 27621
19374 14669
186 18196
25156 17021
21484 13149
7619 8199
15122 22774
8301 7975
23269 2644
16800 17490
11189 5772
3843 5502
14977 25156
26715 6996
2647 28567
5318 14845
30401 16561
1107 19336
33883 4247
26949 21781
14989 32313
18396 22515
15499 31867
9051 4786
5146 9365
27688 34938
24894 3823
3675 2702
5008 17091
6556 8673
7193 18091
25914 31014
20441 17111
8126 15557
28906 28476
28360 12110
8281 22589
19363 19880
3652 19978
4121 15105
840 34758
939 3421
14443 4978
3042 30277
12898 16059
24872 29971
22242 7926
33315 13303
12927 30263
10564 15259
12426 23719
26691 1001
27868 21762
10449 22374
7850 3458
2539 5368
12890 1094
4421 4562
3269 1522
21330 27230
3440 23983
5187 25686
1436 3249
7168 7406
15967 17295
13423 3989
7716 24403
17362 24650
20605 32717
3838 18410
1959 17129
1608 8526
14212 29909
33432 16708
6508 1106
34396 33234
9095 16958
19905 14334
25421 989
5214 15839
23423 28884
7937 13647
9443 11486
24306 19184
21460 7473
14868 24233
14460 28834
12462 22698
27482 132
1318 26771
27426 28356
1512 33546
19041 5530
1076 23581
10176 1267
22345 11657
13518 21183
19986 21477
16327 3455
25302 17681
24490 14482
16429 15733
11276 2301
19568 19532
3032 32817
10402 4844
5890 859
18819 1594
21010 1248
9549 15750
31197 13366
13311 31341
12033 30273
648 32896
1860 34356
7850 19634
26051 23354
18517 7295
13774 4830
16916 31966
31071 19267
33183 14790
24593 5189
31881 24635
18305 31134
1915 31958
41 20281
9573 3134
23828 18610
22067 31998
26987 14009
17351 4957
14658 1959
16182 2815
29871 31791
23291 34168
23400 25057
28021 21788
3776 20573
15813 20898
26950 18200
25976 31244
4167 5163
16468 6307
18476 16106
6867 1670
8608 18375
7194 6678
11627 5008
1087 15620
7342 3781
7254 1147
16876 22909
15372 25511
26896 31120
4866 16905
18016 32048
7114 34698
22266 31575
22405 23323
5110 28385
25400 6702
2429 5467
18940 11777
7480 23244
7573 32309
34867 1865
17407 34071
18629 13820
33947 28632
4222 9011
31565 11228
21580 7223
7965 1401
11300 31163
8511 14586
5330 16871
5393 29705
4949 1358
8598 11980
10297 20414
23692 26526
30477 5004
1423 32383
22752 20946
11712 799
8894 11845
10985 24503
34630 18863
23096 15583
31847 2002
12936 24794
21519 14285
22129 13885
24812 34580
19448 31443
13975 874
14535 26234
26791 28902
24810 34971
1369 16210
3146 4248
8655 25557
19983 31244
6996 20993
15619 30174
122 33816
19130 33732
11727 32669
980 27105
29741 14522
1647 25371
25530 6467
25340 19979
25398 31465
16890 15547
15165 3836
12419 2971
25084 20365
13794 27043
3171 16946
25870 34002
12054 25571
33216 12965
2867 14314
33798 22565
19435 1444
8740 27448
2344 9315
4078 32114
17278 23151
25713 21524
11377 7639
3264 4017
26870 12026
3697 12049
30264 12125
20176 34928
6491 25121
12522 32637
12289 14859
2868 12671
14296 7307
27767 5733
20969 21792
31684 16814
16887 2031
2895 25198
27860 13655
5581 10966
29861 3442
5854 14004
19109 30080
34163 15105
18704 32539
26104 13333
22642 68
8335 6557
21765 10460
14101 21584
27717 10444
34666 32450
27776 34374
12593 20810
14941 24583
18076 11102
34874 7198
31933 2159
12191 8345
5893 34265
20144 32572
9795 29242
26997 9177
3169 9771
25057 29741
3716 17115
11240 18378
31127 10340
30174 34668
984 22870
29525 32993
29347 34528
19253 15958
15869 9105
7501 31068
26391 29807
3976 504
26922 20082
16073 32540
321 30981
15579 22739
30230 7270
2121 14110
11147 23209
5967 28016
28856 14586
25203 34203
13719 22400
16439 4358
4705 26525
12437 856
32871 27321
28690 25278
11739 34372
13813 11125
11929 16415
19363 19079
20733 21955
23835 14766
17947 18076
18200 22133
30385 23769
31456 14842
3959 31226
26947 14765
17784 26893
22290 4571
3425 6252
12110 29170
1049 33702
6831 34556
3444 16952
2124 34627
6878 2272
4412 16749
21677 11421
6479 19525
20664 9408
19102 19813
9750 23105
24528 15936
26854 23200
607 24408
11837 10314
34122 18102
8067 2562
28029 33460
20989 10188
26953 11615
28920 31033
33834 7739
20135 13442
6521 15653
27965 30265
24510 18850
16160 26954
33524 6354
12908 21565
14746 26930
8990 14950
22705 24209
19396 29701
5250 10201
30670 26580
12533 20463
15119 20141
33683 8638
22136 330
27275 23641
32680 21061
23114 25779
18053 13347
25615 7018
29460 24158
17773 26618
22096 18718
25218 28578
14307 4926
33284 11208
557 333
10298 31175
11809 7476
3633 34045
21881 27647
28743 2101
16755 8410
31232 8619
20094 18674
25931 33177
2000 31678
18323 30144
376 33047
17708 12693
4436 9912
14700 27365
1622 14764
26882 28400
17598 461
3485 5100
17165 15590
22833 18710
9470 29917
19681 21756
3040 21438
17052 31168
34240 10030
28574 8525
19504 2886
25069 1908
1787 3506
10997 29888
7018 3697
10512 17623
7813 11933
34151 10999
4965 5181
11189 1129
9900 31287
27009 22056
16073 10908
32305 16746
13935 31987
34768 20564
19471 21042
24869 31866
29709 6090
17887 14712
5894 33315
30061 34144
30348 19798
15622 26708
20389 2933
6185 6460
6986 15486
20764 848
22994 34769
574 9734
23190 12305
8662 12057
5362 16492
1037 13114
34095 26860
17332 29460
6823 47
23936 31645
5559 7198
25966 27432
5676 26496
18490 3247
5136 23169
3325 319
18969 14385
23469 16548
15296 32344
256 32694
33818 1778
3870 25198
2136 10502
31971 9885
30240 8227
21953 7124
27033 32470
18616 33998
11078 4619
19595 12536
18517 3572
137 30997
18106 26863
18339 21574
23799 18895
12917 32107
24921 15844
16940 5915
24698 27254
22666 22424
26911 34877
33115 1016
9709 3457
18885 33529
22664 28110
27519 19115
22852 2315
57 17052
25822 6138
24588 29671
26996 19542
1654 25595
28173 18241
23306 15435
10209 3474
4608 28006
21540 8242
7992 28997
2536 25040
17413 6188
13095 11556
24413 18270
29060 32858
19890 6489
12090 14071
10572 218
6974 11280
22823 11322
29573 5109
26158 9261
27987 26864
10965 17731
3051 3600
26221 28992
17909 10031
14268 29131
1108 14280
14942 21917
3221 7306
27089 8950
30536 28152
28894 26397
16899 7645
23002 31280
14869 1935
2833 31645
7059 5192
9856 23922
17899 25189
2355 34614
20936 2815
1708 5226
13735 30972
7611 18498
6292 12096
29920 18530
14959 27496
18006 24050
24927 34381
14988 17772
10329 10643
31132 24745
8498 25331
12637 34837
17977 18087
16395 10148
19971 13299
18301 31896
4716 18396
28387 15285
19730 1142
10323 4987
929 11905
22687 22094
9617 7678
12073 27066
34671 34163
27466 33399
15828 21232
9506 21422
18214 4569
19203 27332
22809 28236
25702 22231
24737 26792
26232 8568
12714 32236
13303 18147
7342 34293
27208 2412
15504 10194
19092 2372
21582 8063
24951 30859
14418 20537
21767 9598
14413 9046
15507 29815
11643 17007
27259 4946
11097 8489
24730 23931
13335 12824
7179 21960
11193 18722
26958 21213
25865 21811
20978 22266
30318 14962
6068 1339
6811 1724
4869 9434
1612 23205
15131 8252
30726 5935
4971 12973
26240 32486
3189 24068
23316 23995
14944 6242
28771 32573
441 20018
32760 32490
27917 14253
16255 4358
18161 14311
34245 11490
14337 23796
26198 28340
328 30506
28585 31566
2760 14957
27468 858
29212 2133
15959 16922
14094 18406
771 25743
10201 3970
17202 11976
16749 21169
4330 22446
2243 18490
13633 13095
23574 4166
17005 19964
14402 34812
21935 25695
3323 7547
17811 20095
27414 15466
8032 11539
12615 10586
18642 31591
17925 30371
12111 24530
3119 9359
25713 31878
10441 21129
24752 25391
2620 17714
14179 13315
24746 13149
11695 25031
28994 30622
23249 21881
20054 17584
22010 6145
19738 12036
32143 18036
25576 32564
10664 25451
17443 10756
14767 26914
3879 14323
9073 22451
32223 30802
17504 25292
17534 18800
6122 24494
25933 14504
3355 21938
28150 34462
12744 23313
25807 32812
240 25461
10711 33213
12042 31753
31558 4225
5359 16993
2131 33856
19131 28806
5252 8997
20778 11704
27543 19718
6309 29587
23730 590
8492 8705
15767 20623
25341 22334
7645 32989
23630 4301
5665 18713
3802 4923
32769 4198
3367 33212
19235 6159
1315 14739
32704 13054
4458 10304
9307 1588
25197 13364
32955 12404
9608 4768
22441 25451
26263 1714
14492 25051
5187 32268
1658 34618
538 18767
14014 25789
9664 7961
34856 19493
29166 27809
16320 18934
25163 33331
30644 11954
23127 8391
14392 29046
24580 13407
14333 33977
18567 16476
7649 33401
19210 30105
14521 18575
10760 8058
28740 1268
6937 9211
26160 3525
9610 27494
18631 22429
29647 23751
4644 9470
3771 19840
9197 21520
34128 15853
6610 6673
28110 23546
20623 22994
8980 10485
28832 21630
27025 20765
8586 15051
18245 19064
2899 21122
2345 8576
32904 3642
20197 29419
28828 22666
8512 14138
2234 15494
7111 21307
6193 23063
10918 4852
18372 30582
5181 27883
26556 3146
1717 5765
3909 2213
31232 6945
1520 6426
16892 12378
7836 34387
5603 25084
30355 15488
19643 18843
1791 8126
17193 7046
16028 23970
32990 26568
7847 1775
4133 9646
25650 26841
7638 23887
18711 33593
4252 4388
23259 28730
9517 7849
25481 22926
32536 17000
13730 33536
5215 32375
6189 16303
4440 25335
11271 7024
9412 22668
29396 24727
11782 34338
19549 24818
11404 23635
11334 3313
9331 20908
6066 16818
10910 18276
22544 10361
16528 28052
10814 1413
25513 8264
27715 584
13394 29427
29192 25881
25541 34386
16286 25437
19605 27677
13741 26744
20994 18315
29414 6066
12992 29838
26201 32230
25695 26456
20458 32705
26152 3275
7554 32828
17021 14160
32390 4712
4892 26140
3946 21812
12964 23189
20362 21551
17144 6757
7647 32170
33181 12363
9739 15201
28990 4500
18096 12199
4136 20827
27052 25752
24923 20976
9132 23240
23175 7638
18489 2446
13291 18071
30997 31900
30497 31974
26501 20577
21791 19208
22975 29378
17906 13780
4008 32890
27789 2875
16733 19487
32613 30709
28343 34888
33475 8494
27585 5439
24640 33687
24393 14499
19857 16027
19529 13851
15457 25063
7319 14769
25849 22935
4678 18988
453 16115
21528 30279
18993 22780
1116 28736
1803 30277
13294 10101
1931 21645
2199 14931
31734 7456
27928 10730
3284 25708
33038 34712
16410 32837
23753 8216
19596 12811
32140 32002
24875 19380
4820 25639
23878 5710
21570 1337
16966 30441
25403 4949
10079 34697
630 15598
19105 12134
18768 33564
28801 21115
34842 12257
21097 31697
31991 2411
16779 29380
31309 4096
34565 13108
24472 744
3039 13509
7397 13495
3408 18264
17891 1111
22343 34380
21947 3110
26882 26330
18196 7487
7852 12577
33791 3730
1398 4123
1610 8788
8823 28401
31021 20176
34919 34911
22935 18629
23438 16309
7899 32865
15536 3692
16303 34967
13822 33364
708 20511
25305 10312
14532 8619
31645 31725
29644 24200
13193 34208
14918 24771
28906 29949
31701 8021
29734 10416
33827 34614
27888 5111
11339 30632
14034 26251
18256 1526
29344 6395
5456 1695
7780 17101
2398 26471
10076 28758
19562 12231
7643 23942
8813 9984
19493 12379
23330 29409
5631 29758
10750 4798
5405 25177
33475 19480
19234 12262
21300 18086
1134 2798
31708 8196
27553 4114
16315 5491
12000 10297
21941 11683
25154 16289
21378 16353
21257 1841
22673 2213
23159 14389
21443 146
32791 17256
10955 20101
19754 12819
17922 28464
33725 2427
15464 28556
20460 25493
28273 34023
9853 20671
10996 31067
18422 32712
18875 14643
5572 3512
1966 17401
3221 28039
31078 21019
21440 32203
7362 5878
20509 30918
24701 24087
24748 17646
6452 705
17471 34086
31941 6743
32503 29774
5878 29204
24908 30029
22424 10726
775 23447
33662 2710
31976 30425
12376 32626
31168 17156
5030 13832
33673 16423
30426 34997
16763 13606
19238 665
12030 4103
9779 2687
30964 4170
1308 5730
33118 33085
31739 18248
20445 9073
7760 30798
34198 6126
30929 5274
31050 12235
9315 20451
15287 4733
19435 13480
7720 28019
25718 29396
7897 8672
9512 23726
4527 26963
21000 17214
3598 14070
13860 21980
6326 15650
30953 25666
29378 20487
11979 18665
30050 29935
28404 11479
12758 17507
11301 61
6174 24076
25160 10467
9732 79
24394 25260
9772 20244
30944 12038
29964 34156
13163 20522
32540 24748
17644 13663
5811 28213
2147 14005
21299 10504
12054 5486
2017 30705
20209 13080
33117 31252
11577 15932
893 17175
23648 33120
27353 7004
23553 21321
1000 8342
12192 34525
19407 20261
33059 20172
5611 32322
874 31387
1646 1819
28385 31966
14773 9425
32164 32606
24497 28518
29163 11373
33962 883
16403 10413
22380 2647
21678 3706
22192 26894
22620 19485
30044 11390
15708 30958
30127 1389
15751 8686
6161 30161
22450 6118
8137 18938
33336 32871
33127 18869
28915 15103
23038 13069
15137 24216
27430 18023
24688 1294
10300 16192
9882 20255
22566 2024
32105 30598
5437 8082
4225 4683
33276 7047
24521 16844
16185 29023
18374 34579
7490 33855
3293 34305
31183 10893
28284 10005
15271 22968
17330 10585
16939 32919
27162 20814
4492 16389
17921 25151
4948 19445
22248 8141
4049 21943
10792 7334
4957 14199
2514 15814
27855 17652
17693 15634
34980 33940
33639 12729
34689 30726
17681 32499
5281 32238
30353 13280
2166 17083
8598 10981
18055 24482
7725 20099
27652 6201
3817 26811
34025 23712
32248 2335
19243 27767
19528 1415
31823 11653
17603 418
2087 33247
21843 5994
15481 12946
32946 13621
10934 16606
22796 32716
28185 29420
17112 22823
26633 5496
16827 19475
28679 5321
31122 6086
3527 24162
19882 11552
34163 12383
2937 34127
11269 25460
30016 8503
24913 17823
34614 32351
30126 28611
7413 2353
21024 11541
5109 20191
15508 8729
738 16448
23160 4438
3300 7132
17943 29091
33337 9657
6624 29995
4712 26666
3496 7157
32066 5998
28512 32317
2925 16253
13077 7486
26419 31906
11244 30163
4770 25344
924 15011
26634 6992
11743 3869
8337 15664
16545 27710
26481 5329
15857 23562
20068 11778
23557 27927
18171 10798
8344 33659
25485 6170
8700 21159
11673 12241
13331 11059
25591 4021
1237 3980
12986 2561
20718 29436
27197 21743
12203 2784
6525 14425
6469 25259
773 31927
32401 1852
6581 26292
18045 11337
16237 20456
31325 20093
32639 32135
13416 4046
23960 34634
32564 23259
20811 24607
8019 21363
32290 25533
16025 29479
23878 32707
17207 21994
24068 27250
30443 23446
14138 29774
14902 27005
25597 18804
8044 34811
2101 15564
29073 386
32247 10112
5716 13181
31144 18715
4198 23190
18654 28001
15271 4421
26772 24291
27098 441
13191 2340
6611 31559
16740 12779
8163 32469
10896 34643
22319 18805
12041 31989
27 10331
15533 1455
10684 18557
5456 435
1423 32803
30588 32510
8036 29385
10982 19986
6745 23058
31227 9877
26887 14011
16342 9882
14699 10150
18312 27013
24149 7635
14634 301
4470 28174
20388 26700
10524 12986
29906 729
9031 2337
9941 5976
21728 32323
28257 5807
16372 21624
128 34341
23023 33475
23344 23504
33055 15734
33355 11787
34722 19273
4709 6785
4375 6027
33614 8189
21660 24085
31900 8416
16962 9581
9308 6082
26236 24661
13457 11518
6582 3298
12666 18597
4479 12732
22486 29130
17049 31968
22090 903
22314 30890
31692 13205
2986 18472
33249 6369
31505 11023
2122 6708
426 27098
15717 20729
10833 12852
34926 26504
13583 11703
12299 14765
27601 18228
33493 33267
31314 28347
15814 31953
19956 24882
27046 29998
10577 17774
33265 25824
18235 28
23290 29626
11909 18867
10175 24734
7879 21909
16606 16132
20585 32367
29195 29396
13382 27695
20697 5665
8783 33408
20175 18862
31650 5252
29281 30331
16792 32876
17389 2807
26051 24000
7722 2666
22021 19408
14854 7595
20609 27311
2274 4319
15963 1745
3208 21020
12631 3127
9310 2585
14876 5520
32789 31027
23726 4532
2139 9124
7390 16358
21717 13206
14805 7072
14885 12959
24392 3646
3792 15723
19203 900
20281 10130
7690 9650
30758 21886
12228 33787
24546 18280
21605 15990
4108 5147
10395 19452
32291 12419
31883 11607
7975 18670
7929 3284
26342 15133
4983 17769
34182 26811
32834 8096
31894 21154
15862 24333
7378 2395
24133 4660
2070 14190
8650 10653
34279 23935
11969 966
27013 29527
21865 13975
7875 25010
10675 7652
26666 30015
7064 4416
26361 12704
18404 28881
6533 33771
14722 21677
25437 13225
31913 13814
18989 23901
5359 8107
9638 23661
11481 34462
2763 26780
1002 26998
16571 22565
12021 6697
33485 9664
33925 18413
33581 34046
4350 17263
4516 18388
13356 20066
27783 32358
19951 14831
11054 33299
22369 21070
32750 29185
19572 3135
4223 7361
21457 23309
1826 31745
12598 22409
3343 8764
5684 9092
24631 31709
3647 24809
8154 7589
24104 18001
17091 15417
10790 27391
33940 15140
24356 30269
24683 28405
10683 30368
10215 30384
17213 28715
14936 24055
1165 19557
9664 494
32769 3364
9249 25262
15916 31265
26797 23391
17065 10273
17764 16943
14263 34968
6605 4057
23865 7024
33614 12462
18980 30742
3646 2480
6312 19470
8789 52
6755 5110
15247 18320
33585 20876
17109 33623
34161 11099
5933 11536
23561 554
10730 4576
8661 13443
17560 29611
5522 5424
32406 27431
24795 25672
27504 17808
32507 31625
24740 15358
15869 20736
14103 28582
10394 23460
15333 34700
34594 20075
2009 28396
28783 19400
25480 12993
1443 29886
23185 9912
8029 30010
3168 24061
18172 25679
5568 17041
8348 7378
20414 34549
8353 21032
14387 24268
6317 34163
28083 2051
33357 17806
15031 6049
18002 19520
31506 5436
2183 28849
20725 23482
9866 19025
5907 28889
14546 21471
21716 17008
25630 642
24669 5131
2989 34605
25219 27447
8324 24698
2395 2923
4921 15274
11518 22947
29410 24283
25789 17389
14665 9627
21510 18014
18265 21484
1316 18703
5186 28768
34606 18685
12187 32404
10888 30208
22494 7568
4158 19060
3546 3916
29035 20709
23894 13353
20178 7401
30354 27724
5639 4736
4071 19512
15280 7200
19839 23858
3868 1955
25420 9621
12691 1602
20519 13093
234 19191
2727 34058
16365 15767
33771 33823
24564 1707
29564 24353
12470 27880
18888 18225
5284 24096
21652 10729
26268 29325
4229 34088
34010 17121
2092 29846
6513 22038
13225 22995
287 21817
9106 8038
23414 20294
21303 34093
27021 7116
4331 19217
1304 34242
14753 2758
10989 17954
6952 23820
8474 32288
28584 30570
213 4338
27979 6034
19840 5894
27780 11031
15409 14564
16712 2728
10190 8122
28106 1838
25782 7377
22320 2095
1277 2348
19491 1523
32258 34325
4840 11074
11995 21281
27148 8043
18693 18057
33318 1285
6048 25254
25143 8629
15989 12584
20282 33299
25989 7806
6806 14211
9475 31607
27922 6869
14474 20205
19861 23323
12391 30385
21655 2705
4349 29155
3840 21953
15671 19777
29069 17380
28223 34252
25219 28809
26274 28729
15733 213
335 16339
16325 21301
27288 31213
4576 12085
13223 18776
22289 11406
14134 31482
32069 31642
29969 11335
20613 13002
31399 25430
8177 12054
13553 14553
20796 1715
27941 33635
17246 28048
14709 19562
6094 2141
7902 13020
24533 3100
20284 7530
19574 8429
22968 30106
6288 3950
8883 34669
12939 32913
30095 34219
14432 26621
19983 25206
3823 19965
27627 6114
23772 24254
2137 14341
3302 32904
4978 3007
29763 11657
29262 27046
31959 28608
25851 6212
14057 21014
25859 258
1284 5111
5258 27086
10734 25144
12290 11913
25020 11894
24691 20618
6388 22071
32989 13187
32916 32367
680 27190
11481 19346
10893 30377
22485 3032
23635 1424
19124 30554
13701 6121
21194 15977
1895 8931
8628 8643
26570 9431
26854 2408
11718 6911
31503 11383
21465 2197
8503 10702
17548 12309
13077 22445
29920 18788
296 32081
10393 9002
7568 20807
32365 12842
2386 22795
18156 4259
836 2848
20815 25093
9855 18089
27248 16015
4611 17494
20920 129
31245 3694
1757 30941
16127 20468
8330 21981
32015 17112
7921 5175
8521 13093
1169 18292
16537 4555
15466 18182
18260 19316
19545 5056
27751 14433
30084 11784
1551 25486
6885 1013
14393 32951
19094 10403
4590 11220
27219 16897
16773 15686
8071 32643
34029 18485
27640 18559
8798 9025
4377 7335
11520 34228
25366 33774
24118 7306
13090 16213
32105 21468
16198 14989
7301 6053
24404 33121
19627 32584
4478 14741
23605 26742
24699 8559
1528 28297
10361 5981
4683 3635
6801 13907
27452 15960
24 27019
20556 25408
5346 10534
18823 7377
15420 12452
19531 8685
18011 25892
4495 26270
14066 33115
7728 34841
13326 27331
29347 7720
23493 10788
6880 2159
2586 11064
24052 13916
6969 367
19709 30405
12448 24160
20587 5224
10081 15213
1487 5003
10151 26275
11797 33216
5857 5428
11960 14114
14654 7111
5636 32023
33051 31042
31442 20417
2608 20002
6762 16903
29599 14969
9340 17012
2289 34169
22992 27704
14547 29889
3922 1350
25577 3412
201 33534
16797 28518
31735 7832
4428 20510
29228 904
1329 29938
14915 18096
19919 25937
1596 4461
28049 20511
24622 34873
31144 15629
16078 23889
2226 13532
21902 13280
522 14253
15869 14250
23230 24357
4412 16310
24125 20837
34935 18579
10530 17183
19210 487
8001 6426
26936 21004
18260 12652
140 4173
14781 24124
33201 10446
21596 4101
32205 29681
33186 14733
22478 5527
21325 1460
29242 6923
24994 21046
16842 25646
18767 21097
13359 34344
8683 17597
16397 16987
33118 7262
9090 31503
26443 8050
7414 30724
22214 25656
22358 21272
11757 11457
5770 22841
32223 5254
5868 17220
20112 26395
4004 18937
26144 11258
18889 26383
20018 20171
20744 11181
4338 10996
7736 27896
8569 33471
3405 14022
19377 4957
6747 31516
30351 179
18310 30944
23107 25662
26204 12402
24043 16795
24942 26432
18101 26901
16589 10893
6809 2894
11726 13536
6764 25596
34208 29246
11802 4468
21784 7027
2373 16832
31697 26843
7826 2433
11389 28797
19604 16275
13098 17065
18500 13161
2829 14837
27500 17135
4021 24584
9033 6797
18867 15073
23316 837
27116 12383
12121 8812
5328 14644
9526 24429
19513 29371
8486 6658
31785 7897
33567 27717
18930 6719
8794 23426
3801 9132
22403 5299
13076 1277
31888 24646
13729 7421
3606 888
18767 22189
30565 10325
34322 10705
20746 4335
7750 24146
29983 20948
15820 847
2211 14367
29233 17616
30650 23252
3449 14426
18088 3346
31505 30216
7665 22820
5573 5214
18718 34633
3697 7502
18788 32352
26915 16611
8940 24692
21867 10225
24978 20571
1103 32343
12236 2279
5036 15683
1400 8882
32229 2296
31796 18869
33583 31393
23239 13721
23586 8014
28937 5739
26752 17554
7995 8077
11299 18046
34 7913
20807 5748
20188 10544
10756 5834
7891 12165
15044 13475
8480 13884
32737 5359
34416 17942
12588 9155
6578 3599
30898 23812
22984 6006
9386 34138
22617 6934
25150 16365
26217 20871
27783 3307
29673 15536
11438 3995
29940 10870
11633 2930
29413 9702
1890 8089
3792 18933
19754 27943
18875 7193
28499 25987
26578 18951
16920 7541
19117 16518
29373 6013
3267 30320
16724 34461
26512 34006
25493 22150
33372 12096
13845 9516
3711 14277
8416 11568
26197 22605
34523 16233
2890 29802
7999 18097
34669 19681
8503 30206
21340 15420
1772 10501
5486 1730
23979 21274
34762 5535
23024 344
26405 10176
24719 7126
30745 8392
28519 30072
8501 32460
21744 3262
9410 20058
4068 477
22439 20718
27446 23290
790 10670
17266 4517
11795 17080
20618 24743
12582 32780
15664 17764
25651 22273
33110 7084
29890 15480
15057 22539
3127 18483
14123 27466
27601 3181
8289 14695
2998 26015
10194 6115
17950 28093
23137 10530
15533 22982
12892 32710
3612 20430
23882 16245
27396 2690
18387 2686
3273 14658
19250 6662
20439 31622
4948 696
12880 26469
32926 15167
32336 27868
15111 26352
2182 6770
5025 6245
25149 9492
20817 20853
26378 15308
18676 27867
11440 11146
13736 8546
2113 24701
13080 9900
6307 441
3724 826
8613 3965
26547 31866
10342 13595
10404 4457
30148 13786
3803 4001
9569 17357
20579 13718
15239 30341
31015 10238
34393 6337
10292 6953
8850 16684
22690 12307
32593 24075
28075 6366
16962 25521
1712 32302
21340 12091
17447 28836
26874 27451
23416 7485
33572 29014
16181 34689
31624 34052
23955 13977
14 27319
10499 22769
21662 18369
3592 22103
16053 2759
25557 28644
28729 16071
32933 33700
30606 2344
3474 24548
21920 6038
10572 24870
21314 33798
12965 3025
2625 26948
27575 30825
22103 1812
246 3681
6890 14043
29539 9840
25315 33690
15060 18085
18224 34524
26046 5896
8897 24574
15767 23448
15101 18016
20120 8449
22508 17925
7513 4426
29151 22371
21609 23483
21951 10350
3317 28670
27661 3881
3018 9766
22886 16157
11568 31524
4869 32668
5779 2191
33078 7986
5237 5197
8758 8177
931 29465
17057 9314
11287 33470
12276 32460
30575 25519
4443 27812
28154 16070
24093 8502
30486 27332
24304 8031
28764 26495
8247 25104
28088 24879
4061 929
12589 31045
23330 28618
6673 20535
915 23544
21978 4520
21325 32773
31596 20345
794 12298
17391 29874
13530 17175
22756 15794
14847 15554
33169 9771
2246 18812
14469 16259
926 18899
18520 15090
33645 18872
440 10629
3877 18896
20189 2692
33454 15209
25738 22187
4168 3029
19651 22773
15003 24978
26077 29661
27704 28359
1289 8413
32851 1315
10381 12328
7215 17867
4791 21041
30419 30602
17009 30338
31891 3668
10353 12590
21027 23641
13168 4251
6286 21925
26608 21216
9288 20758
17392 32746
4116 27647
16274 33963
17947 1749
15350 25017
10579 24200
25535 12967
3694 3756
2934 13831
31779 13236
32779 13148
16037 9212
33975 24014
16235 20355
15858 9832
18649 14044
33660 26234
14862 12984
21780 19788
130 16843
2920 8400
2160 15064
34741 21936
3498 33488
6084 23568
28826 24633
10563 6345
2574 34045
30183 6515
14605 32242
34290 12938
32236 15522
2101 11668
841 33290
26599 21052
23807 27
10181 742
11598 10289
30721 21518
17155 21462
24745 34559
33610 24781
34756 29435
30031 30626
10231 9779
9641 12605
27796 4970
33322 6058
23622 30162
11291 26581
209 27272
26961 1828
27905 14618
23697 19826
10172 15843
3857 31363
13989 24796
3408 19318
14996 17624
8138 14749
20829 19001
12829 23365
13747 14988
31501 16613
16518 34918
11703 22328
13474 7988
17775 25203
6802 31919
33793 30294
23983 9778
18650 7313
27830 14177
19520 13807
26312 11479
30409 11035
14224 186
30324 1556
23769 32110
11552 806
12819 2464
7833 9135
34254 24487
12253 17977
18319 28218
32812 11585
24446 11868
11053 29649
8368 31361
9037 18867
32137 4357
3997 18051
5880 28260
1963 32496
30789 25410
8195 20261
23690 30740
494 22508
19570 33117
3024 23755
22064 8848
11605 4749
25270 22625
16768 7272
33254 24691
14177 7656
18347 3119
16814 4112
20965 5163
24087 25851
1256 15276
16960 16089
29786 34737
24314 11897
8956 27692
26883 23736
948 24429
12054 5386
28849 333
1444 4117
15763 19332
11208 14335
28897 13958
12189 22320
18443 15611
5151 15085
1445 19629
17966 11949
1080 4711
25441 31868
17150 7937
23874 7172
2758 25706
19747 1789
23058 3973
23298 24699
14571 25369
7193 5566
31820 19611
14729 4276
27987 17046
8795 6780
32981 21153
18647 33526
22282 9468
21773 19764
11383 12573
18537 23183
10216 15679
13 23797
21008 9759
18403 18927
13294 2745
31253 31302
32214 11299
33838 610
33536 30466
30269 6625
27426 8238
11613 24977
3180 25314
34344 19623
25761 31630
975 26642
22892 4832
17271 8502
30748 3282
25413 3142
881 8254
23967 24369
28569 22798
26277 4317
4365 1487
26869 3982
29077 24651
19942 9758
18529 25180
24555 27058
12310 6259
20927 32802
16991 13766
5392 17567
1322 8199
20680 4937
13353 31735
23601 20402
20158 19664
28006 25621
28050 2402
18362 5497
8084 11273
8950 34769
1600 23664
870 31545
33125 30440
13358 30998
34842 12459
14173 30618
28440 25304
31439 9564
32810 26184
529 12413
8752 7373
30582 3032
32239 10394
6790 28990
11600 11930
12554 12913
31898 5286
1903 18485
2905 31658
17300 29428
18691 7694
18150 26848
15416 18832
12384 10711
1757 10796
3410 15864
302 25122
34940 19577
10762 16286
10305 15844
16770 28345
474 30924
30792 27322
10956 2675
24085 8142
34691 8518
15094 16558
2299 16987
6780 28598
18043 28978
34746 6305
4270 19361
17410 9237
27260 19539
16843 19754
16820 32409
7950 14752
17646 28547
7568 10350
1029 14831
28614 5092
3025 33183
24771 20811
5590 26950
12235 32906
900 7168
26735 10262
1983 23005
26507 11592
26891 15141
23584 25576
3479 13715
13931 9938
1746 12716
5710 27219
24791 33340
30829 32685
10258 21209
7724 32557
18307 25477
31533 12412
32912 791
19012 10259
22150 893
16719 2348
15983 34433
4864 31630
5827 2839
18161 18042
15074 22587
13648 23057
3906 28647
3966 23540
11696 23329
26705 9999
9975 3325
29160 29930
26230 3263
10018 27417
16512 22068
19343 20595
14601 20477
32745 34680
30567 7446
12369 13520
10536 16849
10085 20006
8938 2296
16903 34206
33909 12404
6081 31949
24717 5793
34714 23500
9847 32755
7139 2087
7659 24777
11008 33714
8151 21085
32351 15670
13522 31351
30479 10371
20211 8777
16976 29080
29709 18157
34246 25396
5026 10822
12134 13423
3553 2780
29423 30722
14679 20445
18131 34772
4696 24349
13459 6529
19552 9023
27406 27813
19677 18054
5436 19307
29619 11065
33073 12831
3589 17201
18124 8582
15433 6300
8532 19205
15957 18325
6870 32833
9076 28302
20348 20240
28151 13446
24684 698
26256 9689
20075 25992
18265 20016
30374 2624
30834 13512
17907 31596
5932 15182
3230 5458
5558 34534
25340 31982
12909 9858
20797 1331
27129 30852
1367 15028
32215 4434
20628 11197
4251 31408
34046 11547
2892 28185
10684 22449
21118 31535
12268 19384
10369 14679
14133 23102
2095 29093
11972 21470
12699 34751
31036 19008
951 25072
6797 5463
29354 18310
24424 11778
18390 1609
23130 30280
27094 12533
5677 2017
31518 12462
6677 30457
19451 23723
20078 20481
22329 2533
24523 12183
23534 13003
29693 33550
14016 2484
6522 3104
1857 7550
23620 10387
26860 10596
16892 2741
775 27533
31653 21874
31001 28665
1331 26815
34415 7082
33525 15797
7554 32926
24136 260
21420 8912
14225 30820
32393 19014
28736 4170
18893 21396
11508 1133
27626 28996
18737 589
10321 24873
14189 10458
20704 31943
15769 8170
32231 27173
18117 453
33224 21540
27675 15586
26842 23669
19689 16060
9650 19851
21088 30712
31305 25092
19530 4676
11087 11627
7742 1792
8061 32901
28904 1707
20378 24379
2925 25010
8977 6510
22459 26591
34258 25729
31825 5092
26475 23615
3347 3169
10006 7959
20525 16543
3234 31900
17385 20435
14567 26238
17000 9437
15285 20910
8418 22027
30893 7886
1172 8840
32765 14819
31264 10222
31486 14926
13397 22583
18210 18836
28229 21111
18929 18033
13166 14066
4248 21984
4244 8073
29335 11322
14120 26723
25314 30449
53 5315
11786 20115
6534 27394
18292 9248
26847 4944
4234 33268
2129 24050
11237 1820
25022 19477
11536 8964
15097 34114
4863 29924
2403 30440
8037 23329
18673 2163
19277 21773
10450 18397
3619 12504
15403 9386
18537 4895
14193 22397
24953 3941
25892 3645
924 27129
19585 29389
8576 23181
16165 17321
29647 23648
24146 4226
13107 20650
1802 18008
30873 28173
1199 5113
18028 25002
26706 11975
27560 22432
19217 25229
2027 19364
15918 875
6840 13394
30891 1944
14065 28852
8964 6600
14329 32851
6529 24094
18901 26617
11742 32228
9646 34992
3242 26970
14499 17189
12292 30793
31358 27500
7880 953
19810 2121
8091 30994
12993 30166
11585 9138
9291 21084
1649 13459
7569 8164
30616 26748
19232 3811
25180 1708
27958 13574
25950 7459
27743 2639
23326 33484
6078 6103
1720 1166
17187 6691
31141 15160
25983 1445
17078 29268
5867 17948
31568 19953
18290 6619
22075 34131
14076 14709
11406 23698
29080 28404
15445 28770
27222 32763
27033 10152
19328 10991
5017 12193
8243 10683
16329 34439
11204 19514
30546 21300
28598 12164
32089 8884
32003 31170
27581 10037
11776 12558
19318 4365
1078 24774
3635 31345
27990 23991
4952 9650
8301 13019
8346 28480
15073 33485
11809 24133
23015 4834
24432 13478
19487 8030
33645 25816
1527 27043
22735 2953
3330 22139
2521 11397
30198 21278
8259 32873
10444 20704
22614 7041
34303 30300
3138 4667
4500 10790
18833 11148
8473 7073
20037 9116
21213 25613
10211 6375
14714 10627
10141 27692
16418 30982
7463 257
22029 16134
17525 34878
10269 15653
31998 564
34229 7005
13915 33378
1281 28057
2087 34199
34409 12180
17379 31843
33507 1066
25641 3403
907 23901
5705 34621
31419 668
3605 21034
20617 5643
23086 12802
29503 19773
4799 27810
33234 29958
12579 16683
28567 30650
29207 26753
25119 9055
309 2354
8741 21557
27461 21865
535 20490
12330 4216
31693 6949
18125 26512
18485 18823
34281 4285
22362 24520
25564 16224
29617 11019
25853 16459
26727 33549
29394 26666
24696 10604
14045 1062
34250 14155
4352 21989
23990 30562
24688 9899
4565 32170
1059 14773
33531 2059
14198 26892
20254 1059
10418 1830
34492 5583
29443 12159
32977 31647
23246 3075
25981 9631
33281 13044
7277 5840
10011 1528
25271 20955
22437 20115
16548 7351
10628 18093
12812 31164
6473 22695
34944 9409
5426 2179
25388 28734
4218 21240
20647 509
11280 17832
18938 395
4873 7621
33401 14510
12992 19678
26561 22674
24971 6792
13773 27408
22653 20153
34391 25615
18696 24570
5741 27615
29294 6651
2362 31431
24952 1140
18218 9387
31914 9763
25577 1653
31806 21246
23307 13193
1131 24644
27486 24622
9859 10341
14999 30352
9081 26146
15883 16429
14841 23330
20137 21382
9710 11146
5744 5740
19147 18873
7198 23807
3257 32664
1959 2376
33117 13586
30563 13799
17106 15949
11445 4539
2967 24644
27861 2085
16324 2087
19266 17775
8956 11102
6884 21005
29102 7096
29877 2349
18415 10830
2274 7752
23969 11071
6214 7514
7854 9287
29306 28401
7062 14459
29530 30369
29621 15588
13248 6808
34628 13602
27492 27377
31712 4624
16377 13235
6157 17555
9690 24395
32032 19871
22149 4224
16537 19632
9128 27056
30554 9666
8838 17458
24285 18064
2354 34571
11121 15280
29204 18117
4614 29279
23046 8366
20222 14045
14421 33205
14543 17556
34537 34702
31681 714
34825 18369
912 18017
30042 33618
17348 27117
20266 19826
20380 10601
20754 34310
16375 765
24703 6101
15788 2281
11102 18265
19225 15770
20050 26272
27769 18379
2707 21244
31122 19860
391 24616
2133 2364
23972 31794
2061 14589
22039 3731
13599 9220
23076 25498
30263 6840
9117 13730
6535 16618
5538 3225
2955 26924
25361 16598
30531 3634
31067 30908
11805 8458
18805 30742
5672 1669
19208 15291
14583 15207
10555 33941
9219 19474
15833 9117
20856 29258
8830 18636
8803 2977
10883 5494
34649 3829
16933 2727
10883 10103
12462 13576
15185 29999
19195 31237
27963 7797
2217 5463
23727 26818
23381 11479
32444 25459
22710 7927
20308 2922
21135 4579
860 3502
1306 9736
10936 13791
10906 17530
32182 22295
25778 5358
4292 8948
433 21546
32700 20460
34956 23137
6248 26708
22502 22222
28136 24913
33666 12421
34556 20565
15080 5840
24745 23021
26151 19586
2468 13421
14520 12073
15219 11158
19286 1034
25981 13325
25243 6772
6849 3429
12231 11180
25891 13651
1985 10150
2877 24263
34138 16667
27862 26104
2848 24784
21493 3682
12109 28495
7407 19097
12827 29709
516 32955
15491 34745
6532 22902
21360 3515
21647 2113
14044 3933
12014 20405
31669 21126
6091 20384
29196 17891
15244 18743
32970 15394
34203 16557
14809 25717
32047 17562
22403 8011
12920 21659
544 24709
33569 14668
1558 2592
17008 23130
18080 26205
12235 28679
12938 5705
26558 17745
21665 15109
33796 7718
29807 10734
15902 22511
29774 7139
14047 9563
12747 32068
22760 5410
5447 5781
13870 32304
14139 16544
17008 24990
16391 394
4654 19205
5763 9512
26195 6089
33478 23236
30875 34538
1700 2018
16167 12102
5668 776
13240 11341
16151 16344
31941 26583
9138 4429
8006 29697
32122 30788
27105 30260
30176 22009
12796 11887
3011 10148
25561 5900
2915 24078
32174 12567
3031 3047
34208 5672
11131 12229
10273 17514
26641 14737
24183 8862
11896 16043
17102 22702
17722 11154
27890 13744
13417 2675
31328 20275
16958 8247
18994 2679
2137 8830
32945 11277
22896 3570
9286 5631
27552 1408
19998 5039
34682 13236
30542 27419
23663 22815
8905 6013
15802 2895
8172 10166
27383 26918
12788 12264
28860 12311
23495 16095
10991 29396
9758 27686
12833 16875
28111 20684
2278 22181
27346 1529
22696 26950
15404 14045
9670 12066
20411 317
17281 22095
1735 25618
10930 14108
13187 7079
10039 34206
9041 18075
1545 25649
20425 3592
11025 7213
665 12670
10016 20352
24521 14998
364 21928
2913 20320
6590 9887
11313 6776
28627 14093
11667 15228
30764 16165
34284 22436
34382 4516
34928 21389
14580 18609
12905 2644
12122 6085
26392 20037
4594 11072
2666 25960
33406 24385
32702 14673
34422 23248
7721 33633
14847 15540
7003 32416
11961 33570
8683 18913
19579 654
26603 12722
18452 25158
19844 30705
20172 2236
23610 29051
25571 13633
18540 28756
8625 476
22481 3310
25695 28668
19767 1870
3230 30479
4715 8136
5003 19406
680 3700
16821 28309
33460 17344
4170 14044
28502 32399
11402 14318
12736 23497
18356 5057
11082 27453
18597 14867
16994 17005
26851 33996
12612 20015
23426 13098
7886 2895
33138 14786
34839 33727
14308 31775
31879 19522
22537 29927
12144 31995
12873 9566
12653 11286
9159 5779
465 27158
16448 21399
8356 20790
23183 3351
7079 15311
34205 28504
14984 13404
10458 12390
4612 15322
4074 31361
2274 702
10873 2810
924 13532
27576 3721
32951 32010
2017 151
1219 17429
17939 21426
29451 6548
1461 29005
28838 9310
27721 28465
24757 780
5771 14559
7559 23886
12046 32723
15918 18570
21061 6481
6782 25945
9452 13384
6513 20440
8514 16486
14984 34964
31593 14171
7852 27549
23353 11247
533 11328
11649 26499
1821 13036
20568 14644
7645 3942
13924 9332
26614 26449
29722 31820
28359 23878
17015 21119
6203 3939
33082 16375
18672 10908
8334 8504
23115 15796
24296 26
1299 17097
31709 17905
18892 32301
12164 19703
30072 15619
28563 29507
895 34820
5154 30212
7107 2949
3647 18756
2522 1385
16044 15200
9807 2093
31966 31797
4774 26109
6578 8456
21802 13518
8191 20704
23107 10425
5122 18650
21120 23307
29326 29244
7506 27647
20668 30610
8245 16677
24781 33088
12033 22943
32664 29335
11413 17525
13620 6933
243 30454
4660 16783
6974 23894
27695 22439
12218 15673
12544 16602
31201 4167
4830 20034
18183 13527
967 18331
32843 23440
3464 20452
285 13902
8825 522
26341 25714
23796 9176
33406 21631
5656 1099
26990 25914
13014 17425
13067 10291
20209 27125
4698 19765
22109 6278
1751 30887
32299 19605
24223 21097
1554 28565
4845 8283
28451 12736
15884 15484
1926 10903
1178 8413
29607 7294
1720 11215
32772 27272
19872 21071
19167 5596
23719 24125
21954 95
1424 6435
34426 20845
3267 31436
7853 20188
23723 6899
30257 20090
2031 1483
8428 13585
20345 19520
16444 21464
5458 23822
12866 25136
6415 34477
29385 7690
15057 7569
3846 33218
21097 34281
11114 16648
7058 17193
23708 28119
32552 10220
20412 21008
18733 27550
23213 17448
21601 32414
30602 5551
12623 4751
18793 30166
12383 6843
31739 27920
34212 34254
34561 18238
6251 26956
2101 33553
32092 33220
30240 8659
21488 7684
34164 15226
31159 31780
17772 12945
28905 22230
25466 26989
7274 8757
11995 8818
18436 34478
29436 32270
6627 20685
34734 1531
19734 9963
10773 26308
25818 5004
7526 29160
25257 34005
13188 15656
4031 4827
25693 21326
9491 7301
34572 27141
33076 2533
11954 9475
12660 10802
19304 30630
11079 24066
335 28726
13749 34813
7406 25911
11554 17249
13850 8947
14948 11191
28295 25786
21090 28880
10089 33942
20156 19833
19197 31722
9067 14039
7092 8728
15645 12673
12524 27034
16988 27430
22578 24172
3714 27551
16258 21030
10581 27140
21294 12792
7687 25977
16370 19402
34873 30873
6027 30797
10780 25151
26071 9617
14478 30095
1483 23273
9233 20776
10742 12869
17940 31503
15004 11344
346 19512
27638 21112
34561 12510
31090 26233
6001 21947
5800 31771
29834 30919
20230 898
5053 3345
524 7329
15080 23374
26726 19821
33510 19039
30206 21953
21572 19848
12220 16167
7774 13443
21003 18625
27155 29123
12612 5389
5011 29772
19090 24488
28770 25278
26717 23296
1599 25870
23234 11753
12393 5787
11067 12644
15060 19689
18689 34176
25446 12807
5403 12194
639 4350
34956 13504
5567 22380
6252 34534
6642 31152
20860 19383
31313 14636
32907 31446
18474 28627
6525 18783
14206 19564
13699 1774
13227 10036
4427 21273
33582 24011
5107 10151
31851 34720
20453 17586
2056 9355
17278 13238
32993 28305
16967 8062
11439 30778
32822 4252
22991 29322
2555 19142
21608 3503
28369 11521
5853 18454
32417 26846
14122 15166
4587 16200
3031 4519
13210 29108
10215 15077
11595 34062
8308 23443
19143 353
4561 20289
14621 31020
592 16895
30064 18354
22150 4485
12230 11421
12359 21818
13734 29616
12334 18372
10487 17082
32008 13645
5752 33886
21997 3903
31510 28205
27368 2931
27363 17784
1740 22124
22196 16995
31528 16395
17217 25490
5051 22177
7474 10050
28652 491
30373 7152
1631 15891
28244 29416
34264 29019
12075 28512
28913 23094
26566 6117
33546 6211
7032 5142
21784 34297
1227 3726
25313 27289
17933 6161
10341 33059
21880 32917
23783 30644
22170 7818
34869 5313
29112 24469
15276 17699
17158 1032
22196 26717
33391 7160
34912 32390
21721 15169
29850 29982
26497 6864
29678 31730
1396 3156
11277 15329
14117 32167
31954 11056
10457 31059
10746 22923
33467 20472
9131 5065
13714 8348
8521 4428
12638 29238
13004 130
4154 16997
3666 14946
7385 23673
6710 20546
905 30301
15316 9144
19780 17354
20118 32799
27926 23527
22595 23359
5053 23092
2047 28542
7551 2688
32953 8090
26178 27251
34336 2329
8130 12249
10545 634
11525 16712
30080 26753
30489 25041
32433 25177
8799 10150
17019 30370
13335 8823
34833 19193
10455 31414
31943 11087
7756 28355
24706 14269
16962 28341
12634 13598
7691 29614
9531 16733
33614 4181
16844 30046
33497 5492
21389 14717
15966 21340
20453 497
23666 14226
23211 25439
13412 34683
31075 7786
17259 31065
24903 377
11530 15670
1178 13825
17556 7998
32738 30921
3651 1549
34601 4076
17512 17551
25535 33998
7638 22992
4435 25358
1244 33782
4149 10131
12799 14946
1833 7589
4371 162
4382 22757
5989 1349
2705 21749
33773 7885
2975 15770
9608 14779
28872 13958
24285 19465
29529 17855
24898 7164
232 27491
22347 33389
1327 26034
23081 10369
21406 33593
25911 3273
2383 30707
23399 8751
10442 12749
29259 13121
16589 27119
24080 17679
30359 431
9322 12213
10712 19071
21953 34029
9717 34212
28292 992
27950 28457
29939 79
7644 24634
33154 17307
11422 11254
1037 32513
26723 14238
2526 31347
24333 8587
33818 23736
26478 5546
21284 30367
10393 22235
13582 30305
6249 9323
22200 23773
30368 5937
6328 22412
15395 18789
12067 31628
6256 17712
7076 14434
32543 1497
4476 6041
22920 3196
7138 9944
26390 12571
33954 5780
17431 377
16861 14101
18692 31176
18744 9380
28136 26939
33327 17461
610 26663
15258 25701
25090 19713
20853 3400
18518 18424
14656 12849
1679 430
12031 23938
16031 28620
16126 14443
17253 5572
9406 32782
17175 19561
6763 7887
7492 32854
11361 20713
3330 4628
22148 16294
30525 19379
23114 12517
22513 29287
28987 4211
31101 33763
11290 32587
14183 31710
30139 16576
29409 19570
6317 2760
20107 20667
16291 32077
20349 4464
2361 14014
34621 3666
6120 25305
33847 8777
27523 24175
25149 26979
29736 5088
23417 34326
32937 26978
27819 21977
32200 17490
3673 13275
9617 11796
2464 25150
19785 31251
8367 27984
30164 34725
19402 10705
847 15219
8669 3434
27931 21503
33455 26395
4358 30592
31657 5890
