700 2999
103 271
203 206
452 194
303 667
651 682
380 152
654 442
114 74
184 303
523 614
237 477
396 500
466 385
375 422
526 161
425 476
171 661
145 483
276 195
475 363
523 122
11 650
147 280
343 233
96 36
424 93
519 565
239 172
236 548
539 484
643 616
597 388
7 125
453 291
305 37
397 454
434 522
110 288
388 27
487 508
354 692
577 211
667 8
205 522
531 697
269 653
191 421
72 371
58 419
231 616
64 473
7 36
337 499
673 692
385 552
344 297
445 186
174 616
344 342
483 385
255 364
648 386
188 600
696 498
312 677
155 596
190 677
53 548
455 598
25 657
550 495
272 408
429 309
129 86
170 146
346 31
458 575
632 575
126 137
176 578
406 245
350 298
78 620
373 37
195 34
437 112
568 670
497 472
674 644
664 214
338 251
585 654
97 643
73 556
196 228
434 25
573 590
435 465
601 142
551 541
73 172
404 438
316 52
349 586
97 526
96 563
152 512
443 63
4 354
367 175
210 488
147 139
338 0
368 388
74 611
318 216
289 67
637 7
66 596
371 479
33 487
203 668
316 461
149 157
641 209
85 428
605 596
66 579
223 39
380 482
269 3
542 357
168 134
343 236
9 141
548 266
487 552
523 302
614 631
472 324
533 472
480 319
217 224
633 401
349 612
63 503
622 41
374 590
320 140
589 343
699 48
550 503
84 138
84 556
663 677
596 134
551 191
679 186
698 210
262 1
266 227
534 52
271 505
282 216
247 461
364 521
528 579
341 414
583 586
368 6
532 250
561 147
380 616
637 674
105 148
239 334
632 544
412 31
637 629
179 344
413 347
604 183
39 433
176 680
282 687
468 43
413 368
583 132
391 125
238 43
75 63
282 6
551 521
648 630
657 351
293 233
618 102
178 139
69 102
397 500
458 186
252 538
375 639
98 279
256 348
88 654
532 363
292 67
547 152
333 156
152 156
647 514
518 504
620 580
559 268
416 475
333 13
471 267
331 83
391 610
103 566
235 505
638 652
37 408
561 368
203 572
511 475
258 609
67 60
637 524
64 569
33 331
3 328
289 370
374 488
191 160
195 314
248 124
107 414
647 201
508 251
490 289
114 55
601 89
271 510
505 509
355 314
438 492
668 242
315 61
9 152
263 685
390 156
289 615
84 136
487 515
210 31
500 296
578 369
63 109
699 191
4 225
540 584
427 451
354 127
387 226
367 308
632 428
198 149
485 243
333 555
231 463
457 140
185 608
306 250
586 346
572 617
578 233
255 248
199 442
345 314
643 628
38 644
253 469
643 48
19 471
73 503
81 98
588 647
514 401
117 582
564 177
679 324
114 408
184 301
277 154
578 453
202 507
490 1
47 126
61 491
128 100
3 91
26 502
331 245
153 478
531 173
182 344
113 232
125 501
98 50
657 253
425 552
18 524
64 52
558 510
542 415
241 211
387 571
435 669
230 522
51 136
114 267
169 177
529 16
434 687
602 128
284 582
691 127
153 508
261 90
11 88
217 115
645 464
431 664
593 469
424 668
521 629
694 374
658 605
678 280
116 388
591 220
230 617
529 65
77 357
567 156
383 450
87 530
168 362
5 524
229 495
62 112
674 628
234 186
420 508
94 239
624 528
678 546
435 243
241 323
510 573
153 283
612 131
181 303
422 214
441 370
322 37
679 618
405 264
218 266
563 402
11 12
1 275
598 323
299 387
684 674
305 245
7 152
129 303
617 421
340 211
257 453
638 320
479 123
324 512
280 192
90 517
678 310
614 206
448 136
550 157
287 142
98 469
103 196
393 422
555 235
596 49
415 539
296 233
126 512
301 311
62 563
602 640
642 60
455 631
324 272
578 31
664 306
444 521
649 221
649 310
57 370
150 611
449 136
494 213
405 147
655 673
166 326
223 681
315 214
155 48
170 314
172 187
519 521
197 218
676 167
74 222
425 213
589 385
297 605
345 367
369 556
480 388
671 25
528 275
322 576
309 365
57 634
223 579
197 403
92 143
200 498
78 599
429 341
31 538
621 590
178 546
690 164
88 636
299 475
345 623
35 254
202 243
652 59
270 214
305 2
624 132
397 607
409 596
698 69
256 552
292 387
638 461
67 2
288 390
416 648
564 192
452 279
238 526
298 347
429 530
409 400
128 335
600 628
125 402
516 161
536 352
9 661
163 167
542 227
105 43
44 54
543 653
476 666
20 330
304 297
46 422
538 8
251 266
76 476
121 411
46 341
35 39
592 653
361 571
132 119
85 192
470 180
307 442
98 154
0 470
410 443
152 40
260 406
320 672
453 559
440 256
576 211
97 396
97 393
216 143
176 613
637 137
677 352
390 321
691 30
564 633
173 509
171 614
669 86
56 296
520 556
567 175
138 134
691 565
278 573
501 266
591 290
200 606
340 473
622 648
272 621
79 351
689 199
313 390
132 484
129 442
437 680
200 475
660 214
387 636
192 91
637 255
122 521
304 666
107 24
70 406
226 428
192 196
350 618
197 250
313 9
451 232
552 357
181 263
309 348
58 442
69 622
688 249
261 519
229 265
178 459
130 486
360 49
606 8
78 301
594 612
241 233
145 360
306 13
324 473
581 677
145 659
609 499
416 511
4 447
161 83
335 636
520 491
465 288
81 35
50 307
241 160
523 13
145 609
531 629
12 356
149 642
436 158
169 364
198 411
306 538
54 309
542 469
652 249
602 142
377 450
286 135
234 568
413 406
543 265
88 109
534 674
361 311
687 139
282 629
377 204
470 41
458 685
138 626
11 384
465 697
617 348
159 108
624 251
97 581
427 634
452 660
543 191
372 549
230 419
552 31
269 347
596 90
392 53
26 578
189 49
410 5
636 620
377 126
69 371
684 126
386 481
650 422
642 646
335 509
684 505
576 106
391 36
351 692
564 661
632 402
297 279
237 580
69 30
276 374
382 504
488 554
335 272
258 477
400 442
476 498
246 41
606 388
144 118
598 634
492 568
413 616
596 283
47 659
585 48
437 455
228 211
449 311
138 61
196 348
244 621
476 669
581 244
247 199
281 533
292 447
249 485
152 254
145 636
426 560
681 142
652 244
430 107
316 128
583 21
50 376
292 54
652 49
448 23
666 370
534 124
466 696
181 519
576 273
295 568
395 104
92 660
45 612
308 468
684 331
255 681
24 351
545 148
546 411
398 314
407 165
484 264
648 661
466 602
142 123
169 397
87 606
282 553
94 294
493 58
73 571
372 616
600 429
324 569
90 309
446 136
223 535
395 464
524 201
50 616
38 471
70 659
230 339
141 68
19 646
413 421
678 539
281 231
645 538
542 457
164 183
345 273
307 215
68 321
126 421
73 507
505 116
458 681
698 189
239 473
354 408
609 419
235 607
656 535
437 446
494 43
687 251
292 23
456 690
93 208
699 352
157 265
78 17
375 643
114 191
354 447
545 81
372 348
69 63
473 394
618 609
200 415
229 122
487 461
10 654
111 37
383 431
97 650
4 333
589 514
453 228
137 60
76 5
282 497
380 354
166 533
479 199
398 626
607 636
259 614
261 600
528 91
330 246
337 22
192 499
181 502
493 562
663 645
419 328
497 125
276 62
107 462
664 655
241 431
333 233
535 156
62 558
389 145
144 391
407 45
253 549
663 15
230 350
238 89
18 641
404 688
679 108
622 148
645 393
676 224
110 659
145 32
696 368
405 563
138 175
174 502
689 398
158 243
0 400
305 435
511 89
542 421
438 464
581 93
695 646
625 361
166 539
387 593
487 366
377 445
589 659
415 36
359 401
234 296
63 507
391 506
382 541
248 501
72 74
46 300
198 250
112 165
270 309
103 462
647 177
147 433
191 687
153 682
338 140
145 376
212 520
315 180
166 112
657 341
450 220
381 451
520 644
54 264
373 639
385 660
498 619
458 183
245 119
284 214
342 167
104 8
158 309
195 401
97 24
273 142
312 288
47 629
269 185
144 668
192 226
241 517
110 61
547 141
345 146
236 139
389 523
155 544
599 195
64 74
416 94
132 117
81 371
354 335
573 323
558 347
218 508
589 85
83 266
456 244
431 448
320 376
637 342
439 95
93 619
456 8
402 211
527 23
317 501
624 27
403 20
390 21
529 259
425 324
480 39
49 13
589 47
76 135
310 384
277 183
17 503
636 352
490 80
693 73
686 541
299 417
178 599
132 52
289 621
111 126
202 323
381 559
298 585
238 290
662 348
285 270
647 157
694 533
362 253
271 484
452 573
480 432
378 335
497 164
181 27
230 361
67 433
255 34
482 56
595 401
26 640
371 441
527 233
493 691
677 609
82 80
0 485
487 182
621 41
98 172
455 661
345 362
159 236
651 61
375 71
3 310
690 268
19 492
678 371
257 351
600 140
292 104
175 553
668 623
286 166
29 233
92 650
564 547
361 699
274 546
354 83
218 458
578 29
84 443
641 630
72 384
575 685
38 570
168 193
258 81
471 503
113 471
651 229
280 107
80 280
380 476
343 597
58 407
394 6
14 670
2 394
285 93
674 136
425 438
119 548
381 458
286 631
651 641
24 501
493 578
304 488
434 477
584 643
167 8
616 556
120 364
381 646
577 620
94 228
184 385
536 559
300 581
211 554
445 391
35 336
413 476
343 274
513 399
438 84
567 386
365 512
160 422
471 135
546 126
618 40
664 570
303 117
540 437
78 654
312 513
699 167
507 294
377 226
282 651
96 686
674 411
378 438
624 606
167 579
380 485
547 241
660 127
231 27
188 494
179 228
111 539
78 57
666 115
188 305
651 346
174 524
103 149
81 334
317 469
615 429
663 71
304 558
149 384
150 666
97 124
308 411
17 161
1 209
589 50
699 418
218 619
626 148
302 299
577 440
405 189
486 27
523 366
559 673
641 389
72 1
325 582
584 275
416 175
395 161
645 235
550 180
103 570
565 626
480 489
126 670
111 608
564 686
179 75
574 695
444 7
293 333
539 408
414 556
599 399
124 214
379 206
484 428
452 256
188 291
9 646
106 607
88 356
88 50
151 642
113 8
698 513
302 504
186 607
136 499
636 659
35 666
459 89
614 495
309 414
669 477
96 104
62 36
593 224
435 394
126 83
617 48
179 397
698 688
218 222
588 397
427 365
628 428
355 222
492 388
147 528
82 42
546 122
412 7
248 242
312 65
308 402
279 158
51 216
112 368
382 41
238 28
541 419
492 365
171 309
640 34
435 237
637 306
158 593
690 233
145 173
685 233
404 410
132 616
153 354
345 251
30 187
197 618
254 672
87 289
550 314
466 446
255 290
94 217
111 350
372 565
467 318
569 139
485 484
178 489
513 391
304 554
545 130
49 233
151 467
543 410
84 517
273 402
205 41
184 259
435 657
662 25
446 39
50 530
178 648
540 643
18 133
262 516
55 156
383 168
543 610
114 85
87 532
200 486
199 407
490 42
657 334
350 369
474 165
255 262
545 597
531 368
435 532
203 528
365 290
679 403
255 602
603 95
380 279
15 210
67 15
150 332
81 242
237 449
153 277
693 0
624 189
691 42
330 351
217 215
84 669
205 657
366 655
334 505
437 128
197 417
176 615
203 471
535 486
577 99
437 34
168 119
589 369
248 513
68 211
625 330
14 266
318 210
47 559
44 225
595 346
197 432
581 672
622 445
38 332
470 515
366 233
361 63
614 29
518 100
595 619
124 221
120 339
10 172
319 420
694 470
176 223
318 639
273 254
557 61
256 307
296 644
143 631
466 316
586 419
260 273
681 419
367 469
232 348
151 123
451 509
202 675
68 194
343 168
158 655
543 214
103 141
578 590
447 627
471 573
412 101
354 449
465 296
277 148
625 36
354 363
520 473
642 194
684 291
694 157
62 483
87 393
430 449
197 1
663 599
489 525
255 206
295 205
588 347
291 509
197 409
605 659
563 390
392 524
641 52
578 208
42 135
297 126
363 165
72 638
344 477
259 374
658 289
344 243
401 117
699 175
291 692
295 118
414 408
676 196
478 76
652 390
64 215
411 208
144 219
417 137
4 399
69 485
181 424
577 492
439 126
544 164
10 625
597 167
539 549
1 68
303 59
679 104
577 127
545 240
241 288
288 148
543 559
429 568
558 139
581 117
381 79
165 612
651 14
459 519
658 363
359 334
691 453
392 98
517 116
174 4
336 128
317 67
121 491
676 51
189 195
104 520
150 15
91 131
179 79
223 48
121 48
247 301
157 569
441 49
120 235
603 626
207 199
238 535
11 406
673 116
252 142
57 607
461 20
456 90
382 491
92 195
181 620
259 609
31 172
160 620
605 224
527 91
235 421
329 431
624 647
423 631
405 509
386 687
327 165
41 60
438 89
292 531
607 619
190 207
511 472
279 646
262 467
116 290
184 337
360 402
392 579
371 681
566 225
572 510
322 107
88 516
391 195
286 241
542 76
186 210
625 414
635 508
277 57
309 34
184 196
74 569
340 376
486 484
185 506
52 335
440 482
641 93
150 41
681 469
424 372
118 573
282 676
282 307
452 39
315 117
435 92
581 687
62 209
571 65
240 148
508 141
453 125
397 303
255 545
426 642
331 233
52 251
412 469
63 125
0 314
552 621
686 328
249 515
522 580
459 227
81 259
53 107
406 364
542 674
123 399
649 209
235 31
409 86
639 612
635 279
185 124
427 26
597 458
582 100
279 639
273 541
688 61
168 645
628 525
285 634
33 173
401 301
197 534
476 137
403 446
445 185
164 421
449 59
42 139
271 642
273 386
645 411
411 394
193 221
320 31
663 90
82 250
545 291
162 611
361 41
513 496
664 138
637 114
589 525
638 492
405 3
266 177
312 488
444 254
610 692
588 229
452 290
367 124
98 548
265 579
350 24
477 391
631 6
599 649
633 180
457 68
161 629
618 291
445 399
632 348
470 215
343 165
114 640
380 507
400 525
128 142
452 499
75 515
371 267
350 151
545 176
443 363
471 460
216 649
262 215
679 253
330 612
676 213
293 23
177 131
299 367
181 650
660 335
658 583
663 259
523 364
545 219
203 386
371 352
120 402
166 462
676 400
46 175
357 587
360 607
426 201
633 447
412 29
474 131
166 699
209 134
304 442
600 183
178 445
152 296
667 137
337 504
305 137
576 347
269 273
128 541
53 660
542 223
658 571
373 518
660 325
155 71
395 655
155 374
490 562
528 505
420 214
635 687
382 599
168 45
188 539
38 443
331 641
534 533
562 29
547 17
166 498
152 208
340 546
653 521
18 629
613 605
205 500
601 115
450 39
300 121
73 394
23 283
26 622
437 495
182 557
168 484
107 516
338 517
456 494
138 455
263 261
547 491
390 659
185 551
132 124
62 256
412 459
155 359
437 636
337 617
288 206
663 147
223 250
325 616
180 491
393 59
265 407
353 124
81 201
451 270
255 40
561 212
89 660
688 83
145 316
676 516
517 209
557 209
503 185
651 22
510 48
341 301
487 276
212 334
545 593
396 210
436 201
203 444
353 44
624 167
249 309
94 368
282 494
101 266
601 259
302 106
248 141
79 408
658 646
299 172
439 351
114 505
615 441
167 123
80 398
395 639
534 587
354 488
200 563
445 636
44 2
302 387
455 27
270 156
377 21
30 408
658 335
544 121
385 339
609 422
520 489
679 588
574 334
527 403
193 374
216 579
252 432
524 442
176 377
438 348
681 680
696 209
425 410
284 580
389 328
347 332
544 369
681 535
159 34
102 496
110 127
3 164
168 621
345 472
386 210
226 499
577 216
138 692
285 593
545 386
535 165
235 428
539 244
586 606
174 78
371 99
595 355
453 74
307 243
690 165
696 552
636 115
14 323
568 287
280 426
240 309
427 221
120 123
345 435
354 268
514 173
333 582
377 28
219 320
66 428
93 369
673 220
188 216
139 43
203 509
380 213
242 115
519 607
297 187
605 266
147 572
136 553
542 121
170 642
679 698
63 566
469 177
78 693
160 569
53 531
372 65
322 367
140 214
564 170
33 654
146 661
397 256
542 695
121 538
669 224
200 509
24 109
485 686
622 167
385 131
4 95
82 459
545 569
331 675
280 648
637 578
480 544
585 68
560 156
447 546
578 536
448 357
409 235
550 236
18 431
371 556
293 116
317 75
395 431
639 283
605 173
658 118
358 538
153 512
385 202
555 517
103 421
665 71
543 372
153 697
107 177
571 414
480 459
185 287
404 315
397 171
540 36
176 574
337 126
523 191
303 609
497 383
171 100
357 685
144 683
154 296
88 278
639 571
263 201
304 393
226 687
299 546
154 631
678 330
70 193
565 332
135 45
142 326
448 157
685 408
333 414
402 250
446 75
561 259
341 183
589 539
343 142
374 495
35 23
448 611
380 296
570 61
46 541
688 486
588 598
439 414
184 270
665 646
107 539
380 124
54 126
3 517
532 602
448 560
637 285
198 364
238 6
411 501
317 544
558 95
331 256
609 137
446 660
497 127
560 142
344 167
522 224
35 334
189 66
359 146
198 628
330 310
459 631
565 399
62 607
415 488
85 220
639 287
46 328
424 320
662 594
329 661
668 539
259 619
416 213
426 261
12 681
361 569
369 108
256 214
698 219
374 455
278 194
693 125
420 498
564 321
413 95
153 171
391 585
527 384
353 511
46 509
679 686
665 369
195 566
373 415
489 160
218 605
698 246
279 471
169 634
369 5
477 468
592 562
329 491
30 500
552 99
239 267
234 219
477 402
306 290
4 390
263 593
405 309
570 432
637 384
265 308
660 640
40 486
149 442
18 693
25 112
543 38
11 127
667 207
531 608
625 513
303 500
198 164
303 266
184 328
411 127
465 399
115 244
155 414
258 612
147 442
106 481
478 198
525 108
158 471
363 209
241 187
308 119
76 672
671 475
475 31
30 555
105 619
696 89
480 37
176 695
649 226
637 33
173 630
377 669
552 515
62 522
650 217
16 507
571 125
542 79
663 547
443 34
613 314
352 108
1 332
343 569
80 220
492 602
270 220
630 213
166 276
148 620
93 681
383 513
273 126
202 116
380 613
405 515
450 91
111 621
372 495
482 22
624 13
66 681
400 6
349 669
163 581
64 553
366 512
402 560
438 62
298 274
577 689
486 388
371 619
136 233
448 640
440 370
545 32
236 45
154 348
592 205
637 280
343 178
545 571
57 90
444 451
205 43
197 15
617 356
412 222
469 541
405 80
193 175
486 148
483 224
151 455
435 446
603 242
412 575
641 231
64 120
252 580
147 98
52 685
474 324
425 229
683 623
592 66
88 582
289 459
4 505
457 109
282 546
8 43
381 683
392 45
651 369
353 362
271 346
157 288
676 11
362 251
61 334
365 45
534 453
0 321
356 294
59 370
256 648
514 580
396 462
88 502
20 539
188 434
413 578
528 491
87 492
490 265
103 583
78 667
669 56
46 503
64 95
276 209
424 21
276 63
583 139
561 640
574 311
263 6
103 30
682 460
259 338
494 620
642 675
689 458
329 640
567 243
278 43
157 187
278 582
345 374
319 423
153 214
313 302
379 639
680 284
94 507
428 139
444 58
464 108
52 272
79 510
685 226
117 123
170 212
331 640
340 559
129 394
186 215
550 636
403 555
47 604
103 377
461 462
99 215
263 408
318 211
383 91
64 102
448 201
95 192
651 83
261 65
143 177
269 510
105 49
259 442
329 563
511 420
335 34
97 407
434 510
637 221
487 670
660 148
635 163
82 361
37 160
44 535
632 603
144 688
258 582
200 584
465 356
667 655
198 473
389 459
199 49
217 31
249 565
528 271
178 337
350 118
81 518
528 318
164 140
285 500
76 178
138 499
454 629
189 606
257 548
178 556
226 675
282 673
69 219
176 446
424 491
53 167
671 323
567 187
87 592
626 131
72 257
438 575
613 168
315 598
333 336
412 263
316 519
347 609
452 678
248 199
637 276
532 86
383 200
381 454
584 454
69 271
424 670
24 481
647 654
380 439
57 348
533 408
640 460
154 116
634 122
318 294
529 367
465 631
330 551
435 504
561 673
508 37
205 517
90 121
39 115
150 133
132 253
24 674
371 204
248 272
40 6
263 558
633 510
86 267
416 216
449 266
542 640
477 40
625 699
535 143
18 414
246 65
667 568
558 124
648 548
274 48
669 136
176 368
286 110
192 400
46 296
162 62
574 118
17 476
698 71
299 278
218 327
75 272
237 152
298 217
457 528
350 457
607 630
412 607
676 234
531 227
207 61
418 569
282 329
255 656
93 175
51 670
671 9
514 593
380 690
94 152
453 335
151 11
292 590
544 617
319 82
488 525
259 42
138 498
71 661
181 132
396 470
304 650
302 309
561 597
643 102
32 324
484 636
546 227
197 562
572 551
537 444
504 132
285 402
259 512
497 600
637 418
698 296
458 659
476 55
292 58
434 138
292 434
340 33
514 235
142 498
147 596
53 692
403 587
26 699
313 597
549 522
361 146
80 265
353 284
282 262
265 185
276 90
286 187
565 165
343 488
276 212
37 110
217 500
540 284
678 667
536 5
698 421
397 142
622 494
353 160
235 573
18 450
316 67
155 671
425 448
537 93
429 294
69 61
353 657
633 455
639 509
33 384
473 608
144 623
383 546
380 314
140 644
493 101
159 455
504 261
365 421
441 379
671 641
389 90
405 514
547 631
547 445
477 324
112 36
234 88
237 462
80 604
311 606
287 365
300 694
384 661
20 355
312 681
144 294
540 570
406 557
586 432
249 201
334 687
578 50
44 492
574 639
410 205
176 620
259 538
417 243
168 454
260 269
193 202
423 200
690 683
452 35
85 0
486 386
255 251
35 5
315 211
22 370
40 654
364 587
653 142
197 48
274 115
578 17
508 5
263 633
613 368
367 185
653 154
661 123
412 673
263 146
413 202
28 692
576 502
9 507
691 384
75 175
155 267
173 143
193 233
563 551
623 224
624 479
676 359
404 16
176 183
458 415
19 252
559 549
567 229
353 58
547 555
447 251
54 61
345 397
398 628
671 196
223 320
239 689
293 125
653 134
679 167
302 462
7 291
53 109
356 629
504 451
389 17
343 302
678 115
447 108
265 386
262 92
450 587
57 496
427 459
635 317
276 611
254 210
431 675
637 231
677 140
696 326
416 313
465 470
69 349
240 357
598 165
182 575
322 104
331 352
3 442
374 172
331 53
648 267
342 116
574 177
234 630
288 484
220 419
490 598
23 274
658 194
587 221
406 585
508 481
345 121
304 662
99 481
515 227
241 349
417 636
87 699
494 101
493 226
652 227
564 61
336 266
197 244
580 290
230 167
174 313
387 154
47 519
607 294
86 462
32 152
217 654
450 299
602 630
597 4
184 588
465 232
416 130
423 683
316 61
319 34
653 363
73 485
44 354
191 208
120 95
22 666
247 590
594 507
206 485
416 541
330 320
576 521
98 127
293 691
561 539
189 364
425 338
381 114
360 117
383 634
550 491
438 424
443 348
615 570
239 390
389 187
39 208
217 649
282 422
542 308
94 529
694 640
262 585
464 553
480 24
453 287
362 321
635 99
239 270
329 504
446 636
130 553
72 307
329 120
344 121
453 415
697 524
359 315
470 433
665 512
490 461
626 124
363 187
216 6
71 216
85 471
114 161
29 553
605 406
257 603
178 661
46 495
410 535
494 681
342 448
284 108
153 177
679 25
539 323
89 580
577 158
298 123
602 579
681 600
442 521
413 352
203 681
295 617
671 559
301 296
176 411
147 512
115 541
62 629
527 649
642 356
483 159
92 376
578 475
340 130
412 536
437 334
438 485
637 535
331 443
64 488
205 167
71 507
339 522
236 419
209 267
476 321
595 341
669 570
528 190
106 560
376 470
440 100
615 199
623 143
26 591
570 272
128 460
586 14
467 195
219 58
143 654
387 401
186 401
329 526
362 130
375 239
678 685
425 25
651 47
404 165
237 71
306 644
395 95
245 266
189 411
352 556
356 43
664 31
151 437
67 138
389 524
134 541
417 116
435 288
404 333
418 535
671 590
317 127
382 355
34 419
241 271
145 629
476 123
277 134
40 41
26 295
86 125
684 654
200 462
231 298
101 117
360 675
184 296
676 109
120 183
329 620
162 465
141 214
520 553
305 328
476 530
653 224
174 278
609 462
552 279
333 32
347 686
248 347
7 391
196 227
149 341
33 551
331 609
153 219
346 646
592 504
62 553
691 146
351 41
406 222
66 475
81 274
508 546
280 500
613 63
147 504
366 517
103 514
208 509
159 609
415 139
438 347
513 471
353 478
439 611
503 659
464 573
602 59
252 414
309 275
536 173
698 493
375 420
327 27
128 22
189 347
89 563
51 470
97 488
44 462
499 481
24 627
179 497
282 400
72 524
241 644
571 173
230 335
570 484
662 83
90 512
293 251
680 287
153 442
632 641
165 41
189 244
427 223
90 623
382 519
669 365
635 310
235 102
565 6
361 367
543 600
356 562
528 467
361 164
103 140
286 539
396 164
529 391
282 610
147 192
577 232
285 481
52 105
124 422
44 618
641 480
480 150
552 667
331 105
385 649
139 619
18 596
1 560
129 436
124 332
146 470
529 448
354 12
578 170
216 37
338 590
536 190
412 450
37 310
434 1
188 194
459 229
231 253
695 579
413 649
40 99
206 582
663 128
437 501
342 287
387 357
35 209
492 128
340 292
585 339
406 109
161 580
392 202
71 607
679 412
388 498
450 475
147 419
405 699
638 287
641 77
80 455
160 593
32 499
147 592
218 21
144 541
231 250
618 611
531 123
125 502
163 565
364 469
343 194
347 8
184 446
605 429
169 631
18 378
504 557
591 482
174 228
190 303
13 598
615 365
452 96
403 333
527 256
447 236
166 690
427 261
327 161
340 190
356 187
547 200
85 516
103 180
331 318
392 572
189 164
605 121
66 284
403 667
102 175
689 163
313 430
169 402
11 559
649 83
574 648
304 144
444 219
649 654
107 525
577 500
493 440
404 616
445 219
632 606
333 206
318 565
149 407
114 607
327 268
413 312
25 173
144 31
99 388
154 332
652 338
173 245
189 116
18 614
174 376
671 528
236 629
564 502
317 171
550 429
669 682
76 420
46 453
567 49
376 455
665 675
564 91
410 479
508 332
162 318
472 384
469 606
94 506
138 642
523 348
397 136
92 264
91 264
181 63
310 180
398 195
67 142
282 547
679 532
306 125
205 453
212 207
282 648
638 273
474 134
635 501
656 285
359 243
260 576
673 686
652 406
449 687
309 562
695 139
69 167
430 455
412 614
42 134
72 503
63 606
337 628
647 571
32 202
151 546
347 560
537 586
600 473
150 606
121 175
380 277
602 582
532 13
652 228
117 636
188 317
459 401
466 423
182 110
22 309
302 6
239 134
413 304
413 146
343 359
302 162
425 548
239 681
401 328
186 27
474 306
71 697
691 315
584 626
516 121
280 579
389 74
359 629
2 629
233 137
454 538
16 119
611 142
1 608
544 133
144 267
372 598
523 48
103 470
346 579
149 505
62 278
641 131
423 414
200 48
90 356
378 254
660 310
63 621
511 324
594 422
76 50
