700 2999
209 481
658 430
655 626
670 99
560 530
89 148
349 544
66 592
507 147
694 76
314 546
350 229
666 63
381 556
159 228
613 417
351 42
179 249
116 607
335 413
624 571
650 24
560 421
672 140
511 695
131 397
416 591
27 479
231 638
176 684
678 159
28 50
461 403
318 630
87 554
372 266
2 601
83 171
581 670
418 22
281 231
384 121
261 106
125 577
52 285
321 623
418 561
174 254
202 9
622 372
177 520
518 632
535 440
313 678
103 406
343 637
214 303
247 632
234 171
694 50
579 72
144 463
26 362
530 67
127 654
450 227
9 169
28 693
120 632
585 605
546 545
61 569
406 583
465 332
9 546
335 570
22 142
629 240
325 564
610 327
16 664
396 117
240 696
591 112
48 173
40 461
144 646
247 435
265 464
456 54
378 280
624 229
582 261
47 179
251 367
181 2
397 285
78 239
307 332
436 230
521 520
537 163
529 473
412 626
6 539
330 497
589 464
540 191
255 670
378 668
238 247
120 665
406 213
426 249
120 314
578 133
301 358
104 96
673 232
519 76
362 199
27 605
590 559
441 130
627 116
465 451
431 259
13 45
617 425
198 431
200 569
294 245
97 603
434 266
536 125
105 654
330 318
175 493
656 182
602 565
581 359
351 414
379 474
451 456
145 625
76 123
611 123
283 697
74 641
659 337
428 251
228 96
17 684
415 358
695 661
600 91
372 643
68 367
522 356
612 369
338 444
143 678
387 415
376 216
328 619
252 250
122 319
620 676
231 501
309 611
92 315
251 79
3 683
210 261
654 664
61 357
620 368
454 240
298 428
91 443
456 574
62 557
332 242
401 45
71 63
448 44
106 666
628 225
50 524
356 460
416 548
281 320
82 435
603 595
655 0
220 37
498 101
627 597
316 566
182 238
675 196
389 608
292 460
447 306
289 285
106 215
621 558
24 374
370 188
402 302
96 295
538 177
537 269
645 481
417 523
188 564
314 564
100 628
594 507
548 517
176 6
629 694
241 545
46 532
115 188
238 112
625 94
213 120
615 433
435 387
93 440
131 31
569 213
598 457
261 8
173 460
618 27
444 322
290 397
452 90
658 682
445 304
185 93
221 94
656 172
630 36
126 206
347 477
550 470
247 485
466 492
101 336
567 305
44 297
594 571
470 535
39 440
267 214
80 620
266 131
553 377
508 543
145 75
39 688
99 667
630 38
686 387
318 169
472 410
301 481
604 97
233 216
416 167
481 116
221 296
451 22
370 569
89 697
322 155
116 122
247 157
584 423
559 169
698 693
556 619
455 577
342 657
497 367
672 465
522 375
593 638
648 61
222 423
7 666
59 281
699 671
305 405
569 240
530 127
678 249
579 295
682 180
198 124
203 134
140 36
579 421
254 36
452 356
586 407
7 526
386 469
290 660
295 697
675 57
77 165
582 617
68 325
450 628
381 450
206 510
19 443
556 314
29 238
354 82
440 235
205 257
109 600
72 107
268 527
697 309
447 107
129 74
225 425
511 378
439 186
691 101
688 146
457 135
584 151
471 596
634 224
376 251
469 648
633 394
102 693
171 596
348 320
281 524
21 348
103 579
592 482
261 341
51 102
311 354
263 583
240 525
13 295
201 534
690 106
306 445
501 42
664 110
221 468
483 307
344 15
202 467
259 351
616 614
76 698
335 213
640 229
453 322
290 160
89 554
280 123
363 633
612 21
480 445
205 633
184 330
161 588
136 515
285 615
583 38
641 296
75 78
319 435
381 392
275 483
117 519
375 646
133 549
455 675
372 615
203 239
487 35
529 616
195 296
211 565
30 38
242 276
100 110
28 665
320 44
398 616
579 95
589 579
314 184
246 584
36 20
257 385
505 180
176 625
542 622
681 163
501 690
493 277
650 602
329 627
214 122
205 458
655 222
121 487
404 248
533 621
345 645
639 275
233 567
646 379
113 306
632 680
638 169
590 126
120 128
349 164
0 353
342 11
267 186
230 195
469 400
83 198
61 680
476 611
208 668
317 419
39 562
483 433
303 205
280 35
405 184
456 664
486 486
322 682
198 555
522 586
516 92
464 404
525 358
574 182
151 35
296 139
455 288
360 112
128 227
393 212
319 240
681 141
643 293
9 163
174 150
35 515
304 2
441 433
224 606
365 420
476 692
331 113
313 271
600 407
610 565
63 54
371 373
412 622
219 39
49 56
217 215
543 122
209 630
324 324
342 145
426 243
294 574
531 119
654 77
303 148
415 210
501 603
583 411
533 182
679 313
696 413
26 306
198 443
534 685
221 271
497 641
350 392
531 554
377 364
613 195
684 402
647 443
195 435
304 400
189 279
574 423
636 31
678 210
155 199
557 364
139 178
383 371
19 140
687 513
199 263
552 390
627 381
517 453
441 247
231 489
467 440
103 5
311 378
469 44
72 61
600 529
123 69
3 151
629 279
325 554
172 311
596 608
645 594
567 80
485 137
231 538
697 360
138 514
372 570
138 229
216 336
393 287
274 357
675 506
13 556
501 244
680 345
183 518
599 367
501 180
647 629
585 564
45 688
570 133
517 51
11 67
423 157
250 202
245 438
580 26
257 305
64 635
407 58
285 386
559 375
105 414
104 169
215 504
404 325
199 661
132 637
245 100
602 325
684 344
216 690
363 269
139 509
673 38
601 274
279 485
51 601
248 649
334 696
308 249
429 262
158 663
506 546
383 615
112 134
1 240
404 656
613 624
610 459
598 406
459 42
373 415
44 292
451 575
120 687
35 107
391 518
673 449
575 392
299 62
576 225
681 497
301 507
162 242
514 138
454 44
444 536
606 296
416 157
159 171
61 401
455 89
211 290
411 534
437 238
436 675
40 59
266 429
20 565
437 273
71 184
318 27
489 337
594 195
27 35
65 78
600 541
2 401
141 367
359 577
531 667
445 598
31 307
499 73
215 275
444 667
395 268
524 13
499 50
53 361
280 126
633 299
188 556
93 79
77 136
287 103
586 28
454 558
138 612
572 597
299 378
526 476
519 193
627 48
193 526
265 349
609 83
171 692
8 51
695 133
564 551
542 498
172 160
564 281
107 492
686 73
417 431
491 8
498 482
19 88
63 268
689 602
396 32
535 535
229 343
556 172
299 465
218 209
559 382
109 100
144 168
297 316
289 663
633 671
374 266
393 382
577 57
320 415
232 21
206 520
679 484
365 493
90 418
357 568
11 431
428 285
457 181
118 238
462 151
501 668
160 598
418 213
160 379
650 28
202 694
220 4
327 190
66 429
275 197
642 396
225 502
184 531
160 256
384 9
217 598
152 607
186 618
368 49
19 663
322 236
282 218
255 416
77 268
126 143
112 549
39 158
29 180
406 230
557 510
129 474
237 234
655 248
131 365
691 332
2 172
276 454
307 443
563 558
41 596
526 677
642 627
375 515
428 508
210 400
543 613
270 208
367 574
327 576
604 501
5 291
671 540
541 55
687 592
226 102
468 268
174 371
190 210
620 161
18 134
483 470
234 214
235 73
300 153
551 534
21 170
499 503
538 98
89 559
380 422
416 674
77 288
187 556
383 482
526 337
460 242
0 299
622 408
38 371
507 214
333 25
128 384
237 471
143 698
327 58
43 617
83 569
511 423
230 110
515 353
441 56
534 123
557 624
85 188
169 603
651 82
489 679
671 147
595 271
540 678
101 599
36 632
467 158
98 240
93 584
102 534
366 129
116 247
273 661
686 38
525 466
659 421
524 23
37 392
558 363
5 589
110 162
460 223
301 661
376 441
127 308
307 352
338 603
209 428
353 364
318 310
508 670
281 255
26 412
348 60
270 113
689 604
302 264
38 423
467 294
7 664
674 401
586 93
2 569
302 113
513 161
168 607
338 291
450 562
279 181
508 275
643 337
133 451
18 698
604 369
258 502
452 360
68 699
444 654
457 663
4 352
95 661
425 440
139 415
293 43
278 34
361 325
657 671
35 645
627 537
146 308
256 321
16 676
230 637
441 482
129 333
43 312
267 44
292 403
698 319
499 520
589 372
454 533
14 292
194 67
80 206
15 373
181 675
253 596
379 204
165 144
379 639
27 15
68 139
227 31
376 444
497 690
457 669
162 137
415 345
79 137
497 52
377 472
337 528
385 445
138 436
510 529
190 592
143 251
150 416
454 659
40 505
540 456
55 429
631 643
571 407
534 336
202 567
451 328
339 75
192 593
323 211
643 212
166 669
621 428
539 446
267 399
576 223
426 642
275 232
426 365
660 420
316 437
634 586
690 594
310 407
255 307
433 603
482 628
496 544
639 522
491 68
277 604
662 311
319 566
70 646
7 159
449 652
85 591
397 442
624 25
369 542
449 27
339 199
674 383
567 407
611 457
74 461
30 614
408 299
475 531
532 447
550 309
560 9
155 307
127 462
447 322
677 238
159 285
355 266
138 132
632 578
291 691
589 236
649 15
138 99
193 145
575 536
668 270
672 364
304 75
287 421
11 580
438 632
89 141
311 631
363 60
612 224
107 461
330 323
606 219
22 154
28 360
237 32
62 193
342 232
5 286
28 469
315 203
40 499
384 255
428 224
155 520
461 602
73 7
580 359
591 136
335 295
608 216
423 513
481 691
523 119
671 605
308 212
150 397
423 480
647 398
437 257
225 91
172 86
586 557
331 558
278 385
22 565
139 218
127 136
611 532
683 278
577 119
561 169
454 230
511 284
599 294
551 157
616 344
34 500
293 541
507 437
460 547
447 541
338 11
593 297
510 627
584 79
360 300
674 600
654 568
115 224
484 429
471 104
422 400
526 665
38 404
143 367
293 80
618 462
588 317
252 668
216 517
640 646
252 447
46 530
656 612
33 202
112 309
545 188
161 421
693 152
318 64
24 642
179 537
40 355
434 653
16 352
552 316
420 459
115 334
54 130
297 611
175 53
116 326
684 537
182 591
188 320
443 261
269 224
659 469
656 47
191 319
80 193
190 63
527 119
408 270
18 335
680 55
6 388
158 339
359 654
654 79
241 513
416 324
521 393
147 672
271 285
470 200
355 119
293 17
272 3
55 21
575 159
448 423
399 626
61 112
460 147
174 317
363 470
67 563
551 549
435 7
274 695
551 446
480 654
651 253
469 195
326 670
99 512
629 684
578 500
200 355
278 561
206 313
123 17
319 475
369 133
327 355
681 655
229 253
450 637
98 97
384 12
457 517
62 70
686 406
505 668
487 542
523 486
202 327
540 666
200 445
509 493
69 153
306 646
257 501
13 147
49 43
661 465
546 310
563 385
554 340
22 536
158 661
579 555
588 407
300 495
357 309
65 634
441 637
65 122
357 71
231 286
127 283
223 277
125 526
570 444
631 537
171 133
225 2
567 363
392 340
274 496
377 377
6 274
90 39
361 409
228 67
200 27
363 169
504 127
140 178
638 419
343 349
380 650
226 115
439 71
15 24
228 25
304 260
96 388
490 339
472 158
501 468
138 198
286 110
52 364
15 92
693 407
307 302
118 75
691 621
444 99
547 418
452 475
491 203
410 344
530 408
2 689
116 461
271 385
620 660
462 193
572 42
678 460
280 364
82 527
616 388
118 217
14 375
485 351
579 607
274 664
447 276
41 442
621 584
205 521
28 91
388 104
595 548
678 307
117 293
180 616
91 127
614 158
410 674
363 360
358 643
522 647
58 131
516 354
387 598
649 197
425 234
87 533
181 538
662 219
206 541
379 655
49 628
602 278
465 166
45 648
429 363
180 287
691 304
251 561
379 151
14 240
354 4
437 443
14 49
187 149
12 518
45 582
589 222
288 278
96 666
562 621
485 150
603 473
356 596
677 437
636 523
190 195
209 314
666 99
598 167
304 460
97 236
94 680
468 598
427 517
35 632
442 616
261 307
221 690
333 304
51 250
75 453
628 601
239 594
511 669
160 124
416 353
551 212
502 478
292 414
30 75
307 155
113 365
528 538
244 17
324 542
7 433
95 607
438 22
327 477
473 463
665 514
56 301
476 451
262 124
160 434
179 128
385 321
260 92
106 69
672 556
370 195
405 678
489 522
638 14
126 625
672 482
433 409
62 76
296 236
129 28
349 616
84 449
640 51
361 297
355 321
483 573
622 53
680 601
590 167
272 404
436 526
640 67
637 239
415 96
597 240
93 209
108 340
59 70
532 378
574 326
102 498
132 560
621 481
19 603
150 21
123 428
233 528
341 114
353 652
559 410
10 258
190 453
126 691
683 404
230 49
11 510
266 300
228 238
504 140
395 86
156 655
444 181
564 610
592 213
317 665
264 496
476 332
620 555
655 522
670 600
532 671
337 91
531 612
599 2
28 18
53 95
165 662
454 506
98 462
259 10
644 335
143 657
349 445
267 78
498 5
382 47
393 214
131 426
177 328
255 203
636 170
208 278
103 198
588 644
280 513
350 572
381 268
332 99
134 362
575 583
489 593
204 177
485 253
581 508
85 133
597 395
603 342
540 252
671 299
246 560
559 569
147 371
429 120
453 560
323 255
195 89
115 75
340 611
150 570
60 244
596 218
575 613
136 333
590 594
283 364
442 630
346 444
577 482
377 205
94 397
602 355
66 369
208 610
235 286
402 35
166 324
179 61
5 299
572 54
206 683
304 638
85 264
216 479
451 527
123 337
580 106
385 488
164 668
699 246
248 532
554 286
75 222
105 57
422 512
170 594
266 304
501 461
253 62
270 259
533 561
635 137
602 149
447 422
438 260
228 399
318 318
604 13
121 134
232 351
487 389
224 648
98 529
624 695
344 458
362 275
200 53
375 314
430 66
221 91
343 142
370 522
532 453
404 333
251 382
33 470
447 540
365 254
274 557
293 422
106 486
299 265
118 10
275 604
143 160
557 268
457 398
534 139
125 301
139 473
169 54
199 297
662 96
398 692
112 108
204 285
453 238
638 557
640 690
247 198
394 151
288 455
85 437
21 83
190 184
288 628
178 341
231 513
434 211
359 621
653 450
104 621
92 151
556 323
92 97
699 512
676 160
636 406
484 334
176 205
585 469
293 528
601 523
402 326
584 47
530 190
230 305
596 618
38 437
76 162
466 252
124 125
456 235
141 297
567 352
286 60
234 258
435 611
247 75
6 422
274 301
373 94
567 633
579 129
532 439
120 192
534 133
399 247
589 452
398 448
244 3
267 115
415 360
231 619
382 2
4 233
422 236
9 53
181 583
277 27
125 456
648 242
401 531
348 580
453 249
373 13
120 268
509 41
263 21
536 67
87 587
692 251
495 424
219 261
156 204
319 639
506 93
144 627
141 576
218 621
156 662
564 477
326 343
602 291
25 423
192 61
510 430
575 612
472 254
542 598
80 247
29 119
397 31
628 663
94 454
588 97
514 396
318 73
644 634
470 501
541 240
495 86
158 23
380 400
607 425
456 452
191 607
321 35
175 19
393 228
596 475
106 588
506 645
146 222
50 651
5 672
327 434
161 23
59 102
655 466
682 338
127 41
167 573
447 294
396 567
8 280
20 497
243 10
258 155
74 118
575 606
242 640
663 608
385 656
350 383
403 463
574 58
211 510
519 169
14 486
645 274
305 593
628 677
362 530
73 337
318 610
637 346
348 277
325 126
365 491
89 131
125 502
591 48
98 430
319 126
12 533
78 543
452 60
443 92
418 451
218 558
313 53
696 595
614 654
685 375
180 490
249 431
534 147
448 0
349 559
155 522
595 194
128 46
101 640
52 323
289 101
537 34
360 18
356 51
683 17
96 287
242 654
33 218
416 354
530 222
649 199
690 663
674 620
393 540
498 179
501 143
520 344
151 689
547 547
661 22
238 35
545 123
159 369
307 415
509 312
138 322
378 281
231 307
672 427
10 206
403 12
423 658
398 62
355 2
430 41
680 620
1 225
461 87
159 540
389 598
526 254
447 437
277 30
205 468
66 501
482 390
287 574
650 167
139 488
638 665
56 587
680 626
584 235
267 279
494 539
430 97
464 141
531 175
560 361
507 66
246 150
595 457
483 637
329 17
98 109
560 388
80 685
339 122
668 324
538 687
118 117
191 477
663 51
535 609
416 521
575 181
194 453
304 613
47 69
156 675
259 558
14 482
67 451
385 503
461 38
623 41
642 686
402 467
521 384
438 198
415 653
217 633
170 370
438 269
392 640
372 670
262 595
55 419
686 407
24 602
306 44
187 261
63 587
272 7
69 561
401 223
438 126
44 280
524 144
60 92
78 275
492 493
116 624
485 40
20 196
186 475
512 163
693 402
673 346
660 576
674 240
13 505
291 388
598 202
36 41
23 635
209 637
135 151
645 41
529 471
236 480
262 192
182 380
278 56
463 331
177 539
587 35
371 604
368 27
80 116
94 314
693 217
89 608
266 68
3 268
74 585
44 699
618 680
200 466
473 267
321 599
312 156
232 579
496 52
347 449
443 87
179 78
670 585
499 572
77 303
11 562
489 631
164 448
503 649
507 23
142 633
367 463
143 186
488 492
21 397
569 641
524 652
381 375
649 11
216 90
2 660
562 405
678 336
17 97
697 426
254 220
312 0
31 61
451 144
563 168
674 527
297 49
442 364
104 195
688 251
561 368
379 396
293 473
465 455
91 83
175 468
616 86
637 656
167 48
257 437
245 429
596 637
624 328
136 662
619 452
605 419
180 640
49 583
647 285
407 5
635 559
69 673
213 222
593 29
407 469
173 138
534 19
388 479
536 138
660 618
567 158
326 259
438 63
215 645
241 336
693 283
320 255
140 469
150 687
253 246
569 176
245 584
512 589
273 30
454 242
304 307
89 190
66 484
552 127
79 349
685 535
35 101
408 55
436 610
169 91
523 287
64 471
520 4
168 448
242 307
665 614
548 202
162 141
516 520
560 38
405 635
321 66
505 74
592 144
556 64
524 183
602 654
223 325
17 293
342 641
85 357
365 348
48 107
286 187
459 72
279 510
304 128
9 258
315 362
668 442
324 40
392 496
269 38
311 156
655 663
501 150
584 127
484 76
410 448
646 551
252 422
535 57
543 168
42 645
413 633
45 255
550 340
668 266
538 352
183 551
354 547
560 506
515 589
696 589
267 469
258 119
526 202
589 282
559 143
75 209
627 188
87 474
438 43
500 151
272 436
449 289
554 492
199 539
131 306
401 173
449 132
167 325
504 505
380 31
52 557
455 304
217 299
124 396
165 656
133 142
159 564
388 49
206 522
254 184
449 72
30 627
661 182
365 694
184 280
373 423
16 457
293 156
164 81
651 426
107 73
693 99
411 658
380 324
16 500
338 138
211 340
370 429
160 215
488 367
678 40
650 19
477 421
324 521
92 417
376 403
361 350
219 192
561 223
497 528
391 147
450 698
550 281
588 312
610 393
558 301
124 613
262 194
266 74
661 683
276 586
236 492
254 402
584 12
55 389
120 229
40 513
93 81
344 464
472 46
491 333
532 298
216 602
347 256
58 248
257 652
461 376
258 634
551 292
447 14
55 418
678 413
2 577
108 579
273 633
495 540
43 313
245 60
541 685
495 40
143 43
244 495
348 269
69 261
632 18
31 203
275 376
450 3
201 46
357 431
574 550
586 366
97 243
550 529
3 374
593 513
173 636
176 528
317 436
699 26
660 11
401 434
61 105
620 696
662 148
221 657
333 642
519 429
36 47
608 79
205 616
248 222
667 220
300 550
438 654
370 606
619 325
336 197
568 569
456 250
389 83
482 57
202 414
460 347
614 593
46 492
688 642
283 143
171 559
495 633
401 399
599 151
274 294
261 421
661 228
500 200
16 14
501 642
593 133
402 132
366 154
321 499
690 59
272 405
114 554
213 303
105 238
232 542
5 484
583 374
467 427
554 364
71 460
132 504
475 527
109 117
214 631
457 73
124 227
356 376
79 168
293 32
228 631
288 298
455 657
238 564
128 352
531 70
659 273
592 67
127 282
337 391
673 140
333 213
441 413
228 469
278 507
64 523
249 245
240 670
295 621
688 471
608 395
67 441
473 223
265 213
179 182
86 22
620 196
4 257
411 394
667 134
504 564
618 678
4 432
615 232
453 209
510 469
266 523
658 197
153 512
44 237
548 674
240 390
440 675
495 61
383 542
394 292
12 460
606 353
73 302
147 486
453 385
407 582
467 591
298 186
196 115
593 660
47 128
152 616
187 68
400 507
490 493
299 534
155 526
371 2
689 58
291 650
200 675
322 620
419 674
265 108
348 500
562 427
587 152
50 687
564 636
313 386
182 648
558 524
466 505
598 432
627 351
613 73
591 431
123 451
478 435
13 585
96 66
594 634
1 539
85 419
372 655
72 269
415 418
159 114
415 447
137 198
410 699
410 145
522 394
111 555
140 85
138 687
599 477
511 54
440 202
254 279
44 460
618 690
353 73
487 351
625 268
24 236
512 423
366 378
666 519
120 684
307 462
134 163
291 124
290 600
529 600
268 49
16 545
420 597
653 447
549 430
32 694
607 63
518 280
346 232
697 301
100 380
376 137
654 166
610 603
73 283
28 502
66 200
689 686
674 357
569 615
501 697
633 286
26 125
6 188
588 70
466 640
49 12
493 375
682 155
28 285
598 25
331 668
249 107
223 550
345 613
510 57
190 248
231 89
169 515
73 461
489 279
38 465
489 653
121 531
261 662
155 583
285 83
676 525
194 187
28 628
323 534
312 628
308 401
523 33
568 393
180 44
199 508
203 464
597 469
441 336
232 7
392 515
285 412
473 693
380 63
485 209
404 215
289 611
573 184
559 587
659 37
218 171
591 393
540 14
617 340
462 329
603 487
403 438
583 6
398 12
90 173
7 478
502 424
445 576
304 51
603 142
189 156
283 470
538 396
26 547
386 381
424 243
295 299
552 446
553 383
194 524
123 354
540 687
110 655
606 105
75 350
335 64
374 106
433 37
175 87
24 607
487 324
153 141
538 371
504 656
329 423
215 138
615 280
448 45
397 695
125 580
103 82
113 31
189 386
258 652
692 97
521 123
43 367
206 208
263 331
336 147
680 86
366 262
384 20
290 595
195 600
100 596
99 71
245 178
190 360
134 139
513 16
354 482
653 361
39 380
55 624
239 516
626 501
152 370
434 149
558 93
93 17
267 174
552 242
332 528
374 530
332 573
667 545
280 656
84 74
13 476
361 694
443 86
11 565
117 469
98 679
646 638
449 617
478 216
605 242
487 426
593 421
70 613
16 402
81 25
27 693
583 43
514 364
98 222
563 254
197 530
266 593
261 699
51 129
112 20
392 43
543 350
439 479
309 261
316 381
384 318
257 465
459 318
520 454
199 307
617 585
617 440
87 166
265 407
621 509
697 462
151 473
611 522
406 44
24 570
465 682
262 242
367 49
339 552
276 60
559 457
69 696
165 674
104 267
458 681
379 19
5 24
588 594
577 28
407 185
443 662
127 453
143 207
78 538
611 675
567 552
195 431
579 73
436 529
484 476
459 608
6 198
599 688
515 203
341 287
218 237
160 2
451 37
202 7
585 662
431 228
453 10
695 61
267 375
312 665
422 666
38 536
665 393
44 617
348 309
431 225
577 209
317 298
452 334
635 172
106 207
374 85
236 327
222 649
689 399
511 13
156 644
688 11
164 245
657 552
233 325
274 549
607 180
49 248
9 254
310 99
655 394
468 21
411 530
346 440
491 165
74 688
43 353
349 9
181 355
456 517
332 359
509 169
240 338
126 93
386 363
443 529
156 89
642 584
540 471
336 626
629 466
485 126
130 556
178 688
162 295
332 487
303 617
488 568
54 539
224 218
457 155
692 112
300 59
501 439
624 308
316 85
102 290
482 7
338 243
116 544
359 124
65 34
92 235
185 79
526 577
17 643
405 637
491 207
271 480
441 265
495 320
223 479
578 633
672 439
338 1
287 198
443 36
153 646
324 20
113 579
426 210
390 175
321 556
653 73
633 641
92 606
254 456
693 587
285 194
57 542
169 90
149 299
560 404
309 204
267 578
338 226
270 187
478 17
27 283
524 404
185 534
1 431
569 79
620 71
268 692
442 165
119 562
432 319
20 173
309 472
558 45
318 405
73 572
175 292
501 8
103 194
160 599
42 163
296 649
598 49
378 361
70 389
312 279
246 532
368 640
481 39
288 415
677 225
464 200
48 20
410 363
166 223
478 521
622 150
438 696
515 124
210 563
11 697
108 414
424 682
341 415
615 603
207 260
201 2
680 93
542 408
417 365
105 552
122 580
535 589
142 592
292 696
125 547
149 627
543 157
686 508
329 27
301 324
476 21
526 183
465 445
507 228
652 90
658 259
638 346
410 338
698 473
317 673
154 120
509 605
239 255
424 339
370 28
310 551
89 77
464 254
434 494
446 686
514 191
456 665
147 474
137 362
324 305
211 377
113 444
592 523
198 283
472 549
376 541
672 697
190 472
437 355
63 618
191 383
235 350
639 486
416 484
419 521
661 80
486 251
273 455
610 267
118 417
654 499
558 431
50 29
50 51
456 578
127 281
294 489
456 463
455 203
481 515
171 33
547 61
281 37
693 495
507 35
468 257
19 568
195 377
650 358
274 333
361 159
170 407
71 540
91 323
697 547
617 441
157 164
170 571
519 221
211 166
465 433
588 84
50 386
121 530
293 328
131 95
639 572
110 480
442 489
263 55
543 69
2 282
429 86
37 159
522 456
25 671
549 106
238 538
382 370
543 189
74 186
110 681
281 35
632 575
397 279
320 571
664 401
534 244
256 131
483 680
125 405
547 180
203 152
36 534
323 641
163 507
556 340
570 400
504 152
562 552
227 663
695 334
464 509
214 524
677 618
271 43
407 104
461 214
569 21
268 498
371 611
87 428
98 652
357 553
33 226
608 162
81 307
271 668
361 77
41 200
441 64
187 547
609 266
367 85
670 246
92 224
331 439
567 5
170 82
454 198
386 692
290 34
156 328
654 510
192 4
526 522
479 304
442 383
583 349
565 98
85 93
557 195
120 689
232 187
385 117
8 311
621 522
562 137
552 641
588 367
659 110
508 640
485 412
6 411
386 199
39 129
42 676
115 54
584 479
53 589
465 483
690 586
223 444
400 30
378 63
89 548
486 628
616 35
34 693
424 291
650 279
318 297
27 435
474 515
80 37
402 241
98 174
350 482
483 429
336 604
691 272
57 629
303 557
281 497
6 168
528 560
209 335
649 177
573 112
407 94
96 141
405 218
345 371
82 101
579 75
31 33
246 361
392 516
180 539
485 164
659 241
78 606
642 436
61 682
179 255
223 231
199 186
572 521
120 495
664 568
590 204
92 118
558 26
482 241
338 372
153 481
564 303
596 215
123 382
614 565
698 10
615 463
350 573
238 348
684 489
664 685
477 81
551 451
56 192
480 273
693 314
514 333
152 466
121 135
269 633
503 510
76 651
650 386
421 402
270 248
288 489
17 170
338 550
166 480
555 425
343 434
154 43
551 258
280 645
697 698
299 288
125 202
630 7
629 409
414 487
67 427
531 173
622 358
683 377
536 408
203 186
18 610
427 218
430 252
465 4
516 464
280 319
375 205
617 580
681 5
