10
18
19
46
64
70
72
87
97
103
111
113
129
153
155
169
174
78
179
181
184
188
197
203
218
230
238
247
252
257
258
260
269
281
282
286
166
293
300
305
322
327
329
120
340
292
345
350
151
353
44
54
358
373
375
378
380
277
57
381
382
392
395
396
404
405
3
409
413
304
144
312
416
94
239
313
425
427
26
295
430
434
435
237
436
438
84
424
439
452
96
456
466
474
478
198
149
490
497
383
511
526
527
529
16
534
537
444
540
437
542
76
79
457
543
38
372
410
550
561
564
567
576
577
589
343
178
337
591
595
601
624
625
632
603
635
317
637
33
114
85
255
248
262
1
92
487
182
276
344
297
342
545
81
35
176
223
240
377
28
518
574
597
4
354
449
613
168
193
362
130
638
273
492
651
47
652
656
285
658
118
289
583
605
615
662
594
663
147
98
259
338
547
241
431
448
23
572
592
205
599
645
393
464
653
664
306
665
668
242
671
9
528
467
676
11
12
51
234
88
359
406
650
678
679
25
104
403
333
336
412
7
263
446
75
450
532
588
397
171
602
618
633
447
647
514
657
684
331
53
443
531
641
77
231
298
217
274
389
145
32
152
254
316
67
2
128
138
360
461
20
330
355
463
480
39
150
15
319
82
80
280
107
24
351
361
420
423
200
426
459
229
508
141
516
523
302
106
162
62
112
299
278
318
366
367
387
154
417
465
483
159
236
385
202
504
132
52
105
253
261
451
232
270
519
544
133
546
126
557
558
95
192
91
196
584
454
604
614
617
627
643
674
689
163
398
458
575
581
93
690
683
693
0
73
400
694
157
265
308
374
495
533
472
695
696
89
368
563
660
325
640
698
69
63
71
109
189
66
164
216
37
110
246
271
288
347
349
364
371
204
390
21
441
379
206
479
493
440
256
482
22
507
510
513
552
279
158
357
471
578
17
50
161
170
212
307
369
475
363
476
55
503
520
489
536
5
190
303
59
586
14
346
587
596
90
121
411
616
622
445
185
186
219
58
320
376
455
494
101
551
623
639
283
571
65
173
245
119
642
356
646
648
548
649
310
666
370
667
207
199
49
13
407
655
669
56
86
136
477
40
99
324
391
195
314
401
468
506
566
225
570
432
585
68
194
321
339
610
672
677
609
462
681
600
140
429
341
183
301
311
473
394
530
568
608
628
670
680
284
682
460
685
226
499
675
688
83
249
309
275
348
414
485
243
562
29
691
30
42
127
135
146
315
61
117
334
384
453
74
125
222
228
287
291
335
34
272
365
45
402
211
250
415
36
470
180
215
433
491
500
296
233
137
501
502
512
515
539
408
555
235
102
496
505
517
209
134
267
559
268
549
522
560
565
573
582
100
598
323
607
294
611
142
326
626
124
221
332
630
213
634
122
644
661
673
116
220
686
692
697
524
201
699
48
167
123
175
191
160
208
399
418
421
422
214
509
535
143
156
165
486
148
386
210
31
172
187
481
484
264
428
488
525
538
553
554
569
579
593
224
469
606
8
388
27
498
612
631
6
636
115
244
352
108
541
419
328
556
620
580
290
621
41
60
590
654
442
521
629
659
687
139
43
251
266
177
131
227
619
