732 119
475 706
443 146
239 420
530 518
7 645
416 316
598 36
337 680
716 72
137 526
431 465
569 180
357 565
647 339
391 311
681 133
408 391
402 647
202 324
556 332
236 240
647 102
275 375
173 383
447 310
300 269
42 136
448 398
701 487
128 483
65 200
7 596
714 409
510 183
732 334
638 235
697 677
336 363
443 633
13 281
210 436
549 251
572 389
41 664
143 292
414 331
492 544
194 473
220 96
48 343
553 685
578 517
21 305
147 464
205 284
12 538
719 561
57 682
341 97
613 483
388 418
81 271
230 398
12 449
493 183
60 313
259 29
97 280
457 368
135 662
43 270
591 153
222 647
103 562
135 715
312 647
401 516
185 22
182 320
594 674
502 653
255 29
73 475
432 530
234 566
583 276
227 441
429 449
480 531
278 614
637 714
528 429
497 105
450 678
424 312
12 318
356 390
470 429
256 169
350 490
126 324
33 352
32 585
68 635
507 470
517 412
451 436
108 215
540 682
285 356
261 420
673 8
77 410
560 332
702 177
213 219
500 370
570 656
222 30
