326 1017
89 76
6 267
300 37
253 41
136 215
214 308
56 142
270 106
179 289
168 106
218 282
192 311
163 256
96 137
303 90
127 15
165 132
281 88
118 157
129 204
322 16
135 51
108 28
157 236
317 274
16 208
229 207
142 16
136 238
152 62
277 278
26 65
33 306
153 150
87 281
27 32
246 162
32 303
139 188
213 129
85 228
286 264
108 102
279 194
289 104
255 239
5 281
303 37
210 129
186 246
33 163
277 279
274 309
205 86
120 91
215 155
318 174
92 50
225 320
243 187
47 121
99 51
25 76
87 235
204 222
154 187
58 55
139 281
37 293
41 106
58 205
260 325
2 301
48 227
294 240
37 14
311 136
14 9
161 50
243 314
272 21
174 279
25 262
234 61
229 224
116 236
52 50
234 3
24 232
179 268
95 216
281 79
301 245
88 85
294 280
72 189
250 196
142 274
81 325
284 309
172 74
168 223
123 76
175 96
307 28
37 25
243 268
104 167
186 141
251 103
94 272
292 18
141 107
241 222
55 199
154 226
272 322
72 18
21 246
63 277
223 50
301 139
317 78
305 126
218 179
228 262
125 193
229 265
249 143
110 253
15 214
102 236
209 173
203 179
43 216
129 265
265 103
28 255
131 282
4 298
135 231
233 259
48 135
147 296
228 257
223 192
144 324
102 302
121 254
154 113
93 282
1 31
8 28
235 138
310 238
60 68
93 292
326 140
51 96
109 278
26 281
143 119
229 194
94 299
72 197
85 164
152 85
195 110
63 53
197 322
291 256
63 57
172 12
146 222
107 204
123 83
159 265
201 11
83 245
309 154
115 17
267 217
51 85
326 113
138 146
58 52
76 120
58 197
131 203
92 238
80 164
270 188
102 144
198 134
62 130
237 127
96 178
17 147
262 292
209 23
111 267
74 136
10 131
6 141
283 47
2 37
210 271
224 262
38 46
69 100
175 306
226 271
107 192
41 42
157 199
15 217
89 88
27 99
169 308
189 125
29 190
111 238
84 9
123 71
54 192
120 178
121 295
72 227
160 62
218 316
261 182
207 23
270 183
71 62
164 259
136 192
72 247
54 105
205 126
176 208
317 295
59 61
264 81
237 97
142 79
37 26
260 193
49 153
49 69
164 162
2 300
304 73
170 31
178 48
156 27
255 97
321 263
107 208
17 294
305 159
46 291
184 255
157 182
32 155
201 195
316 202
168 293
224 11
273 75
8 53
51 262
99 322
149 205
203 165
122 131
273 117
95 131
46 201
262 77
305 136
271 295
287 63
211 185
23 108
209 31
160 260
242 258
205 64
86 81
179 208
162 125
324 206
205 319
81 91
19 9
226 290
303 137
302 138
321 274
245 203
304 28
86 170
235 290
183 320
321 35
151 156
110 99
35 314
41 65
78 60
74 254
299 326
64 274
87 8
221 281
160 149
308 246
268 216
209 74
160 153
59 260
308 168
308 293
155 23
307 183
82 4
110 4
280 123
227 40
130 71
271 289
169 252
158 110
92 317
134 251
143 192
134 125
33 116
41 137
138 297
319 169
251 52
122 204
174 22
193 253
92 137
166 261
13 323
320 104
313 127
304 80
268 111
154 300
226 194
61 313
114 53
105 38
55 176
191 178
197 8
55 239
94 220
123 106
166 116
159 103
193 136
182 134
197 9
58 46
152 118
309 265
120 87
253 174
213 67
26 83
74 80
321 168
249 117
223 88
183 56
140 325
141 271
132 287
279 139
7 54
256 315
269 326
25 145
173 237
211 148
270 285
227 214
76 99
281 298
137 303
276 135
68 221
216 28
123 29
310 127
234 298
69 233
273 213
30 183
97 177
126 5
28 290
80 126
244 2
262 4
254 162
138 271
6 303
249 128
281 232
254 139
154 272
321 100
158 24
232 205
201 308
209 228
271 239
303 188
190 239
191 67
24 278
12 29
204 210
156 109
65 34
247 218
305 191
267 87
215 123
291 39
104 123
216 324
311 192
135 174
54 275
241 77
176 202
105 53
35 211
111 99
244 31
267 172
172 207
208 60
3 172
48 56
245 263
53 229
128 137
77 132
85 267
208 260
92 263
313 126
147 47
174 14
28 114
135 199
321 17
258 273
188 305
3 56
191 5
285 268
142 311
73 226
201 231
110 292
167 46
41 263
92 214
276 119
2 84
317 272
100 198
168 238
126 170
243 316
125 201
258 216
135 280
65 9
184 174
250 300
219 290
236 311
128 135
103 79
169 44
24 218
191 141
79 317
311 322
256 59
146 187
274 281
91 12
289 224
186 213
148 28
126 7
12 253
142 65
281 260
58 254
151 248
69 180
238 53
175 168
61 320
304 8
224 18
295 187
242 104
23 63
132 148
19 93
25 160
107 305
93 164
233 194
86 301
47 273
303 171
64 37
164 318
320 62
9 238
198 200
16 220
212 147
317 231
189 15
14 296
270 57
133 176
250 168
100 246
65 76
90 128
62 203
119 55
214 78
242 85
227 257
254 113
27 195
293 216
209 306
135 102
312 267
277 235
59 50
104 123
75 193
250 136
70 319
140 283
20 56
318 246
262 195
308 289
63 224
128 222
154 262
323 139
152 274
48 210
273 101
6 22
294 206
107 313
148 247
219 167
252 210
36 187
79 18
99 91
191 226
312 18
111 309
157 263
256 154
146 152
254 102
123 221
257 230
157 78
100 50
194 25
209 229
161 237
196 260
2 61
159 313
78 220
295 184
156 174
11 251
326 265
302 72
109 232
301 216
309 24
265 126
48 147
29 209
58 174
92 9
234 200
321 262
93 240
119 248
37 130
123 312
18 98
58 76
280 32
291 212
6 229
12 53
326 40
211 7
213 252
15 71
126 285
6 218
148 74
90 185
153 212
170 259
227 196
212 209
160 98
214 13
109 216
12 98
51 294
310 302
258 4
101 216
285 319
38 33
82 172
185 243
15 305
175 242
174 61
74 283
158 287
295 216
126 256
313 176
173 246
152 104
250 202
270 208
144 257
190 225
102 325
91 116
253 266
307 100
276 54
6 107
290 251
322 90
180 258
215 27
177 316
80 100
192 23
258 9
279 71
184 54
69 274
120 271
163 100
320 112
104 326
168 67
250 113
106 53
44 271
79 221
260 109
270 125
131 151
84 34
222 267
37 240
164 156
185 1
206 178
62 309
127 180
325 50
292 105
103 10
49 131
180 258
239 73
57 320
174 90
27 69
30 63
258 143
169 66
93 48
194 155
306 320
8 304
320 249
32 46
208 30
126 61
288 315
84 294
258 257
57 284
275 36
296 156
178 88
172 221
85 39
49 64
308 6
42 251
254 73
246 136
53 46
146 14
34 179
257 241
109 263
198 7
298 117
163 99
155 8
319 239
322 317
303 322
18 178
200 40
97 9
42 142
104 5
125 283
261 39
65 197
186 72
118 253
184 167
81 191
159 269
136 100
245 112
95 212
239 294
202 10
252 243
101 30
198 226
262 132
214 326
279 24
21 20
226 204
186 256
18 295
198 153
18 117
215 62
278 127
306 103
86 231
296 187
210 167
36 145
248 199
95 150
222 65
120 121
269 255
50 236
223 198
13 190
314 177
252 215
253 231
318 13
135 237
199 295
77 184
63 274
56 157
98 228
222 217
22 114
145 22
299 318
219 311
181 156
111 106
320 38
10 261
50 95
171 198
13 247
55 75
195 60
232 242
287 127
132 259
190 226
280 162
217 122
97 22
227 207
127 220
244 87
155 293
131 275
114 143
146 168
217 14
228 72
205 188
148 10
70 11
185 23
123 76
94 219
97 320
99 173
164 293
259 268
209 13
216 323
155 35
164 322
324 15
67 202
153 165
161 222
175 20
195 297
45 238
139 141
182 188
263 19
154 146
286 36
158 125
308 263
160 96
258 157
110 274
309 212
112 93
58 287
112 252
207 106
113 296
196 294
157 133
312 260
278 221
245 109
20 227
45 179
322 252
285 55
200 217
217 311
310 274
221 45
149 52
151 261
21 20
229 127
152 214
10 53
59 254
112 78
154 106
206 99
32 114
104 181
5 320
165 314
217 10
308 39
11 132
299 307
152 201
107 253
39 116
306 97
319 41
174 97
146 3
195 127
116 248
307 120
241 146
57 81
105 39
119 115
170 92
95 271
242 151
148 280
266 77
326 258
117 123
304 262
125 173
63 241
44 43
310 235
138 41
315 192
29 108
306 148
149 74
93 64
174 190
294 113
266 293
321 56
90 298
267 214
94 279
78 88
272 62
322 33
52 310
225 80
41 154
227 189
178 269
253 25
132 220
88 21
186 82
76 225
3 293
113 47
245 190
134 140
251 79
173 252
62 21
5 53
174 182
241 25
74 167
50 156
10 137
176 146
168 202
44 120
168 106
116 36
246 199
176 120
277 298
46 289
318 50
15 115
181 255
140 255
46 139
84 5
225 259
150 16
134 144
135 251
199 201
287 118
73 86
238 24
7 283
312 324
282 326
112 137
254 201
15 249
289 98
254 187
306 77
202 64
170 287
314 43
161 224
160 233
309 21
206 315
303 191
262 209
190 324
295 68
148 309
316 111
30 243
247 9
270 73
22 63
309 10
105 143
