657 1871
547 240
309 81
334 165
529 310
118 350
109 608
508 415
264 248
33 251
120 516
303 542
271 391
558 555
19 360
401 140
564 290
71 215
62 405
71 591
406 188
283 514
487 482
271 442
72 304
35 540
511 338
116 124
420 17
21 438
68 113
269 631
402 340
537 156
436 608
438 184
487 412
40 317
236 2
101 656
654 136
539 507
165 654
322 276
13 34
405 429
146 16
402 240
355 631
395 133
273 175
8 102
278 47
110 513
398 560
203 394
387 84
593 243
430 606
518 134
640 265
563 477
280 656
59 327
629 145
151 593
11 159
387 288
554 496
143 294
398 38
380 476
121 315
61 242
263 578
376 594
534 630
414 157
628 472
175 292
309 325
227 319
483 305
607 380
144 441
365 233
478 87
52 291
93 461
532 48
382 250
641 607
571 89
455 234
253 629
525 561
297 443
222 471
91 520
193 583
304 250
158 124
28 558
414 121
362 638
517 435
579 192
384 493
281 182
69 225
502 285
128 141
419 41
612 509
561 496
126 207
437 284
22 465
533 128
277 586
457 136
363 378
327 439
562 299
312 630
523 156
606 342
297 368
383 600
568 635
130 37
533 567
12 246
374 544
373 650
473 172
477 527
242 495
657 146
137 311
468 351
159 416
36 455
126 110
89 37
436 218
73 311
476 84
556 192
319 621
533 483
484 44
45 68
539 44
214 367
47 373
60 205
131 444
351 257
245 439
293 23
348 57
333 167
489 581
50 150
544 275
325 370
318 369
438 548
412 343
257 458
58 9
5 537
452 355
136 389
485 120
411 525
525 436
34 356
359 432
198 594
398 522
306 59
582 435
606 28
469 555
178 526
563 182
98 49
229 233
437 405
45 540
272 569
10 654
617 60
121 157
653 518
370 301
268 294
428 566
13 239
463 190
457 60
64 554
108 292
129 237
388 522
119 352
434 477
348 85
536 160
241 531
21 302
523 288
287 293
545 299
532 350
489 331
409 552
227 209
535 47
445 265
261 255
616 386
74 656
470 609
158 53
174 527
46 39
507 332
332 394
630 555
436 153
577 536
47 495
87 581
541 223
538 493
477 188
221 550
535 33
193 385
434 366
254 479
97 452
502 120
189 167
17 316
319 593
194 366
430 281
638 5
503 210
498 15
90 410
256 624
443 449
43 568
506 646
82 602
440 583
64 320
92 429
635 411
364 172
468 136
144 140
490 646
42 330
352 131
82 608
446 216
399 489
127 596
477 208
233 608
482 645
271 574
417 248
19 472
111 178
608 254
317 132
592 358
461 286
180 234
236 626
142 326
457 268
265 625
167 189
575 340
176 537
256 592
128 623
407 238
143 49
492 460
180 426
509 332
403 32
257 639
657 398
307 148
357 263
464 215
451 73
555 627
610 502
253 80
468 351
9 610
91 192
104 270
309 305
293 55
336 242
385 27
639 383
523 31
646 329
245 439
401 491
100 45
336 45
473 146
395 482
447 486
365 243
447 17
547 432
420 574
16 147
600 654
221 157
376 209
485 313
340 577
146 131
622 481
175 437
318 570
610 457
90 318
391 536
26 280
2 137
545 17
632 179
363 195
335 81
404 162
393 435
430 231
565 394
54 432
174 64
344 475
212 125
135 602
352 160
573 354
296 152
370 270
330 424
465 7
505 560
517 589
337 289
162 593
26 565
367 548
320 402
365 531
526 192
167 570
351 431
266 339
582 327
300 254
94 456
609 290
50 468
570 78
99 75
14 473
331 380
363 650
474 420
215 342
611 73
603 653
503 560
26 119
579 18
372 364
473 323
653 523
482 565
292 580
331 305
396 353
377 450
345 193
561 251
226 514
15 172
202 517
74 576
327 344
593 390
50 409
55 45
623 228
302 257
151 324
254 238
20 630
30 56
165 283
656 82
488 13
253 32
222 19
608 548
362 543
281 104
643 27
497 300
255 490
249 405
157 194
334 525
166 55
272 22
337 619
103 168
632 48
548 196
415 498
435 468
76 58
571 410
434 411
402 31
592 342
127 91
535 460
307 392
514 271
105 543
232 556
53 206
295 292
93 52
482 220
212 249
277 474
350 53
576 94
432 511
127 558
293 353
52 600
87 258
562 191
143 136
439 544
34 76
178 475
477 2
37 31
250 314
504 600
58 115
385 490
625 204
82 260
556 134
551 643
391 455
525 225
283 655
111 316
74 637
133 550
331 170
272 175
467 214
581 291
105 548
494 536
500 84
12 393
69 94
540 286
318 165
283 120
480 48
99 304
597 429
165 211
44 31
21 606
612 293
588 408
184 116
286 375
200 646
459 617
82 341
245 91
197 220
210 368
267 1
15 556
429 528
458 164
559 478
462 513
114 392
612 646
508 241
363 399
229 513
358 3
197 295
93 85
206 652
453 164
652 159
62 115
29 520
628 587
32 432
134 494
515 89
482 57
21 536
455 598
84 156
600 629
142 36
56 347
379 508
202 373
358 264
179 387
475 149
8 506
580 491
343 438
271 516
494 291
87 641
231 170
488 523
141 629
250 545
10 628
88 211
35 445
166 213
523 640
362 531
181 633
56 215
105 326
73 291
308 508
274 230
369 453
95 201
116 344
89 125
314 176
27 40
312 542
253 178
524 306
400 47
281 455
261 78
123 26
368 122
225 333
351 594
128 446
137 243
481 225
59 487
92 434
526 404
318 121
581 185
426 15
580 399
469 533
476 283
558 186
404 125
210 446
410 337
234 547
271 58
463 21
236 555
454 104
650 115
574 573
648 342
587 570
432 90
137 250
64 37
127 467
511 336
255 612
364 181
501 326
587 656
346 165
245 143
617 237
257 533
501 596
218 122
508 341
211 645
591 274
373 60
432 575
88 378
530 143
250 65
469 528
412 157
35 656
299 344
235 247
219 78
185 128
199 385
469 101
64 402
66 128
153 497
395 589
567 267
75 159
23 543
30 435
391 413
433 33
99 360
628 10
437 505
137 328
581 297
120 644
41 186
463 543
374 200
474 283
158 240
134 181
125 512
307 516
616 431
240 58
133 559
416 262
98 552
281 21
541 400
7 581
585 162
158 302
361 324
276 519
563 409
391 380
263 40
587 571
470 518
628 295
111 78
248 209
321 528
229 204
270 585
477 198
89 634
191 449
649 466
310 247
218 43
626 172
431 247
85 593
107 404
230 566
173 169
117 494
39 346
40 308
622 516
197 53
185 387
193 525
196 195
114 105
586 82
625 52
20 402
644 475
497 565
384 13
76 500
506 114
537 545
113 193
96 310
594 629
388 130
496 275
16 610
379 601
383 39
344 403
440 330
569 279
237 295
291 4
138 139
466 366
376 579
559 163
580 495
483 310
316 321
585 331
622 655
624 40
36 310
134 475
640 45
446 568
340 79
264 169
567 72
534 634
650 127
488 572
622 313
574 280
325 501
303 639
190 269
21 226
270 503
392 601
547 180
204 229
608 467
89 517
538 315
185 223
441 364
486 97
368 402
69 384
594 371
365 127
331 77
352 292
579 435
236 161
615 439
81 565
248 170
116 477
484 649
42 267
355 528
56 65
621 124
140 558
494 505
376 516
273 419
150 544
196 77
47 153
515 476
409 454
645 216
274 471
207 7
430 253
226 485
9 190
300 149
439 485
345 157
343 617
575 184
195 462
261 590
307 467
409 58
264 396
623 229
559 172
584 23
117 153
199 125
34 498
273 472
325 617
320 10
269 586
542 463
390 145
396 39
612 147
446 567
234 411
487 135
274 413
157 390
257 47
515 290
544 130
453 211
439 464
569 50
392 454
512 474
290 599
204 593
437 649
194 14
94 23
148 368
128 654
100 384
43 306
366 279
436 510
489 566
317 93
615 400
546 161
565 527
452 112
463 231
452 348
244 546
371 84
256 498
429 47
573 471
353 630
92 480
483 273
388 491
365 37
582 602
546 490
163 340
293 317
571 87
8 506
632 378
589 579
567 360
626 174
523 321
147 306
143 629
578 222
154 634
258 427
578 146
608 433
486 243
92 91
330 99
596 653
168 528
575 77
579 235
251 444
555 89
93 389
409 362
610 562
339 559
23 608
47 631
383 224
216 167
314 237
265 602
582 125
164 191
550 85
425 492
221 14
580 313
402 331
366 46
584 396
604 607
347 650
580 421
566 487
279 222
416 236
515 32
360 21
222 252
106 646
87 18
2 358
22 95
32 387
140 615
126 86
256 164
78 527
276 643
357 555
557 464
133 106
495 492
127 59
435 581
396 213
598 89
571 619
183 602
348 322
251 165
407 507
328 176
68 604
511 424
501 102
579 325
207 108
159 333
166 285
605 253
498 545
341 411
198 215
47 546
536 297
402 634
495 73
502 563
368 355
21 560
456 292
227 354
399 77
379 257
361 326
509 550
563 542
303 103
99 349
340 327
338 85
652 524
506 496
121 216
193 142
467 340
433 36
386 174
461 107
430 513
124 631
406 29
515 400
132 305
92 163
323 121
247 318
644 95
156 457
2 41
598 468
72 65
195 457
587 655
563 52
511 379
25 608
407 231
350 230
535 133
393 550
253 331
210 589
426 365
388 119
97 20
587 169
433 124
625 362
471 223
413 16
601 437
623 350
359 315
272 237
140 7
478 392
337 30
15 454
86 94
265 183
462 194
351 237
9 318
599 479
540 46
494 175
175 151
525 533
158 139
461 297
494 281
380 522
310 395
11 88
180 275
270 642
160 312
570 168
321 203
339 553
249 524
70 423
18 594
647 175
424 451
471 609
74 193
166 76
279 176
163 151
142 124
484 301
435 396
468 98
599 498
650 539
365 63
653 382
348 642
248 464
127 410
107 201
294 272
625 265
139 479
415 280
602 241
580 71
636 83
517 269
580 202
499 287
613 186
360 652
171 299
150 297
51 257
189 345
220 505
609 359
326 58
638 619
298 561
381 625
643 241
586 257
134 119
544 89
305 595
83 475
237 233
463 287
181 344
323 400
191 623
450 517
372 431
170 12
26 551
329 360
483 606
616 67
194 47
371 132
478 537
368 402
343 346
274 29
12 17
219 326
466 427
41 588
597 401
613 182
72 7
7 20
623 622
436 508
360 149
639 529
29 349
623 63
387 239
440 90
604 1
415 413
120 147
35 408
240 340
589 311
346 287
23 3
251 150
511 302
298 492
522 18
533 487
80 262
418 519
351 364
212 457
119 23
296 503
430 535
185 53
537 530
339 251
533 281
400 78
582 41
569 138
407 136
317 179
89 77
40 439
440 600
588 251
622 226
96 86
103 280
138 639
152 476
233 376
99 324
453 372
56 57
510 463
192 518
641 630
594 372
411 376
7 33
626 628
607 413
57 52
35 543
383 536
362 307
254 152
630 399
524 378
455 68
183 338
585 515
310 213
229 413
588 235
445 249
555 395
4 303
138 388
188 520
266 241
518 211
393 183
609 608
560 406
18 85
436 294
291 88
506 211
500 128
446 637
68 35
374 72
337 203
151 216
415 108
149 275
318 541
149 619
183 51
367 549
484 494
185 117
582 33
328 116
509 465
95 577
191 160
340 219
363 490
434 469
597 274
435 606
506 584
567 31
634 626
579 153
462 106
618 78
487 288
194 31
444 288
607 634
140 289
195 194
470 321
5 101
594 439
49 135
365 308
165 34
276 87
535 429
541 495
507 63
475 43
93 261
22 391
587 510
22 473
46 183
136 399
283 422
181 331
556 237
330 412
619 605
190 496
377 423
334 575
485 151
617 269
103 330
351 32
183 64
505 577
246 332
319 528
96 499
550 343
427 223
98 389
519 287
576 587
52 252
504 228
402 463
188 505
485 538
228 10
601 75
278 189
407 596
408 194
129 650
229 556
215 326
636 425
304 554
355 48
149 201
624 242
356 155
438 183
384 9
541 328
432 161
208 530
449 308
416 577
300 644
167 514
4 145
630 656
391 327
46 231
528 362
472 575
516 602
100 242
302 332
261 76
184 161
298 632
468 56
244 110
391 410
315 394
247 287
84 637
306 130
210 176
491 373
442 41
317 233
631 618
564 584
386 439
87 26
106 246
430 349
355 163
450 361
248 39
339 331
18 644
152 227
511 334
292 295
66 608
527 389
261 433
315 646
564 93
363 12
338 484
52 384
646 501
436 585
540 117
607 557
104 102
476 614
127 110
252 193
409 121
581 12
246 587
349 152
22 54
512 51
537 563
434 217
406 212
493 288
20 443
537 123
544 47
429 362
505 23
554 605
492 169
617 80
98 308
580 119
54 434
169 282
339 294
499 88
197 26
67 217
468 603
31 46
341 459
408 188
173 304
136 8
473 444
87 262
443 10
381 496
443 241
470 125
227 3
561 115
28 627
23 496
265 403
541 605
204 640
485 377
636 312
384 143
98 162
404 540
171 476
71 306
60 232
122 635
234 25
441 261
343 464
448 607
209 24
247 104
6 74
480 641
385 555
126 174
409 530
405 579
348 167
576 99
398 40
425 631
413 209
584 99
15 374
397 572
397 643
18 403
59 190
78 135
436 204
657 187
425 405
458 115
263 376
563 4
416 330
326 520
538 252
618 244
318 50
158 57
35 525
151 443
57 578
269 184
124 269
371 548
365 171
354 627
238 259
630 345
281 299
208 161
242 517
97 559
566 254
308 601
470 150
386 218
70 654
402 542
614 464
124 321
634 478
291 214
428 263
559 51
253 458
212 187
317 657
437 226
602 436
518 415
586 246
632 347
591 68
581 548
531 47
560 199
524 193
105 295
148 355
37 92
504 248
278 163
596 407
388 541
185 248
298 462
185 621
501 468
381 424
50 603
470 609
494 337
145 598
323 641
644 359
75 490
299 45
344 237
451 424
120 327
363 109
481 548
422 324
50 145
90 99
439 559
50 275
587 543
215 601
526 550
652 293
74 293
337 418
221 479
184 33
497 546
490 320
128 254
643 177
90 424
275 529
326 17
146 604
251 53
240 469
294 234
104 368
218 132
128 130
302 3
162 490
548 344
153 19
597 487
544 379
254 511
599 271
219 436
566 469
180 148
280 474
381 75
533 290
555 3
420 548
354 581
381 244
267 533
611 556
362 498
626 307
351 567
577 569
345 486
72 525
633 44
33 49
467 565
338 365
259 100
255 612
373 635
198 331
202 501
229 256
341 546
562 383
455 482
643 492
310 406
51 634
449 83
25 259
647 55
623 248
154 569
202 218
239 91
549 132
591 469
387 623
358 292
40 155
465 374
338 466
123 388
442 571
470 159
172 459
213 486
398 58
90 599
276 328
33 167
151 315
327 538
281 27
521 12
531 328
386 211
485 508
291 269
421 103
119 285
254 23
462 651
81 551
285 48
570 9
563 64
323 232
601 295
259 156
307 481
175 35
34 2
234 16
619 654
119 81
630 64
103 435
406 532
328 33
271 241
41 176
304 56
408 596
350 358
94 348
181 268
74 563
618 307
271 579
304 389
351 276
144 146
53 549
20 73
274 291
313 6
158 308
61 257
246 103
614 31
450 486
647 524
84 607
173 354
528 476
434 222
444 577
59 188
160 78
260 433
60 572
439 567
571 191
166 159
293 472
538 86
649 527
609 75
476 473
120 39
641 553
609 427
164 10
306 16
436 566
140 188
172 270
97 86
461 611
593 445
425 474
530 417
343 173
183 511
338 652
241 321
547 541
439 403
242 87
110 20
652 249
556 167
211 344
601 363
647 536
150 414
352 372
522 387
544 397
240 224
391 172
236 629
55 17
66 296
104 175
7 98
116 255
613 18
290 248
380 279
127 529
36 170
243 249
556 479
337 487
394 70
1 630
42 404
646 456
391 92
631 398
539 438
344 186
455 633
434 177
255 252
397 639
421 640
230 320
153 259
149 546
328 499
518 61
245 507
517 636
290 182
68 171
311 411
49 108
386 482
633 332
76 64
313 496
395 235
507 547
493 656
128 512
497 645
573 433
186 124
411 476
654 478
338 307
580 386
106 309
210 430
640 634
493 645
165 231
222 14
469 57
361 596
568 549
276 175
325 461
647 427
628 643
248 309
292 519
37 397
170 596
518 502
264 354
181 120
276 402
483 436
150 186
375 409
427 650
276 443
145 265
212 116
251 151
116 542
13 501
631 531
131 183
375 395
536 555
514 503
648 31
282 140
217 348
241 335
32 516
120 525
123 331
640 65
482 447
299 494
291 272
367 421
146 434
507 374
23 56
219 363
86 192
194 302
231 434
328 262
292 447
130 107
470 461
171 294
251 469
479 233
432 537
653 578
5 503
294 377
250 204
82 335
88 275
329 318
52 656
272 35
446 401
490 258
553 4
243 495
164 413
70 596
641 415
208 646
609 501
365 201
396 138
535 483
412 206
144 155
205 415
539 342
507 371
291 94
66 225
589 230
637 350
517 620
107 67
300 407
259 356
607 654
493 177
480 597
382 315
443 278
421 324
311 619
387 601
404 452
168 335
373 496
377 232
