923 1223
636 162
227 414
552 8
221 11
512 18
538 195
894 295
672 763
321 556
696 730
775 528
639 876
512 600
785 70
242 466
629 411
162 855
825 247
397 122
257 442
596 795
170 566
623 842
405 20
8 634
750 782
695 922
268 283
132 587
809 830
129 49
318 290
437 219
70 367
797 327
809 469
198 512
568 354
430 506
373 437
216 656
753 444
654 97
261 320
683 146
226 812
651 543
635 165
295 705
65 625
565 407
170 296
919 271
649 425
776 98
396 525
288 225
46 18
321 306
337 538
908 97
426 636
173 594
334 468
832 398
169 473
339 796
768 334
600 27
292 453
125 687
511 412
445 556
886 300
395 757
837 853
796 549
102 923
416 103
832 347
272 838
685 601
217 95
277 243
844 263
824 607
308 769
586 397
732 885
792 99
332 705
28 204
787 586
660 736
689 568
616 494
17 835
171 233
463 904
475 383
701 833
67 542
678 186
15 486
604 340
584 12
121 145
672 441
731 408
710 496
510 403
523 60
314 693
292 776
207 300
236 441
209 759
59 887
478 74
906 158
413 101
626 68
245 831
42 52
772 752
81 358
688 603
874 535
829 699
387 570
76 156
544 741
448 603
238 2
210 678
616 156
778 318
680 99
682 722
608 531
84 222
422 305
825 373
839 264
148 759
833 680
449 454
32 896
590 269
432 333
23 124
488 800
899 245
433 657
500 574
264 117
795 220
421 230
592 336
494 739
628 860
30 153
847 61
583 47
786 91
379 809
671 867
219 180
645 185
371 221
758 168
337 164
387 291
393 55
160 420
328 787
814 17
737 874
133 784
736 223
239 155
427 639
831 141
817 549
511 114
384 678
907 547
599 731
473 187
890 893
514 754
783 404
304 130
811 893
447 158
192 220
769 152
858 676
292 752
759 336
399 219
548 840
299 223
647 305
409 148
731 457
435 124
394 272
254 282
241 700
896 432
453 741
117 388
28 866
673 786
278 605
538 825
521 370
581 702
674 67
849 482
523 360
139 916
631 849
731 871
626 703
836 612
55 486
76 539
428 282
858 240
887 472
598 18
375 256
719 125
322 178
140 844
71 279
370 701
204 178
182 363
414 551
509 2
114 584
540 75
400 474
771 820
479 446
837 853
701 167
512 99
344 651
476 415
463 379
649 201
90 365
97 504
449 605
505 96
723 579
171 656
586 18
552 142
463 465
528 240
631 116
795 509
301 804
457 297
260 639
31 349
80 585
852 529
723 891
624 56
80 328
711 665
803 339
340 342
338 868
116 45
517 444
87 817
325 543
648 584
259 678
9 795
339 395
857 139
819 558
194 898
419 439
173 298
777 513
174 191
914 746
693 507
266 779
401 590
856 125
707 648
336 250
519 675
644 453
347 73
544 74
47 39
512 676
337 823
265 510
547 712
789 316
296 131
629 696
255 561
354 38
742 223
287 337
897 464
789 777
536 866
385 116
905 430
792 775
786 590
818 410
379 683
725 674
813 887
903 144
58 790
639 799
89 459
213 520
923 535
830 535
12 291
185 916
255 53
767 117
176 195
526 554
877 785
761 766
748 740
444 340
606 616
215 229
151 884
748 607
30 654
219 41
479 860
490 733
912 790
849 621
61 909
252 14
770 89
313 128
363 290
467 502
905 216
730 590
633 88
273 662
742 25
236 754
884 725
97 406
591 479
104 651
464 355
198 767
900 511
429 339
334 895
841 773
644 181
439 354
269 245
92 544
270 785
374 230
586 470
170 711
25 273
438 23
161 170
789 137
214 294
10 547
723 384
853 900
564 368
330 366
147 879
909 416
740 816
179 859
819 348
646 378
154 618
400 314
787 722
908 534
550 451
157 806
834 544
782 8
445 646
831 591
601 816
83 874
243 719
809 138
600 532
49 754
226 905
601 546
704 119
156 787
569 769
669 13
389 527
478 834
706 385
35 383
734 575
790 510
370 676
648 46
741 230
799 500
212 11
122 915
129 734
778 232
113 57
701 36
117 255
403 823
639 437
739 907
88 606
493 457
358 674
37 632
904 369
208 192
379 786
640 42
596 28
273 242
541 50
277 657
305 679
556 477
193 829
917 737
511 487
271 402
694 307
110 674
675 774
399 588
636 572
629 765
133 901
83 673
484 817
407 788
572 496
799 298
401 792
112 445
812 839
846 583
679 489
790 887
339 266
551 508
371 713
806 504
690 423
710 708
316 650
106 421
223 904
719 157
307 364
136 652
736 515
311 491
81 178
911 876
900 539
918 347
328 800
384 552
299 171
336 148
820 441
569 576
879 821
267 719
718 402
447 530
916 758
554 530
469 541
483 445
613 477
325 475
810 709
103 643
413 895
790 766
869 892
419 358
323 219
153 117
620 600
180 146
891 733
676 436
808 692
414 497
702 738
48 588
57 607
764 469
578 165
769 58
133 721
415 456
16 102
106 169
701 743
314 202
552 523
637 893
291 127
467 526
864 514
648 455
198 488
457 309
652 302
823 319
99 315
308 571
873 413
739 650
689 587
385 775
643 98
744 468
681 287
70 155
801 717
609 532
739 143
840 467
901 740
785 77
588 626
181 537
116 920
720 804
117 181
655 759
735 10
760 492
296 830
646 630
157 332
238 895
8 612
896 908
885 291
518 83
917 699
153 566
229 406
903 802
120 169
171 854
178 8
422 473
371 601
637 527
466 874
33 7
96 462
915 57
752 43
596 279
275 748
378 37
230 358
838 349
60 543
279 237
84 234
243 454
369 879
514 834
364 546
841 459
541 366
50 370
865 645
182 217
470 560
710 233
451 159
582 510
701 394
746 318
162 65
771 530
478 361
897 841
441 348
376 58
247 425
884 646
604 600
862 150
693 182
382 220
340 497
729 574
891 85
891 586
606 272
192 160
633 622
77 607
504 910
198 750
868 616
472 548
749 867
231 518
583 613
737 922
643 76
107 144
617 74
729 299
346 454
916 512
153 526
652 190
512 383
16 914
75 22
538 357
422 769
874 81
915 221
537 168
753 643
312 446
250 117
279 595
571 271
640 257
330 368
446 376
751 918
366 359
473 437
716 429
739 200
509 730
878 579
432 707
298 743
687 548
393 42
676 497
769 393
753 175
294 732
84 121
261 906
14 267
420 263
695 235
462 738
499 416
850 7
657 682
283 420
306 675
461 515
249 763
907 535
471 735
801 555
389 595
537 402
861 33
198 167
725 660
438 757
609 364
763 342
122 295
884 330
755 476
578 128
916 190
599 727
67 230
193 661
300 128
132 790
326 755
125 519
269 881
204 167
254 80
745 375
374 706
704 663
715 816
790 241
539 922
502 605
685 694
799 62
355 464
385 680
296 509
275 564
466 13
264 719
92 86
627 922
325 864
195 573
756 62
813 828
60 391
509 279
618 841
340 50
382 258
729 211
766 538
774 765
550 572
94 175
657 720
173 515
194 825
164 484
886 510
388 479
901 431
757 129
348 630
178 263
421 441
473 263
512 781
561 138
429 654
769 619
450 475
210 178
376 830
661 795
416 125
808 850
555 175
56 437
805 690
233 302
664 706
99 252
97 659
846 525
390 225
677 373
700 420
550 152
326 744
481 741
869 365
202 34
539 714
4 877
480 237
713 678
19 811
463 572
80 843
173 3
144 383
376 377
802 459
529 204
280 543
478 682
907 679
715 522
3 719
10 17
489 722
694 41
143 690
612 222
609 318
225 287
700 134
663 578
126 268
315 405
344 326
620 327
539 869
383 541
198 392
557 686
647 327
726 789
551 414
87 236
731 768
522 507
435 262
618 561
63 466
499 407
791 196
267 406
141 183
24 338
574 580
100 754
441 359
619 68
772 240
303 579
84 359
619 519
154 770
613 216
312 188
156 179
840 423
585 57
139 608
851 713
721 484
77 238
842 696
305 224
12 142
336 552
34 31
147 187
334 759
859 645
481 92
824 397
48 19
911 186
160 372
432 880
390 509
652 308
738 490
66 749
165 401
377 198
889 58
841 299
350 777
478 830
402 835
761 906
853 282
625 546
653 134
502 119
176 687
884 447
254 483
272 418
883 182
150 382
239 67
215 123
377 692
486 778
603 780
294 66
138 919
611 325
586 646
900 295
410 394
741 197
876 546
148 370
727 297
751 500
821 42
622 274
733 641
586 869
498 879
11 635
874 155
36 536
335 13
830 278
863 181
474 816
726 621
262 530
918 89
563 349
588 261
622 397
901 741
800 475
697 344
644 181
499 213
717 367
682 157
644 622
338 194
514 140
814 309
203 342
397 765
690 518
559 846
449 537
663 325
545 436
668 722
617 700
12 867
143 693
557 786
391 894
56 438
568 404
746 770
279 677
612 46
271 247
891 719
317 164
577 396
134 322
194 284
555 662
227 698
889 317
94 356
288 607
328 389
87 607
235 365
817 380
867 165
161 368
417 11
532 528
863 665
383 591
482 14
329 708
245 294
101 339
184 845
22 45
310 565
651 79
463 545
915 407
243 152
774 659
620 839
720 559
114 179
226 595
193 555
836 437
382 14
309 565
392 787
609 236
428 794
314 891
415 762
374 657
914 681
849 144
597 646
702 244
824 462
839 550
550 751
521 8
298 829
107 224
693 249
459 654
119 306
621 67
144 528
723 591
286 183
734 416
362 47
193 719
508 108
803 134
393 400
141 690
305 704
913 531
30 905
262 148
287 416
215 431
21 471
98 763
187 832
712 548
878 904
801 919
89 680
129 15
156 726
238 917
507 685
59 536
666 320
217 30
735 431
460 289
436 91
128 622
922 373
704 410
354 115
862 899
794 67
913 483
327 227
10 833
911 68
445 188
844 195
217 656
626 210
478 138
300 140
293 756
512 73
699 399
187 638
374 514
238 820
73 564
581 83
473 102
607 451
289 528
646 39
717 805
248 271
476 548
867 768
837 456
375 612
854 95
783 762
609 98
192 215
661 772
754 668
408 438
195 696
42 374
269 292
255 516
562 730
597 506
109 510
495 483
656 882
577 515
720 719
146 912
11 807
294 298
551 701
269 279
8 767
653 276
135 441
791 697
248 922
736 356
42 307
838 697
722 25
746 519
744 425
41 288
308 334
585 392
112 854
205 576
697 857
851 832
374 718
139 155
250 408
44 292
248 415
522 46
440 344
98 717
769 138
81 610
6 199
536 117
586 740
226 817
207 153
259 114
404 397
726 654
338 769
22 585
261 543
164 234
421 262
27 723
399 564
866 404
296 478
54 882
751 279
775 34
431 110
148 369
40 873
99 377
252 577
495 512
653 658
279 150
919 305
406 852
402 349
332 698
826 843
190 654
655 498
221 620
141 825
65 180
308 620
90 560
273 584
148 2
775 884
609 771
265 91
233 201
439 564
432 799
17 155
63 672
652 283
368 792
185 432
505 492
128 594
128 857
711 733
858 562
693 77
866 491
168 175
225 140
273 190
15 746
344 534
494 72
817 395
397 535
360 901
560 21
105 222
877 815
488 346
911 714
422 387
281 123
96 40
263 825
229 734
647 573
345 675
178 695
146 575
306 40
