74 1321
62 60
58 53
2 74
44 35
68 7
21 56
32 55
22 65
27 29
32 59
62 73
67 13
49 11
3 59
33 74
45 72
37 28
50 38
27 71
72 55
70 54
12 50
53 54
54 59
11 17
46 61
9 59
36 19
39 72
29 16
42 26
52 69
53 15
74 28
64 71
8 59
28 72
13 58
51 66
43 40
8 66
26 68
50 61
13 66
36 19
7 3
23 58
50 1
50 49
6 39
23 14
2 29
11 14
12 39
57 54
56 65
46 8
58 73
46 48
43 8
45 49
10 67
11 37
45 60
11 51
3 12
42 4
40 30
69 29
68 51
61 50
41 10
35 3
60 6
28 65
72 55
53 42
65 15
13 50
4 63
30 67
8 33
32 37
27 38
30 4
24 57
22 33
17 2
71 1
30 24
43 5
4 21
47 46
14 59
22 17
25 51
9 32
62 18
68 66
55 1
69 57
36 69
67 52
70 63
30 3
13 51
8 68
71 54
40 10
16 39
4 18
67 12
49 54
7 20
46 40
72 18
22 33
12 14
63 60
55 70
62 67
46 47
38 43
26 3
30 19
19 12
36 12
23 62
43 8
59 14
47 57
10 68
15 73
59 55
58 39
51 24
9 22
70 47
42 74
27 72
18 24
9 32
35 9
19 3
68 4
69 40
38 56
11 52
54 70
33 16
34 61
39 21
8 12
45 50
11 49
25 7
72 11
38 10
71 34
65 15
59 30
52 40
41 8
71 14
40 12
25 26
28 45
11 40
15 60
28 42
62 12
39 72
49 47
61 39
37 1
1 44
53 18
62 60
14 1
3 26
4 6
53 48
16 70
41 54
24 8
19 35
24 69
62 72
41 48
14 55
26 14
2 4
31 64
41 23
42 43
48 45
26 4
71 20
52 15
51 53
74 69
13 23
63 52
73 7
3 12
61 29
4 63
10 12
30 29
34 49
49 59
72 1
41 68
20 18
60 70
70 37
42 60
59 31
38 35
37 18
25 2
24 6
42 34
17 71
62 51
45 36
13 20
14 53
13 11
48 50
6 43
12 26
7 49
56 44
9 70
39 11
49 63
16 74
33 64
61 13
74 51
32 66
30 23
2 3
72 60
24 62
11 30
36 66
51 22
39 15
33 14
55 48
7 54
58 71
18 22
61 18
73 18
61 6
40 62
60 16
47 9
3 57
16 26
44 37
65 59
47 56
39 73
40 19
56 14
36 56
74 31
54 70
17 37
13 57
22 28
29 9
8 12
24 23
37 68
38 5
30 10
38 46
8 4
42 17
56 23
17 12
54 12
7 16
24 63
15 30
69 23
15 6
25 16
21 18
53 25
25 62
41 70
48 44
38 15
60 19
15 54
8 46
43 66
39 45
32 53
52 27
2 66
32 26
7 30
21 37
33 45
25 73
40 50
42 55
42 5
73 56
37 59
5 57
50 43
5 8
21 56
34 74
26 43
25 10
73 23
47 31
67 49
29 11
24 48
65 43
30 42
2 44
26 6
27 1
48 9
60 46
65 19
46 68
40 48
3 38
71 27
46 63
1 52
51 2
3 42
44 32
61 45
54 12
28 6
64 1
14 50
25 56
46 70
27 11
43 8
26 39
34 49
6 13
26 56
66 6
1 14
38 61
36 69
50 64
74 40
42 65
67 66
25 38
61 29
27 30
36 30
46 48
5 29
60 8
11 29
14 63
42 29
50 4
23 25
67 74
42 34
42 34
26 44
50 64
73 54
19 34
61 43
7 65
71 44
51 59
73 42
26 40
70 1
43 70
3 13
47 23
47 14
56 50
36 9
39 34
40 36
67 27
56 52
69 52
21 45
15 19
64 40
37 59
18 57
32 72
70 4
20 70
54 69
31 62
11 64
28 46
34 32
27 11
26 57
10 49
49 6
38 14
20 1
9 3
32 6
50 14
26 69
61 5
41 69
44 51
36 49
1 47
6 5
58 10
39 45
58 13
28 21
4 48
73 12
50 31
18 3
22 21
71 60
3 15
54 24
43 67
73 43
39 56
26 74
65 64
44 26
3 72
47 6
23 45
70 50
53 65
52 11
48 15
65 40
68 14
8 60
12 29
25 46
54 2
36 43
46 62
23 21
12 7
43 34
2 18
65 66
47 20
54 20
35 44
37 28
35 44
66 47
72 68
70 51
69 31
72 18
70 72
38 59
4 58
19 57
53 9
26 25
6 57
22 40
26 36
46 39
6 37
63 3
8 58
32 54
14 7
72 62
56 13
46 38
49 64
20 5
50 24
8 56
6 7
73 10
43 44
48 58
36 28
65 19
37 45
10 21
20 49
3 32
21 40
58 62
37 63
16 60
70 49
44 54
47 53
22 17
4 69
74 17
1 43
35 37
13 22
36 10
71 38
19 17
55 3
56 17
43 71
55 16
45 24
69 18
54 17
34 35
63 11
51 63
53 11
4 43
10 39
52 6
2 71
74 56
51 34
50 19
30 34
1 31
6 70
62 22
7 22
11 17
72 73
48 60
2 16
48 18
46 31
19 20
9 52
48 42
6 66
71 13
3 49
44 8
44 9
8 50
9 18
45 6
68 18
44 48
11 69
65 34
25 62
53 33
39 26
74 44
69 49
57 49
23 4
57 45
64 72
72 59
20 56
52 15
25 26
19 68
59 21
55 16
54 19
41 31
41 14
5 1
62 6
56 22
50 45
63 25
43 47
45 24
3 59
26 5
62 22
72 47
42 52
62 21
49 6
30 67
19 12
67 7
17 26
28 44
70 17
69 38
41 17
39 43
1 64
48 63
11 45
13 53
1 52
51 27
35 58
19 54
70 63
38 12
14 43
34 61
59 28
25 4
22 41
46 22
31 71
62 19
42 74
49 20
29 4
46 64
61 42
43 56
30 58
46 21
26 5
7 63
10 9
66 31
28 37
52 58
34 18
54 53
69 29
50 24
32 73
13 70
40 33
52 47
68 23
67 19
27 51
7 14
38 72
44 65
13 21
26 24
16 5
54 11
11 29
34 42
27 24
38 44
34 67
16 27
67 60
45 71
14 30
10 51
5 53
41 69
51 44
18 67
49 3
37 3
14 57
7 15
72 50
48 64
43 74
56 28
22 52
42 29
39 70
34 17
15 28
67 58
24 37
10 72
39 47
53 30
29 59
44 26
13 69
67 55
46 48
61 68
3 6
22 19
1 33
35 15
61 5
73 62
42 60
59 58
32 15
14 38
52 35
63 64
30 33
22 1
58 60
46 38
65 46
56 44
56 16
58 42
21 34
7 62
20 66
45 29
58 36
67 35
49 33
2 4
66 24
56 27
61 6
65 30
29 46
73 10
62 56
30 60
68 36
47 65
5 69
19 63
9 63
23 57
74 25
38 43
26 19
69 12
2 59
41 30
31 39
40 70
73 69
55 44
30 27
34 13
73 30
1 7
71 1
41 70
25 4
16 28
1 62
40 2
47 58
32 55
1 49
50 51
43 30
20 50
34 53
62 10
8 40
69 56
41 35
29 43
17 44
71 17
32 14
18 56
49 27
36 49
1 63
25 43
70 22
71 7
74 36
16 60
2 62
41 20
23 48
40 39
17 36
33 26
27 50
7 2
3 20
28 3
8 53
24 3
52 72
9 52
33 3
15 12
64 33
9 64
6 49
6 1
62 38
26 67
14 33
68 30
21 48
38 51
49 18
29 46
5 58
57 7
72 46
48 8
55 38
14 7
43 14
46 7
17 38
72 49
31 65
5 30
38 20
6 13
15 12
36 19
69 18
3 44
64 51
30 22
66 21
28 12
12 73
18 28
15 67
55 45
57 37
52 73
56 36
63 70
47 24
67 20
20 69
41 9
23 70
8 66
68 35
4 5
11 73
33 3
66 13
26 49
3 24
8 38
64 55
63 14
47 8
33 42
26 19
42 74
26 34
67 38
15 72
26 65
8 29
56 72
54 60
46 56
61 31
72 51
11 60
42 58
45 74
3 70
70 22
47 73
33 18
36 47
15 39
38 74
45 71
71 24
56 20
58 21
50 33
71 38
18 38
21 40
15 1
35 62
23 60
60 55
3 21
6 69
37 43
68 8
17 42
9 51
61 66
71 14
24 67
51 19
8 72
58 74
50 71
61 72
34 46
31 36
44 36
30 58
56 1
65 50
42 74
26 28
43 22
41 45
66 69
63 51
44 25
28 20
73 14
69 32
37 25
67 58
38 74
42 71
74 10
47 41
9 50
46 52
72 64
22 41
58 62
70 28
12 23
25 10
15 19
19 29
22 11
13 59
10 32
34 61
41 6
27 28
55 50
5 30
39 4
49 1
43 44
6 33
44 30
20 58
26 39
65 47
49 3
10 37
12 43
23 30
48 28
57 6
3 39
36 20
42 62
72 63
9 3
21 52
10 40
14 35
56 4
60 31
58 69
45 69
37 45
24 62
72 7
45 53
45 58
50 65
45 47
31 53
27 51
9 36
68 22
48 50
25 33
58 8
5 28
54 19
72 3
6 48
61 29
26 10
12 1
52 35
25 8
13 51
36 21
64 29
20 37
56 44
48 39
29 52
44 8
71 20
63 54
67 27
8 70
14 72
48 43
32 50
50 22
26 63
21 67
18 40
29 73
62 54
16 68
32 59
54 6
56 20
59 26
46 45
73 38
20 24
6 29
73 34
50 2
22 48
68 17
66 1
16 53
54 9
46 63
45 25
68 27
22 31
52 46
53 51
9 72
74 66
26 51
25 53
52 25
27 24
41 18
24 34
48 55
42 19
44 13
22 37
17 21
45 68
66 23
22 74
20 74
44 23
28 46
2 5
70 28
6 15
23 29
26 70
10 46
66 31
58 65
67 52
12 38
23 3
60 23
55 58
22 2
6 27
47 7
9 21
12 15
35 12
43 38
59 30
9 51
60 44
19 31
21 30
46 44
11 9
66 43
66 65
44 50
17 68
34 25
14 46
39 26
35 60
64 20
67 72
70 53
42 66
61 62
74 32
9 10
40 74
30 10
64 51
59 58
44 18
9 58
41 25
61 2
10 50
73 55
26 46
33 67
37 71
32 36
28 41
23 45
18 52
54 8
28 16
43 72
34 51
33 52
54 19
31 41
47 29
21 72
74 31
64 15
27 73
50 32
39 73
3 57
28 34
42 56
50 10
31 61
39 41
38 18
59 47
36 31
1 57
28 53
13 69
67 18
68 20
49 10
18 51
66 24
11 57
38 21
13 24
37 53
39 32
15 11
67 24
64 27
29 20
18 24
12 35
69 31
9 4
27 38
48 50
26 58
32 63
56 22
64 70
52 6
27 44
17 72
67 58
2 74
3 19
1 66
53 69
74 40
50 4
55 23
31 6
59 40
46 18
61 13
14 16
18 60
12 67
30 69
69 29
49 13
7 40
44 1
18 61
29 21
41 51
52 46
13 69
69 31
56 7
22 49
24 39
12 36
32 20
30 26
26 57
16 33
22 37
33 39
23 39
38 63
68 67
34 6
61 6
14 20
12 35
69 36
74 58
71 9
3 4
12 29
60 5
61 60
42 71
2 64
36 17
53 29
9 64
12 70
70 26
15 7
60 61
20 37
45 68
23 47
72 34
1 35
39 61
72 6
58 74
47 71
68 25
25 3
67 14
72 40
39 64
46 3
51 44
17 21
37 40
45 12
51 46
25 67
10 22
50 45
73 23
41 67
25 43
69 17
57 44
56 73
33 6
53 61
27 70
59 63
13 30
1 63
1 25
56 62
24 9
33 23
31 51
67 34
72 39
28 32
8 62
8 18
45 61
5 71
56 63
59 46
18 37
34 70
39 67
36 63
54 68
63 10
22 33
21 19
71 49
28 56
36 73
6 22
3 2
55 44
38 26
39 1
37 13
39 8
48 27
61 19
67 48
40 25
69 37
21 64
2 56
25 53
39 24
55 18
4 2
55 7
41 55
22 53
20 29
4 24
15 22
17 40
61 19
