608 871
22 34
65 253
183 145
465 35
425 54
500 452
451 267
503 443
569 80
229 22
218 284
104 292
11 324
97 418
448 41
576 181
74 352
434 577
209 2
3 25
55 503
476 218
161 82
372 441
481 601
463 410
596 566
93 319
601 190
128 152
550 95
333 15
447 158
303 367
159 306
391 534
520 578
143 72
372 514
224 564
218 398
366 526
67 458
236 379
359 75
531 300
169 255
27 327
124 329
85 602
346 187
527 257
477 381
40 560
607 264
515 536
373 592
165 440
442 400
210 512
474 452
524 355
98 550
393 541
590 478
535 328
376 165
296 564
258 336
515 256
311 134
183 75
117 348
226 270
459 436
174 37
279 409
103 89
350 495
341 43
76 267
82 164
144 378
119 401
425 26
368 127
479 262
521 595
321 139
577 172
286 462
528 276
262 342
76 323
228 417
365 16
395 447
179 538
536 297
42 352
34 409
190 512
63 102
211 95
560 179
266 557
352 505
545 5
238 12
39 178
140 403
193 535
561 83
176 488
379 538
231 413
338 132
28 112
554 238
207 505
128 184
166 191
401 102
195 350
433 553
239 573
348 431
499 12
225 386
500 604
315 442
120 365
574 147
476 519
97 394
127 544
290 4
127 82
105 33
143 250
586 382
214 37
524 424
48 141
201 259
136 516
413 575
272 90
433 459
320 241
565 446
177 566
450 15
359 266
47 501
515 344
274 440
380 510
255 428
42 456
398 497
75 202
463 58
291 607
228 2
240 504
160 128
461 321
142 211
298 508
424 525
244 409
356 335
310 3
474 63
170 264
559 564
177 125
333 468
124 560
181 75
168 52
202 20
372 55
551 62
562 366
298 517
486 45
244 188
367 109
250 248
372 521
203 549
37 535
120 480
199 12
266 78
64 467
97 435
233 359
208 187
116 505
415 602
262 50
501 20
159 462
588 242
374 182
502 123
429 13
602 339
25 260
416 408
438 224
234 63
583 154
569 410
370 375
115 23
137 7
363 295
181 342
248 554
235 142
68 375
474 382
425 210
353 232
9 502
168 563
564 142
428 236
263 189
3 378
532 139
96 606
145 276
51 104
542 285
565 1
372 431
94 188
352 158
132 73
52 299
27 327
152 454
563 414
354 277
503 277
127 311
594 591
586 36
86 519
33 43
232 404
185 325
303 248
195 434
320 246
444 58
572 307
223 238
433 577
226 327
565 64
29 551
46 327
586 452
557 10
206 180
125 390
217 428
29 411
253 349
48 409
118 331
107 341
281 539
309 218
578 265
282 606
527 327
36 217
490 593
226 87
164 351
476 92
490 217
502 454
277 261
254 394
304 361
126 296
3 146
513 580
123 186
290 41
225 325
257 106
309 195
513 185
257 92
276 138
308 490
591 296
142 237
82 157
309 527
452 311
65 357
283 507
254 284
547 478
608 516
296 21
102 520
525 358
3 192
495 23
393 477
318 535
425 111
83 125
350 247
148 414
603 142
24 568
425 570
150 424
477 445
156 578
356 72
39 70
584 533
92 368
114 410
6 250
520 409
375 261
47 234
386 41
375 121
320 191
83 469
326 271
305 194
241 372
265 599
442 560
524 245
320 349
46 37
598 278
445 76
250 491
309 348
243 75
468 563
585 262
423 303
533 440
208 485
523 472
475 356
136 102
601 455
450 358
491 440
347 40
227 597
530 536
48 165
322 515
119 299
169 253
313 93
84 520
289 607
95 155
66 230
257 378
396 98
448 599
249 186
30 476
174 559
115 541
435 436
448 265
446 328
518 470
132 313
381 420
311 188
286 89
129 542
466 525
352 305
515 600
491 256
179 376
526 293
309 353
441 468
329 278
507 238
140 30
263 232
161 573
419 446
373 548
92 551
176 443
247 402
146 449
49 325
537 574
329 557
30 161
128 359
439 26
308 578
375 570
521 535
247 332
84 11
591 175
561 158
9 520
271 475
72 319
191 608
604 519
268 346
392 395
416 222
132 115
511 506
397 423
144 355
466 228
77 160
402 350
29 123
261 299
597 44
329 499
364 37
121 23
382 512
130 189
445 261
15 59
159 123
482 302
477 51
241 554
211 355
295 239
477 267
538 177
310 578
387 385
6 507
408 99
123 249
607 567
509 14
18 379
456 211
73 325
581 25
590 183
379 276
134 567
254 383
135 275
352 233
52 358
452 171
168 574
419 167
244 31
500 581
410 347
503 194
383 476
218 364
370 597
351 503
555 316
277 402
591 341
346 34
410 189
524 577
474 334
135 430
364 346
402 165
405 9
70 179
484 288
255 565
596 605
460 254
313 448
367 7
180 105
40 589
293 275
558 479
608 404
300 75
462 413
560 258
421 21
436 8
20 82
573 7
399 136
581 103
583 339
109 155
443 468
135 448
134 404
318 453
520 329
527 373
133 190
22 266
211 169
593 550
251 557
269 41
84 241
463 59
579 283
533 126
142 379
573 595
175 602
151 406
34 389
170 166
579 511
143 501
71 128
442 321
396 102
73 192
54 535
570 25
209 494
150 62
264 434
368 150
139 518
267 172
299 148
49 589
50 192
481 121
31 26
153 426
448 226
329 501
472 290
525 393
495 386
166 471
531 534
332 61
155 599
232 165
138 281
145 188
184 337
20 534
363 172
63 522
109 392
414 293
73 43
77 568
428 242
430 351
487 473
123 354
463 67
518 601
347 375
500 242
423 519
167 497
402 229
410 511
12 216
515 405
258 591
76 397
544 217
459 135
81 582
488 544
40 109
248 98
195 139
51 10
369 537
506 162
157 308
384 489
235 290
605 492
592 72
600 240
608 451
86 80
136 573
335 175
393 582
592 588
432 34
597 192
570 206
354 438
225 449
30 459
131 26
54 434
417 46
65 416
208 150
208 343
434 542
229 539
228 212
230 51
565 218
243 526
135 308
67 360
468 97
210 598
122 584
136 251
21 520
58 548
62 265
282 207
519 510
457 138
433 78
188 389
7 142
18 142
161 84
501 21
180 422
330 14
397 465
264 129
377 33
68 150
10 61
68 240
282 525
377 106
602 276
206 1
130 223
462 290
19 66
310 518
487 352
243 596
528 218
436 296
251 504
157 580
564 545
211 558
461 587
55 166
574 261
486 95
195 339
385 533
404 406
443 603
149 77
590 69
295 129
76 257
24 553
228 300
201 150
249 53
128 15
538 413
595 416
508 502
466 284
426 262
401 260
576 262
49 269
42 343
397 437
311 421
381 538
432 581
399 392
345 526
406 595
330 393
114 549
286 579
224 103
552 337
75 519
598 443
179 31
497 288
467 199
420 560
448 243
244 238
26 589
475 143
575 516
247 80
457 532
370 392
347 314
120 133
544 109
575 435
459 463
114 318
373 533
269 212
487 224
161 224
204 27
366 490
542 5
281 102
248 43
494 306
68 5
438 3
434 116
149 284
290 262
313 54
506 293
585 384
517 457
607 112
483 77
314 129
401 594
230 40
348 115
346 127
440 495
450 265
323 598
260 324
252 573
90 469
257 66
245 165
523 563
597 109
31 302
557 431
607 179
183 59
5 240
185 156
126 26
132 160
336 392
484 587
356 573
447 324
350 403
489 584
358 189
85 100
490 33
531 200
531 105
258 248
56 155
403 181
500 535
53 227
318 536
525 385
212 76
100 561
478 300
249 547
488 333
39 81
77 281
281 320
97 250
567 152
116 361
44 8
607 96
234 316
343 471
412 266
546 512
539 415
203 179
354 403
223 104
483 299
384 155
330 480
117 288
23 232
361 386
559 359
482 185
387 536
367 190
194 304
413 124
110 8
302 175
122 524
598 604
534 373
471 256
564 299
543 586
530 7
76 481
366 557
377 144
196 135
45 389
150 458
512 259
177 525
146 298
152 135
293 78
220 475
45 175
165 299
473 87
306 548
279 63
208 367
526 403
213 570
184 362
419 407
332 595
324 189
