108 4811
104 41
40 35
87 8
65 104
103 93
14 44
84 92
14 31
50 43
86 34
52 53
19 11
19 90
65 70
39 77
33 50
9 72
84 3
96 56
106 57
11 57
32 10
70 63
59 4
40 108
71 108
18 81
18 16
54 104
70 38
44 11
46 23
2 64
10 57
62 7
5 88
63 53
98 40
7 64
59 62
64 38
61 97
26 94
4 79
89 73
8 24
99 69
47 100
25 72
65 102
95 85
81 65
29 86
105 51
42 71
4 105
108 64
93 42
50 5
12 46
77 36
86 68
12 40
75 36
3 31
45 5
24 18
70 68
103 82
11 36
60 14
48 76
94 49
9 35
53 36
96 37
71 73
104 83
20 87
26 39
9 71
43 48
88 20
8 98
101 18
42 69
47 105
36 32
45 44
82 5
95 70
58 50
69 48
70 47
73 16
56 51
58 11
46 78
18 36
86 51
93 62
6 89
97 37
42 48
11 46
35 96
11 108
53 80
63 14
18 43
45 89
94 103
100 31
88 25
82 81
76 66
35 81
63 39
25 104
103 51
57 45
38 68
60 91
39 14
12 56
56 57
37 41
67 28
88 62
68 77
50 35
51 100
23 5
31 64
108 41
6 72
101 44
31 52
42 69
81 69
33 28
33 69
85 99
4 80
68 71
64 10
14 6
1 52
26 47
7 25
103 29
97 95
72 35
54 21
104 26
105 44
70 30
4 46
36 23
33 104
1 96
21 30
102 21
98 19
84 12
60 78
40 64
81 19
6 26
55 1
52 44
13 81
63 74
8 101
14 19
10 1
39 55
10 76
44 45
51 72
104 36
3 75
8 22
80 34
76 97
101 35
48 21
7 19
2 31
27 15
65 52
15 104
107 25
87 58
85 45
21 96
80 24
62 104
61 49
45 44
53 37
95 101
73 101
27 74
39 69
88 104
13 10
7 11
50 93
68 26
45 105
13 32
36 90
27 4
31 71
47 83
15 33
91 103
42 25
68 80
94 63
91 106
73 97
24 14
97 91
56 33
87 68
65 14
50 91
17 96
70 80
86 100
20 85
95 77
1 70
65 2
25 47
107 5
36 22
34 24
21 89
57 15
65 29
45 6
27 77
9 4
48 94
104 84
70 106
68 87
67 24
88 107
71 87
19 14
16 53
53 36
49 17
67 5
45 3
26 72
79 34
75 19
20 86
10 105
99 77
83 74
9 63
72 79
57 107
108 72
51 52
16 7
69 82
12 21
84 37
92 54
87 75
88 106
68 5
10 59
82 93
24 106
47 3
92 103
1 91
82 67
50 97
74 26
70 101
47 61
45 46
7 23
12 2
36 80
7 46
46 104
30 85
101 92
87 84
102 104
82 75
78 23
64 59
49 41
51 95
102 96
32 16
10 60
17 62
47 23
107 108
34 44
84 26
43 78
17 36
89 98
2 59
13 81
9 77
14 76
79 23
63 2
38 88
77 54
41 31
93 55
30 18
6 5
60 48
83 76
83 63
66 85
29 94
57 54
62 86
21 32
108 99
49 53
78 18
15 27
64 15
97 94
48 103
98 107
42 88
75 17
59 48
9 103
33 81
48 94
75 84
33 90
74 81
35 60
6 65
86 70
79 74
55 18
84 60
33 18
56 107
50 6
62 74
108 94
46 64
95 12
39 19
10 5
7 44
64 29
16 57
6 94
38 76
19 14
27 51
47 82
65 96
103 18
61 103
19 14
74 21
42 4
55 51
8 62
2 87
106 17
35 3
18 89
78 52
102 12
103 40
2 75
43 104
1 11
6 35
40 79
56 81
83 2
39 106
79 40
101 76
72 43
94 89
23 79
33 16
91 43
71 108
25 21
103 25
31 17
76 71
95 23
59 85
24 98
99 11
45 91
86 9
25 88
5 48
58 53
79 56
95 42
55 28
62 50
68 1
66 35
87 68
57 37
61 97
42 67
107 87
49 100
3 89
79 7
44 29
76 15
100 78
72 47
105 41
4 65
57 85
99 35
44 64
72 12
52 21
78 50
107 34
41 17
15 28
40 74
56 7
104 47
84 83
1 81
16 4
53 72
88 59
15 40
14 86
67 65
14 37
22 13
70 79
45 100
106 84
82 69
90 77
23 82
52 24
70 83
27 14
46 23
88 60
78 102
53 36
74 67
72 4
95 50
82 47
57 79
23 30
39 20
107 61
101 66
100 78
40 35
107 101
57 87
53 26
96 13
77 61
95 41
64 97
106 53
36 70
23 58
100 77
93 6
46 86
87 37
71 18
71 70
10 35
48 78
76 35
91 45
3 93
101 83
82 98
27 9
59 66
82 66
34 66
87 79
59 65
8 22
82 94
91 108
21 30
77 96
80 75
32 98
60 24
72 33
29 99
57 104
72 30
61 105
95 56
92 46
12 99
67 94
100 65
93 28
2 77
16 81
44 63
70 103
103 50
43 23
56 7
18 19
36 95
15 38
42 106
83 69
4 57
54 12
13 54
39 30
39 54
2 82
25 88
92 19
29 42
41 100
48 75
10 83
77 24
12 26
38 3
94 57
75 56
68 104
17 107
25 55
68 43
28 92
22 11
2 66
52 59
57 99
41 82
89 9
13 101
50 11
35 15
85 90
82 80
107 80
13 53
40 55
97 39
92 15
41 49
67 7
13 73
47 2
54 71
14 62
12 80
88 62
94 80
60 67
68 58
55 80
18 2
26 22
40 9
37 96
73 103
102 101
83 40
102 44
18 7
13 45
102 100
107 87
88 58
62 47
23 24
18 56
25 43
78 80
67 6
68 31
16 77
39 98
9 32
50 42
54 62
87 48
70 85
26 49
50 87
3 72
18 20
19 42
78 96
30 36
101 97
82 8
65 12
14 89
43 63
39 96
32 17
51 9
9 77
73 58
71 75
21 89
94 55
38 79
43 67
6 51
71 103
75 44
6 104
40 64
58 78
68 105
2 10
22 10
102 94
83 81
77 103
77 78
66 6
49 108
89 70
66 67
65 48
2 86
43 58
58 8
27 33
5 45
42 54
52 27
45 24
103 55
8 89
12 29
29 27
9 98
93 76
70 32
93 64
75 42
13 98
85 45
102 21
102 35
90 61
78 26
100 88
81 107
68 92
28 96
27 52
102 11
35 79
58 20
50 40
61 62
30 53
14 39
73 24
90 71
100 59
96 92
54 84
106 14
84 41
17 2
93 26
28 19
13 85
54 62
33 7
32 62
75 45
100 40
84 97
18 92
47 21
75 9
105 88
22 96
21 54
97 21
96 16
39 108
8 93
61 40
7 92
9 81
45 17
28 36
5 61
19 68
82 93
76 78
89 5
65 1
58 69
21 61
100 75
60 107
75 13
55 97
12 63
86 56
79 5
92 84
66 2
59 55
3 26
40 91
30 12
91 103
80 19
56 71
93 23
85 76
35 31
64 47
94 41
10 80
62 101
71 35
103 21
89 13
62 20
103 107
31 101
10 18
11 65
88 11
87 64
86 30
3 42
92 4
82 101
83 35
2 46
69 12
82 49
24 36
84 18
34 6
10 43
23 36
15 18
46 10
98 24
55 100
81 54
103 70
46 93
105 63
30 81
74 20
38 5
55 13
22 104
35 47
55 73
82 85
91 36
2 96
75 56
87 47
1 97
8 63
81 20
17 19
9 107
38 46
3 108
58 41
11 108
103 81
73 77
58 71
20 59
58 94
23 52
48 23
56 71
101 28
107 26
62 7
24 7
52 42
6 17
82 33
17 77
5 105
61 62
83 96
29 32
97 51
99 36
89 46
14 82
89 12
107 43
18 38
49 85
79 71
102 69
11 26
53 15
38 21
93 12
8 29
59 104
79 49
47 59
2 60
32 90
88 46
40 13
83 105
98 70
83 91
30 93
24 98
15 61
10 107
88 17
27 38
28 13
86 90
88 87
41 11
84 36
73 16
49 63
12 38
24 94
36 53
94 59
42 108
27 67
107 6
99 41
43 18
54 36
107 33
30 56
59 5
107 39
36 47
102 47
84 17
48 27
86 33
85 35
33 19
102 47
40 92
103 82
18 48
25 32
96 54
103 63
75 102
9 2
40 2
65 32
35 4
58 12
53 51
62 85
69 55
39 17
55 33
6 88
97 31
11 100
100 6
70 66
107 79
68 38
80 24
85 6
43 35
33 95
85 95
87 61
57 17
77 19
66 99
106 54
21 9
45 12
14 7
94 28
85 69
81 72
92 58
94 42
108 34
29 100
20 23
52 93
56 37
3 13
43 1
66 63
9 2
90 38
24 75
65 16
35 53
88 34
2 89
92 1
14 12
100 50
50 60
34 105
4 36
9 46
36 74
16 60
92 105
5 23
88 85
39 30
30 34
80 47
14 63
64 43
90 71
92 31
38 17
28 41
53 36
102 104
18 25
72 17
38 76
39 17
53 93
62 82
18 33
20 47
95 99
90 76
62 73
107 99
106 42
48 66
93 41
61 2
82 24
34 11
8 73
43 60
57 104
49 91
45 84
29 31
75 26
15 28
99 29
18 96
86 65
53 70
14 21
88 95
61 13
13 68
85 55
35 50
66 83
32 2
58 76
49 24
102 79
67 108
107 85
3 84
57 71
61 86
91 40
72 59
53 100
18 45
62 52
2 20
42 33
37 100
17 85
31 26
55 98
25 69
90 27
44 38
97 13
32 95
52 11
46 104
3 79
57 64
39 58
83 80
107 12
71 15
4 10
40 59
15 80
35 104
106 79
49 2
91 80
4 50
91 65
62 93
36 10
64 90
67 55
61 65
82 40
95 85
65 26
51 79
105 86
74 10
72 14
27 70
2 47
11 92
3 72
92 54
97 47
35 56
9 4
28 90
59 15
83 15
56 25
93 53
18 74
78 89
103 13
50 104
59 77
103 77
56 86
23 45
41 73
8 65
92 35
47 42
49 21
56 105
61 56
65 79
21 50
59 16
62 17
27 12
1 22
89 56
15 19
8 71
91 15
28 75
50 74
24 6
2 96
2 62
43 66
32 80
24 107
95 85
31 29
5 31
50 1
102 65
19 2
43 17
32 70
107 81
51 23
103 52
10 104
22 68
78 69
39 101
83 41
93 5
70 97
51 11
5 45
91 39
62 26
56 1
95 70
82 54
108 76
13 25
87 34
93 72
11 23
64 93
80 49
98 41
53 40
51 58
100 50
96 69
91 59
70 77
21 59
38 36
42 51
61 20
84 45
92 2
83 63
95 54
19 84
2 72
31 69
37 39
10 40
107 100
99 68
84 27
34 14
78 75
80 30
3 55
90 2
57 81
64 59
26 99
34 28
78 80
96 6
10 13
61 25
4 67
108 103
1 34
24 79
16 103
108 18
66 106
35 30
78 7
88 11
105 29
54 74
108 57
95 26
69 47
66 88
22 65
99 22
6 14
100 22
9 8
55 74
5 90
103 98
96 98
108 18
70 73
33 18
75 74
103 29
31 82
50 4
88 72
25 102
79 62
18 86
9 91
106 6
101 3
9 90
3 8
15 72
80 47
105 62
13 99
90 59
89 32
78 68
11 103
61 89
56 94
83 80
76 96
85 84
99 93
81 9
100 95
96 87
50 92
40 78
99 22
28 79
69 14
38 79
8 7
75 63
100 65
35 84
69 27
75 12
48 83
19 50
86 106
7 85
37 84
75 74
20 45
34 33
99 20
56 105
3 10
4 67
60 87
43 87
70 9
6 25
107 24
90 84
21 97
61 74
88 27
39 15
88 89
47 78
108 102
90 2
20 93
85 95
88 19
73 49
28 78
73 26
10 54
18 30
42 94
103 38
28 50
52 7
30 7
84 29
108 65
47 35
66 39
22 45
57 2
93 100
96 57
34 105
18 51
26 76
36 37
5 63
86 56
86 23
62 61
67 78
34 5
20 99
43 41
35 8
59 35
107 46
91 48
42 108
98 83
91 41
27 95
104 20
59 81
42 28
49 1
105 98
21 33
88 80
89 30
103 39
64 101
100 62
41 33
78 46
24 60
87 50
63 98
70 13
86 19
40 42
19 53
32 56
85 27
27 65
73 21
12 28
29 3
106 85
52 91
39 75
58 17
32 12
22 101
40 107
28 96
40 46
40 87
9 32
6 35
4 78
71 15
13 8
18 26
92 69
8 22
51 66
54 82
93 91
91 25
105 10
12 37
71 67
15 80
98 36
22 101
5 93
24 34
8 41
59 99
17 83
29 67
40 98
40 81
38 80
77 47
107 21
26 65
52 105
70 87
18 79
108 18
102 33
25 34
107 32
66 81
76 24
28 65
79 68
53 9
55 38
71 54
58 96
26 17
108 96
104 34
66 11
51 59
59 92
108 57
31 65
30 106
88 57
78 74
32 23
98 87
76 61
48 25
64 73
42 64
60 53
97 33
63 55
91 29
54 90
85 84
62 22
97 57
95 67
23 18
105 12
12 72
88 59
4 44
24 61
15 99
5 3
24 83
73 22
3 19
20 104
10 81
17 107
30 3
81 52
37 93
79 48
72 59
15 75
10 38
44 24
44 64
42 83
39 6
105 57
40 16
52 50
96 85
64 17
87 36
84 15
36 71
79 107
21 93
89 30
38 40
69 81
104 2
56 34
7 68
106 47
83 66
4 86
42 67
11 36
10 2
67 45
72 37
59 92
37 55
29 74
95 5
62 90
6 25
31 29
92 44
91 82
1 94
60 58
68 86
2 77
87 84
29 51
28 103
50 64
49 79
29 51
99 106
48 105
23 78
41 22
30 23
104 30
24 71
104 91
48 13
59 26
96 87
92 15
81 34
78 37
20 14
88 10
11 27
22 49
13 62
71 42
84 82
87 15
44 82
105 107
94 55
40 97
49 24
3 21
57 80
74 92
1 53
9 28
79 31
76 107
108 54
40 100
43 19
6 86
8 3
100 10
57 32
106 55
1 34
19 96
107 18
97 51
26 32
38 56
15 52
72 85
92 63
19 18
68 13
25 70
4 34
35 32
48 89
48 81
15 35
80 32
39 38
58 70
91 21
85 51
108 77
34 62
95 51
22 107
91 107
3 17
33 37
64 80
34 3
69 64
53 56
96 92
1 61
69 108
97 61
50 97
29 83
50 16
41 87
30 39
102 32
71 26
85 26
14 10
44 82
89 97
29 76
96 29
44 56
28 49
9 77
37 53
67 102
84 15
97 6
54 90
37 16
23 29
58 36
54 101
9 35
89 53
18 76
82 62
40 17
2 48
94 54
8 68
63 92
83 67
97 44
48 41
75 87
70 24
14 15
17 39
65 13
91 83
89 80
36 20
97 53
83 98
14 106
73 92
89 63
51 93
106 6
42 89
92 19
4 14
49 36
52 6
49 50
88 45
22 31
80 26
83 70
31 4
67 103
95 64
58 53
64 71
59 105
51 58
15 55
71 64
106 14
69 46
80 64
106 9
94 77
34 84
38 64
87 13
58 89
76 23
34 31
94 108
44 36
57 74
106 20
29 104
49 5
41 20
68 39
28 53
23 77
28 61
32 22
73 106
3 56
20 36
86 5
51 37
57 107
3 54
18 47
49 83
52 106
10 27
52 54
96 74
22 31
26 70
53 6
83 55
61 102
106 55
15 48
91 71
62 1
32 96
48 81
70 7
94 79
33 37
40 36
2 62
67 44
23 11
49 105
81 18
6 94
88 36
49 86
14 2
87 46
97 26
34 74
48 35
45 96
71 100
24 72
53 90
7 91
100 72
103 88
89 17
73 68
52 13
45 82
14 39
35 19
80 68
92 19
102 44
7 80
36 30
43 88
11 66
87 18
45 97
105 41
5 85
16 73
97 76
46 18
7 80
36 86
55 20
13 64
79 19
35 6
64 93
2 90
66 88
107 2
76 11
58 97
95 73
61 99
41 106
24 47
93 76
40 39
3 52
102 81
86 28
87 41
28 88
22 94
83 36
3 50
46 61
54 48
25 6
54 65
19 78
19 3
61 75
41 63
18 34
35 104
77 13
52 105
8 74
106 90
1 108
48 63
60 101
18 101
15 72
57 33
57 92
36 9
58 76
71 91
18 13
102 2
42 62
14 49
27 11
47 43
27 2
13 102
10 31
94 24
10 59
73 82
42 108
90 7
91 68
5 16
80 107
34 29
60 47
78 102
74 32
52 8
49 81
1 58
3 95
98 28
45 62
1 86
77 106
108 59
65 4
91 52
18 16
81 93
78 66
102 59
97 46
66 53
18 67
2 36
53 99
79 5
68 79
106 36
76 105
3 48
16 93
7 34
16 87
34 93
44 28
60 48
89 17
8 14
99 10
65 43
16 35
47 84
21 44
11 4
56 29
67 72
13 73
13 28
52 62
29 3
89 88
67 85
12 74
98 3
99 70
45 7
12 108
106 48
59 24
51 7
53 25
94 65
98 14
1 57
75 29
75 72
24 33
48 35
15 54
37 21
15 98
27 43
97 24
90 63
48 49
85 8
73 70
72 62
83 88
10 66
24 85
29 47
25 76
98 55
37 26
76 68
31 102
2 19
34 91
98 97
31 74
104 36
83 73
26 63
83 91
86 75
11 41
7 103
30 62
31 71
29 6
102 38
7 28
87 6
17 91
52 91
102 63
34 93
28 75
63 18
74 40
92 100
96 6
94 33
67 33
104 3
38 97
57 61
32 51
66 49
34 9
47 43
72 96
27 7
78 89
24 43
37 23
51 40
28 36
73 3
84 68
5 30
72 77
90 103
20 63
59 69
87 13
19 66
16 62
72 94
42 95
44 94
25 94
26 53
38 6
55 13
73 75
58 52
60 55
62 95
9 29
55 4
41 89
69 57
42 49
58 100
51 101
101 76
87 34
36 16
39 106
44 19
72 102
70 39
48 40
25 73
68 95
76 16
76 52
72 25
100 21
16 59
30 9
26 8
58 77
23 97
74 66
7 37
59 93
76 15
24 100
87 107
103 70
14 70
13 102
94 21
30 18
79 59
42 12
66 99
88 104
87 53
78 2
105 28
94 88
58 25
80 36
39 90
13 52
51 26
61 52
46 107
69 32
57 18
43 31
9 22
42 3
90 11
4 86
39 5
66 4
45 53
56 83
34 68
43 100
93 103
43 46
101 20
93 66
37 27
4 45
64 45
48 61
56 67
39 2
88 12
5 24
64 60
107 5
20 41
104 20
51 38
82 60
57 66
33 94
93 36
46 64
80 1
17 27
68 71
44 63
82 49
86 37
16 100
57 51
48 52
71 99
89 44
66 54
1 98
55 1
25 100
81 12
9 5
55 92
75 98
46 48
54 23
100 70
31 48
12 78
99 98
84 95
33 41
56 50
46 2
66 86
10 38
98 18
42 44
1 8
33 62
71 103
100 62
64 22
17 91
100 7
81 91
10 21
24 81
70 85
83 28
63 108
81 52
33 15
95 49
38 35
2 1
45 101
78 108
31 95
107 22
9 95
4 34
7 43
7 93
20 105
28 82
104 108
41 44
30 43
92 68
93 1
84 30
101 53
45 23
39 43
60 48
45 80
81 52
14 103
52 49
99 95
38 94
94 78
29 32
28 7
13 28
90 42
37 34
86 75
89 37
27 44
81 14
16 40
43 27
107 108
17 93
37 3
95 23
47 18
50 91
24 62
10 5
11 46
54 5
29 34
57 71
77 45
84 1
85 18
27 83
17 43
84 70
61 70
92 16
87 49
106 18
19 23
38 45
69 107
49 5
33 105
75 17
42 50
33 34
83 75
24 8
26 107
77 86
68 76
9 62
16 22
95 50
45 24
95 21
23 51
25 71
48 99
87 105
40 28
46 30
102 69
37 19
68 5
13 43
96 21
13 20
43 107
69 103
23 71
15 61
14 39
39 77
29 33
73 84
60 10
21 54
94 58
72 69
78 100
4 66
29 32
85 71
30 61
65 68
24 95
36 37
25 74
5 69
107 93
60 58
10 80
19 103
29 107
64 15
98 83
80 18
22 72
104 51
40 76
27 63
62 7
86 44
27 62
42 27
13 7
36 93
26 47
29 24
18 43
29 8
30 47
29 9
58 95
49 26
13 19
87 91
42 81
26 84
50 67
3 63
89 54
63 6
8 107
45 25
58 74
32 87
12 76
4 69
63 68
2 91
86 89
73 35
77 98
11 18
72 29
96 53
98 50
74 14
65 11
38 14
84 86
8 3
53 11
87 23
78 89
6 72
69 78
106 53
84 24
86 63
68 74
23 74
31 5
87 95
15 32
108 6
9 8
8 78
34 94
8 20
74 13
91 50
107 104
102 98
36 96
68 103
61 91
68 107
95 62
2 17
94 1
22 102
24 29
87 74
14 95
93 104
15 91
45 13
86 55
18 13
42 86
24 10
84 107
24 86
61 25
102 46
42 15
39 81
59 34
46 88
36 46
83 50
28 36
79 6
106 4
34 55
89 57
64 56
103 41
24 20
50 69
61 64
15 49
30 48
95 10
99 32
108 41
76 35
27 81
32 30
22 86
11 95
57 90
58 52
39 81
87 88
41 55
60 71
103 89
11 105
6 1
29 6
57 104
40 83
92 88
21 65
47 7
30 28
80 97
66 52
75 62
108 21
13 71
31 9
97 28
15 97
72 20
62 83
75 52
82 54
72 102
27 10
17 72
54 96
60 27
56 26
88 55
62 8
17 92
17 21
11 47
26 82
82 87
72 48
30 45
10 39
36 35
71 15
104 58
74 23
5 99
18 76
52 42
108 51
74 21
62 12
46 51
93 24
31 48
69 75
57 94
21 108
21 91
14 32
57 87
54 77
93 88
44 36
21 44
103 2
64 56
13 1
14 13
40 44
60 108
27 25
2 47
40 38
46 54
69 10
48 31
86 33
10 22
84 46
81 78
63 36
41 75
52 71
103 91
6 70
106 48
2 15
3 42
52 48
95 13
57 50
59 50
82 84
71 74
37 59
43 99
2 100
81 53
62 75
51 83
52 65
23 54
79 25
95 39
88 97
67 36
54 17
85 28
100 64
9 28
14 51
18 32
42 98
84 103
80 43
78 23
15 8
92 93
32 94
39 11
98 105
62 44
13 54
87 20
9 95
63 39
37 80
70 95
85 61
105 72
11 90
95 25
97 94
26 20
80 64
46 69
61 107
4 89
53 90
17 77
92 79
23 21
67 108
23 59
61 19
23 87
17 25
4 5
10 45
41 89
108 86
66 76
85 73
45 83
89 13
66 75
36 102
33 35
32 92
3 67
6 90
83 30
1 87
55 45
35 52
60 13
9 28
5 1
8 49
99 4
61 57
78 4
66 3
39 98
2 57
56 23
38 46
52 54
24 14
98 59
65 66
87 89
1 91
90 8
31 80
11 107
44 104
3 18
106 57
7 15
5 78
37 59
15 104
4 54
10 20
74 75
14 55
91 104
52 98
42 39
16 41
83 11
59 100
25 7
14 39
27 107
92 85
29 87
105 82
96 22
10 78
96 23
24 94
35 91
83 76
21 6
24 103
32 82
2 56
104 31
3 23
29 2
15 57
88 11
47 92
32 56
61 35
94 100
20 82
10 4
102 31
27 5
63 17
22 26
28 53
44 66
97 45
81 62
41 107
108 24
47 71
84 97
56 75
9 92
64 34
3 73
81 29
77 35
61 7
76 89
75 28
62 63
72 34
32 4
49 31
43 95
9 18
83 65
108 107
64 63
49 66
28 21
2 12
71 79
34 54
75 108
81 28
79 45
78 2
64 18
49 107
20 57
32 10
29 32
25 92
2 73
65 45
1 83
73 87
53 106
32 19
106 5
46 92
49 15
93 20
48 33
18 67
90 66
77 10
97 101
10 6
81 74
51 81
48 15
59 8
12 106
26 25
2 88
8 50
102 9
86 58
57 11
16 38
76 108
64 8
73 86
104 54
28 76
10 42
42 17
69 40
59 94
57 38
9 15
47 17
100 104
90 2
28 19
78 43
98 49
51 78
26 46
40 69
30 49
2 87
81 87
34 31
88 91
68 96
105 23
21 96
18 2
5 61
36 98
104 42
55 46
11 96
107 50
57 44
6 74
23 87
52 72
25 31
54 1
35 66
23 71
69 40
88 90
9 31
79 4
72 25
65 83
29 79
40 85
15 46
50 53
40 10
16 64
56 86
80 106
59 102
68 20
50 63
17 58
94 95
61 73
28 33
63 56
3 103
32 17
56 97
69 95
106 101
66 70
94 38
67 44
31 43
79 96
13 95
45 106
98 13
87 17
45 41
88 48
51 27
80 106
15 57
108 29
65 66
6 50
11 72
1 57
6 80
45 19
82 89
32 71
10 26
103 70
67 82
9 25
16 105
23 31
69 22
75 25
103 80
90 5
59 90
78 81
77 14
7 67
10 38
29 19
80 40
89 54
13 5
78 29
17 100
75 85
30 57
17 24
44 106
45 102
104 14
74 72
43 80
30 52
26 75
87 105
6 83
50 34
103 35
78 12
27 44
4 72
8 21
3 51
34 63
45 29
76 26
9 26
106 54
78 39
20 72
35 41
46 100
75 56
26 44
67 68
104 87
47 3
107 50
54 48
4 6
77 96
31 85
13 44
30 106
82 66
85 24
106 22
31 72
94 73
24 68
32 19
46 79
37 60
36 90
108 39
3 76
26 34
68 55
77 5
68 67
70 45
90 68
82 13
47 67
85 70
27 24
104 72
10 33
40 45
14 39
100 33
22 33
66 105
103 50
1 63
8 71
107 98
30 80
18 92
55 10
54 81
49 60
59 97
99 11
19 45
18 51
66 51
8 62
45 73
63 15
81 41
13 86
86 1
11 69
55 20
14 27
84 79
102 50
67 93
61 85
29 94
43 3
52 50
80 5
15 50
19 3
90 32
104 67
48 6
44 102
41 73
36 16
43 29
66 18
13 34
10 58
19 53
76 71
10 63
75 40
5 1
42 2
48 53
85 95
58 20
88 6
92 15
22 43
44 87
60 72
28 85
37 62
29 20
24 55
83 6
94 87
23 44
88 70
96 80
57 62
99 36
67 99
67 88
33 18
82 108
105 17
84 34
79 21
53 10
91 27
16 76
21 54
27 17
15 31
96 71
92 103
15 50
93 97
46 17
6 35
32 2
52 23
51 22
59 12
31 41
38 62
25 75
7 51
91 38
81 94
108 80
88 30
38 72
18 83
104 23
25 43
41 76
66 91
5 32
102 52
73 48
5 14
28 55
12 65
44 105
80 31
101 2
68 64
19 58
76 42
83 26
82 66
91 80
71 15
74 30
103 13
50 107
42 77
69 53
49 20
65 21
51 57
38 10
29 56
68 104
5 58
21 102
15 20
74 101
50 55
22 44
83 72
42 16
56 18
68 105
38 24
33 88
97 70
97 17
33 72
28 54
21 64
47 52
83 28
44 40
82 83
56 45
32 87
8 66
46 4
103 86
52 82
74 29
86 106
62 66
25 7
102 88
69 45
79 5
105 10
102 78
1 50
14 48
28 21
5 90
41 15
83 108
96 64
29 90
61 106
63 85
20 56
80 104
9 66
108 5
76 102
82 92
59 95
47 102
23 52
99 79
66 73
79 70
44 15
67 104
12 37
96 47
92 84
42 100
41 42
104 24
51 77
7 1
79 70
102 10
13 93
88 94
73 74
71 9
88 45
20 7
81 8
69 65
91 3
72 39
60 84
63 2
68 85
18 39
46 27
64 74
27 43
60 8
25 38
16 20
83 51
27 55
74 3
27 72
5 99
3 80
90 65
97 49
41 6
103 49
58 68
75 9
35 82
33 73
5 52
47 56
94 9
21 97
36 1
9 42
3 105
23 67
93 87
15 7
82 25
55 31
93 37
39 19
27 87
107 31
47 61
102 48
70 31
52 13
31 61
70 33
57 108
7 57
86 37
63 75
62 25
106 62
62 52
96 88
31 3
26 93
63 36
32 40
66 84
68 96
52 45
36 16
44 58
72 38
2 43
20 63
67 17
32 36
85 36
31 23
38 57
7 100
92 54
48 65
45 7
68 96
52 103
19 3
68 91
40 69
25 76
40 107
92 71
35 84
106 65
106 35
29 20
43 28
74 90
92 10
96 51
14 55
61 32
58 20
14 5
105 54
80 36
69 80
106 11
55 12
91 53
62 12
72 104
55 53
85 39
63 89
105 92
35 58
15 92
93 45
97 89
6 84
16 74
55 30
100 2
57 83
70 10
2 49
6 56
102 106
94 72
102 91
55 29
56 69
28 56
5 32
37 11
8 68
100 62
5 92
79 61
66 40
87 67
89 108
14 82
105 16
61 99
14 7
35 85
75 62
32 96
2 84
14 9
60 21
86 64
4 57
33 85
4 11
59 108
26 89
97 22
12 49
28 25
55 78
17 38
48 41
49 40
70 73
99 90
50 70
2 14
10 102
34 36
53 33
61 49
22 99
60 86
34 100
33 4
8 86
51 71
34 7
2 103
79 8
84 36
78 101
50 103
95 99
31 55
23 91
103 60
97 70
38 23
77 86
26 84
79 92
62 4
6 64
106 84
71 97
27 56
90 92
51 76
82 81
22 13
79 32
72 68
101 17
90 69
102 23
60 72
22 13
75 27
92 88
18 55
77 44
18 58
28 68
25 1
40 62
13 27
93 101
94 101
9 75
61 19
5 28
106 26
56 89
68 40
68 85
2 36
20 19
93 63
87 25
64 34
86 92
60 70
100 61
62 17
27 30
35 47
73 48
72 21
28 31
76 96
23 77
23 43
95 24
105 89
48 76
15 26
76 90
95 67
43 65
83 85
94 25
24 59
73 3
95 100
50 62
87 72
30 18
22 32
41 35
13 104
2 43
21 93
24 52
82 88
42 59
89 67
98 55
47 8
41 38
57 102
33 37
39 66
58 71
14 108
99 9
2 33
30 2
72 69
53 62
48 95
12 44
69 17
99 7
24 47
60 97
57 108
25 95
65 98
73 78
98 79
103 7
19 40
8 107
108 77
60 63
79 87
106 39
103 4
61 34
51 12
22 15
28 62
17 92
52 90
78 57
76 72
79 95
19 86
93 18
70 60
80 40
38 93
78 32
97 46
81 55
74 103
69 101
72 85
100 15
82 69
87 66
48 57
52 66
51 52
99 12
3 70
52 40
55 37
87 59
83 75
21 48
69 89
56 49
81 47
79 71
8 58
28 71
22 95
45 72
54 35
84 72
13 43
3 67
79 105
33 69
71 53
24 48
49 79
4 37
34 82
107 41
31 42
19 53
44 63
32 5
6 23
76 18
65 94
100 52
90 24
28 69
92 68
24 32
38 27
68 71
108 83
19 47
32 54
7 76
24 38
80 29
77 64
62 33
49 53
100 31
92 20
7 75
87 46
14 32
88 98
11 87
72 45
41 103
6 63
86 30
9 74
74 85
29 28
25 93
96 17
15 80
52 37
62 46
98 92
93 77
81 103
72 60
56 4
54 61
83 48
90 91
29 72
67 73
99 91
57 86
15 88
73 66
32 43
3 22
42 96
98 14
106 77
73 53
81 34
22 55
97 3
53 33
74 11
105 80
9 70
74 24
49 54
89 96
4 92
9 45
95 15
58 92
91 38
53 79
72 74
41 76
92 93
1 74
103 105
45 4
82 26
27 22
80 23
26 99
22 34
36 8
48 1
8 47
39 60
17 18
41 58
93 24
42 93
97 53
106 50
72 79
75 6
9 62
28 34
53 66
83 104
73 39
104 96
85 34
47 9
67 87
66 52
19 16
52 7
84 65
72 63
52 55
68 76
8 3
17 76
68 7
71 49
45 83
36 37
24 99
46 91
93 19
50 3
50 9
26 25
90 97
87 33
43 62
16 67
81 32
50 56
38 29
104 99
3 48
27 26
38 88
24 38
107 73
41 48
98 82
89 79
86 67
19 21
37 34
103 25
81 44
80 26
72 76
16 90
31 59
24 84
38 47
13 36
28 69
100 17
42 80
3 20
54 21
56 106
54 66
22 42
1 102
67 89
85 99
86 7
49 1
90 86
64 10
30 107
79 21
15 28
8 33
47 61
53 10
59 14
75 80
55 92
73 13
88 49
3 65
71 67
82 52
61 53
62 90
51 48
18 81
75 25
5 14
101 57
39 51
86 22
39 32
5 3
60 108
68 79
64 30
37 53
98 97
105 67
94 47
6 19
19 80
43 39
1 52
3 56
102 88
77 32
11 81
51 87
80 26
57 51
71 1
12 60
6 8
34 7
71 39
26 105
27 84
36 43
27 38
98 37
18 66
68 44
54 26
38 41
51 94
108 14
3 11
89 24
34 15
30 104
69 71
9 3
47 60
46 89
97 51
17 22
25 85
82 78
18 11
27 85
13 26
6 15
36 94
54 69
16 83
81 101
46 105
103 108
56 88
44 15
105 82
39 97
55 24
6 65
50 90
93 75
95 107
18 97
52 103
20 43
91 12
104 87
23 103
34 94
82 93
108 78
66 38
82 28
62 88
1 19
85 93
2 88
108 35
92 67
29 3
1 27
31 12
5 53
6 54
38 104
55 54
73 12
91 63
56 60
58 56
79 34
56 96
29 55
22 28
30 67
31 46
93 77
58 98
37 63
59 90
74 5
35 39
33 18
9 88
93 66
51 79
7 14
66 36
85 104
79 6
62 17
51 46
93 16
51 21
95 2
3 60
6 37
6 54
70 14
49 71
79 99
41 86
21 15
29 105
10 107
2 71
16 68
24 108
84 75
37 86
76 39
37 97
91 43
59 69
72 107
47 43
6 87
36 26
9 64
22 34
62 23
12 93
106 36
93 97
2 37
74 93
91 19
97 89
61 47
49 24
46 3
82 51
106 9
76 6
72 5
56 42
43 67
26 40
10 26
45 11
78 10
11 60
28 16
41 104
62 105
36 15
108 9
81 105
18 64
18 105
68 73
54 2
48 96
58 57
29 102
84 107
3 2
58 47
17 6
42 79
19 93
1 34
102 82
30 27
37 63
39 13
44 93
14 91
96 71
39 16
64 30
14 83
32 88
21 48
1 78
34 19
63 35
68 72
24 5
6 76
68 44
88 3
44 10
1 31
96 55
47 52
85 76
42 8
71 78
71 88
47 105
14 17
47 82
104 86
86 1
69 61
45 65
79 88
74 79
27 61
42 89
20 18
72 77
41 51
46 19
30 1
31 43
33 93
32 29
70 10
29 31
70 89
3 41
85 76
27 3
44 68
91 80
101 70
48 49
12 2
68 41
2 98
100 50
83 23
78 60
48 15
106 26
103 108
82 79
91 108
97 43
84 95
30 92
57 77
33 68
94 8
17 3
105 24
53 95
46 22
63 2
52 60
27 47
76 108
33 74
15 22
8 98
8 37
82 64
22 40
7 29
72 26
41 95
78 44
48 7
106 49
59 73
75 13
56 90
45 22
105 66
45 2
90 82
99 61
11 12
8 33
56 79
58 97
65 27
48 5
50 61
53 108
25 36
28 97
17 72
10 29
46 54
31 27
43 37
103 53
65 3
86 12
81 51
16 54
78 63
58 35
31 18
50 72
53 77
60 86
40 85
6 85
46 52
19 89
89 14
49 61
32 26
72 4
93 104
57 62
74 22
96 105
40 53
68 108
21 35
85 60
11 107
53 56
50 87
36 46
8 101
106 39
34 86
59 18
97 23
79 78
45 82
74 100
26 49
99 62
83 76
14 1
90 82
57 31
60 108
93 84
100 106
14 26
99 88
43 87
3 30
57 47
19 38
38 61
103 44
14 77
27 43
94 8
32 42
55 92
41 39
67 49
52 96
90 43
76 24
21 78
69 93
32 104
23 85
72 33
20 101
1 63
36 94
70 67
43 32
66 100
86 40
40 30
28 21
72 11
60 108
104 37
93 27
32 23
19 11
55 54
3 71
8 38
73 94
13 7
17 78
14 103
26 69
40 69
105 3
79 57
2 90
1 2
24 48
40 42
58 94
95 60
73 11
6 37
12 34
59 44
19 89
54 44
49 93
4 46
95 98
10 5
79 10
6 10
73 46
51 38
47 54
5 27
80 10
79 91
59 30
26 78
26 96
29 74
80 49
27 83
38 36
87 25
61 108
34 41
61 101
78 16
46 83
42 33
92 13
15 59
58 56
28 83
43 56
64 31
104 91
5 50
34 107
90 95
106 31
27 59
39 105
74 100
79 23
24 78
35 54
28 92
18 71
66 60
35 38
106 46
20 2
3 53
108 55
14 31
82 88
85 94
69 77
80 91
8 65
18 62
1 17
79 87
99 46
13 28
44 59
47 61
61 99
77 61
46 90
107 35
69 83
36 29
67 23
27 75
87 44
28 103
77 14
82 67
59 94
94 10
60 32
71 29
38 39
105 99
20 103
41 104
93 76
40 68
98 66
34 93
18 77
87 94
90 76
52 56
78 37
66 29
84 28
73 13
82 69
4 101
79 44
4 80
28 43
39 33
108 88
17 33
56 12
34 53
87 85
108 72
29 65
9 20
108 81
33 81
42 52
89 28
3 92
107 30
26 37
63 42
16 95
90 87
14 16
31 9
8 47
80 53
3 88
72 19
61 12
99 10
63 96
37 82
79 52
3 13
104 81
70 12
84 51
6 97
66 37
105 90
99 77
34 9
72 105
27 40
9 34
49 87
21 102
60 99
61 79
19 56
67 88
67 42
31 89
47 4
33 59
93 23
43 34
31 7
47 58
46 71
107 3
65 19
12 17
25 72
3 44
19 69
23 102
19 69
82 81
73 22
31 73
44 74
15 74
96 61
39 49
39 37
67 103
71 78
27 96
57 29
31 76
6 69
85 40
30 74
12 10
95 58
82 46
23 4
11 26
64 66
75 102
102 33
5 81
19 31
68 75
60 6
58 65
74 50
104 103
15 23
20 17
80 102
62 11
105 89
36 77
46 18
86 55
51 90
27 85
13 94
51 72
7 17
44 81
66 55
91 97
77 3
21 64
12 83
74 24
63 18
100 16
35 94
86 101
75 5
77 103
6 36
82 13
68 17
1 25
87 91
29 71
93 50
27 12
40 100
36 10
9 27
25 44
12 2
52 103
22 21
97 44
72 71
72 31
103 72
71 82
54 100
44 55
57 70
66 96
78 9
105 102
52 37
37 79
54 105
73 92
17 62
27 104
40 98
26 34
61 96
23 22
87 67
92 35
44 66
38 29
74 50
23 17
86 75
96 48
71 60
31 103
29 73
98 84
62 15
26 30
3 48
67 105
22 51
48 82
8 85
2 81
43 24
98 20
99 101
83 77
68 5
72 97
93 61
88 46
76 5
91 94
53 50
90 100
45 63
15 38
65 95
80 104
100 7
94 108
90 79
68 2
42 56
95 102
51 48
85 56
47 86
108 96
84 89
103 20
60 25
57 16
27 44
11 35
51 13
34 48
91 101
65 40
64 51
33 7
7 26
62 69
3 77
72 86
73 82
14 24
106 70
39 24
22 66
58 72
94 92
11 92
100 91
23 56
50 71
62 56
4 31
32 7
107 103
108 71
76 13
95 73
99 41
96 12
106 62
83 107
61 1
90 52
91 20
107 32
91 60
103 94
90 26
8 104
36 8
67 3
36 53
75 26
1 79
37 107
48 27
105 108
43 103
51 42
14 50
89 104
17 84
106 15
17 5
10 53
28 92
55 80
52 38
105 53
24 50
51 71
76 63
70 27
57 28
68 87
77 48
82 2
39 95
16 72
8 41
16 51
25 86
22 92
31 19
36 70
84 102
48 67
73 25
93 21
53 52
107 21
8 97
38 62
99 69
25 106
2 56
49 42
50 70
25 96
104 77
58 79
70 105
38 34
22 71
74 90
85 2
5 89
56 66
80 16
107 77
17 54
33 74
11 103
7 107
6 83
72 85
60 68
30 94
105 67
72 86
48 64
104 68
61 51
42 32
66 40
16 83
1 65
64 12
75 70
26 80
44 97
72 12
56 101
13 69
60 84
46 15
55 41
99 7
91 32
54 49
71 86
39 87
42 102
98 8
80 15
87 31
3 67
42 75
59 54
35 26
45 96
57 8
29 47
14 27
94 84
91 56
61 21
34 10
31 40
17 18
70 11
48 73
77 106
55 44
51 105
85 4
92 33
11 28
95 40
71 80
31 53
43 91
90 93
100 12
24 45
93 35
92 73
19 89
35 62
48 31
55 67
31 103
77 74
90 24
52 77
55 105
28 53
86 12
61 5
51 100
49 51
26 48
32 61
45 66
30 92
5 84
66 51
79 50
32 76
73 84
44 35
96 87
104 89
98 72
1 56
63 65
107 89
4 30
57 48
3 86
47 23
62 20
73 48
69 13
15 50
96 74
100 83
53 95
79 58
58 79
6 13
35 4
9 38
49 81
102 67
58 56
90 27
76 70
74 52
82 104
101 85
86 93
75 46
95 45
103 45
15 16
73 65
35 97
103 83
69 4
58 34
75 39
61 58
16 42
2 6
54 10
106 31
10 89
92 105
25 86
57 56
102 37
28 25
38 19
1 41
92 50
24 38
2 81
53 60
98 74
5 16
72 51
25 52
34 37
92 11
93 55
20 21
83 64
61 12
98 77
69 81
19 92
10 36
80 78
95 86
44 99
9 23
41 33
74 86
73 101
70 36
28 107
26 91
75 37
96 60
13 68
78 12
77 21
108 47
8 101
106 14
1 20
71 49
1 52
26 89
44 4
16 72
2 41
70 92
94 58
43 14
33 28
26 2
49 41
64 72
33 61
85 49
96 47
97 96
99 31
76 50
34 108
29 51
40 99
34 41
64 77
55 96
12 96
5 60
28 84
23 76
52 16
16 39
62 20
42 68
50 10
10 83
9 38
41 64
44 75
13 107
59 67
3 70
70 23
38 97
15 60
64 66
75 95
13 45
6 54
4 72
79 13
62 103
67 103
75 2
69 87
17 35
45 35
104 6
57 33
10 71
1 89
45 91
91 57
27 96
18 31
75 97
59 29
107 17
23 73
35 107
51 67
33 3
101 44
24 49
93 33
28 93
29 72
75 11
36 102
15 53
40 89
57 6
9 56
39 47
20 73
45 87
31 93
89 39
45 5
103 29
53 22
13 82
93 103
92 36
4 106
89 43
103 37
65 3
92 103
66 20
83 18
106 21
3 86
59 63
106 53
91 51
75 11
24 75
5 23
3 9
37 107
67 31
35 23
49 35
33 22
54 7
40 67
27 58
44 85
12 42
46 10
108 28
20 39
102 24
61 12
48 5
26 23
51 61
45 8
3 94
29 56
100 84
14 19
33 73
11 60
22 56
69 21
99 88
75 93
20 28
12 67
48 54
105 99
6 58
14 24
43 42
95 34
18 108
68 66
88 95
18 42
86 38
33 66
5 33
101 48
60 75
3 5
72 101
26 21
6 49
63 64
35 4
81 50
72 54
46 58
71 63
7 49
8 55
22 28
103 14
75 71
88 78
91 67
86 9
87 108
73 57
63 16
77 51
81 40
104 18
5 83
80 27
23 104
98 60
23 108
89 6
70 84
99 53
43 76
77 37
91 57
2 61
72 78
3 45
25 15
78 45
97 66
71 27
61 76
102 83
76 98
88 37
73 78
105 23
62 73
76 44
22 77
13 1
46 15
61 86
45 31
22 49
96 108
91 48
76 84
38 43
73 34
95 54
19 92
76 80
56 43
32 93
27 44
2 88
74 62
65 27
108 86
75 95
102 74
50 69
65 104
3 46
29 97
99 47
96 82
35 60
33 82
44 59
33 61
39 14
15 11
40 14
