657 3267
251 331
546 172
84 230
482 444
77 607
88 400
346 121
363 371
279 287
135 169
253 86
471 253
99 287
615 236
352 446
375 294
119 612
466 202
184 639
645 261
281 75
352 626
195 406
31 473
384 165
334 637
599 147
581 389
125 230
624 168
18 341
462 136
644 619
337 171
292 16
123 264
440 166
232 326
572 611
491 298
467 167
626 408
5 550
140 478
122 455
337 489
139 490
624 474
143 653
644 127
360 458
390 142
624 314
468 538
267 301
178 426
159 147
525 512
388 7
24 201
462 52
32 292
542 656
108 27
343 444
153 45
244 543
187 559
548 346
439 157
338 309
582 188
147 450
391 534
148 414
77 301
157 458
284 41
456 84
417 490
219 569
534 154
146 412
56 36
449 494
542 129
494 158
8 640
299 398
516 139
503 285
131 3
85 107
43 232
190 151
64 100
63 289
253 557
44 308
285 184
494 518
313 330
367 12
313 358
410 520
496 604
496 318
606 272
424 341
503 305
491 258
404 245
239 657
494 631
307 470
157 492
330 161
165 388
173 477
88 274
31 583
220 527
593 518
141 359
550 336
7 75
285 410
320 523
101 505
188 100
317 345
591 338
197 447
68 369
266 156
334 646
430 554
207 365
106 347
416 655
374 422
421 351
523 432
216 316
279 404
415 287
440 40
624 636
487 384
40 444
231 373
432 352
618 638
60 66
20 475
412 85
588 176
435 145
607 343
460 578
438 566
207 220
606 523
547 435
598 586
570 171
302 345
522 611
17 273
20 385
439 123
470 61
647 596
206 289
281 357
209 61
266 107
280 214
321 170
340 261
447 252
123 91
288 337
45 654
301 413
381 83
227 542
492 217
481 40
505 104
397 405
514 5
203 136
567 216
654 598
168 444
192 640
226 172
319 619
168 619
66 240
393 293
474 228
201 646
616 397
92 355
144 297
51 38
125 309
253 121
249 113
256 133
95 174
653 413
484 512
66 550
94 151
185 259
378 385
247 28
473 31
383 616
327 125
345 451
126 290
264 374
402 519
198 188
384 193
292 211
47 49
103 490
199 636
91 268
55 338
296 527
60 370
177 386
186 213
180 311
502 443
377 595
653 574
125 380
110 108
282 505
157 384
337 355
54 120
315 108
149 610
634 208
14 502
593 199
57 464
510 559
598 229
188 286
494 5
357 603
112 638
143 268
56 479
315 109
598 629
216 89
273 541
645 286
77 273
484 133
79 28
383 369
605 571
346 442
267 45
79 378
374 570
338 429
392 344
229 24
315 136
462 587
19 449
564 444
413 82
576 492
110 651
552 406
256 240
539 522
633 310
591 349
222 620
120 305
306 348
329 620
483 482
241 193
622 496
636 378
578 246
561 379
239 455
476 494
386 358
50 361
359 641
52 580
603 520
228 601
559 248
563 384
421 496
268 385
26 595
105 603
532 357
16 114
503 492
299 231
541 41
591 242
373 334
164 10
196 83
610 97
22 208
172 442
46 131
170 71
68 623
366 600
15 381
405 517
215 395
91 447
435 373
31 150
50 544
509 245
626 461
34 648
11 205
124 405
336 642
476 95
608 533
386 314
605 133
173 512
528 263
301 654
636 332
496 377
218 347
313 535
150 346
525 161
243 341
565 270
325 75
364 624
299 93
280 247
574 453
101 136
407 401
133 385
424 320
453 641
9 109
519 507
146 78
10 388
418 267
349 86
33 56
401 24
497 24
270 105
476 62
241 225
154 65
302 578
384 97
561 392
554 114
590 43
541 600
430 301
558 122
78 282
526 479
305 57
194 266
510 361
327 93
277 481
506 578
93 232
367 345
315 612
459 248
654 342
539 119
334 131
589 104
412 149
274 409
554 467
17 406
170 344
191 138
516 39
59 608
271 117
295 277
71 445
524 417
478 405
535 504
535 158
607 639
306 572
390 551
381 406
299 242
441 489
379 648
528 129
598 490
594 585
109 357
64 325
116 542
72 342
388 299
499 29
280 496
600 361
389 15
109 30
256 242
211 326
232 430
147 522
611 83
449 62
439 204
78 246
88 150
587 167
140 120
195 111
615 137
471 346
151 579
68 98
163 627
116 87
91 262
608 44
36 91
454 167
294 532
412 382
373 34
240 512
153 435
622 111
263 435
148 106
48 564
552 560
225 10
646 315
620 288
50 348
378 504
514 14
70 617
87 442
342 327
645 495
453 609
297 407
78 136
512 125
392 407
376 616
416 56
623 71
343 15
418 63
210 623
426 279
274 512
412 616
530 399
145 17
42 441
424 468
268 627
285 2
376 3
310 484
59 275
246 401
638 355
156 191
320 581
161 285
127 573
243 349
6 387
365 48
519 480
515 130
142 131
517 494
132 35
552 406
280 644
79 634
142 269
645 65
121 273
541 385
207 232
391 594
288 130
147 460
336 276
601 170
99 460
6 230
187 249
328 466
584 406
135 69
366 122
482 486
86 365
214 293
288 296
578 576
117 67
378 452
343 321
313 133
472 10
362 350
258 381
508 185
129 642
602 494
455 426
15 233
483 577
525 113
564 445
380 23
203 100
166 545
112 479
369 276
488 74
625 438
454 167
314 275
151 607
460 298
67 474
530 549
85 89
354 648
225 76
13 427
525 179
7 328
349 375
603 528
140 263
308 286
429 313
560 272
262 362
261 329
528 482
569 304
262 265
295 486
33 656
604 557
177 302
227 217
369 522
88 508
476 87
485 247
400 387
210 353
441 162
373 3
643 285
306 247
241 600
424 273
599 371
521 467
364 440
27 75
653 463
583 471
549 410
409 291
489 619
644 621
472 359
623 458
335 620
396 576
255 163
540 545
225 96
354 588
227 72
355 222
534 629
35 426
73 443
408 561
96 86
216 568
445 530
60 471
493 455
81 90
309 313
634 225
408 22
505 634
94 202
547 319
522 581
436 594
58 187
190 503
272 405
105 408
278 164
571 462
310 651
551 311
306 219
535 405
240 74
73 25
624 619
36 488
234 471
425 292
349 614
137 313
361 241
412 330
96 17
134 97
11 376
407 8
286 634
105 526
399 177
242 366
488 626
196 64
132 620
355 172
268 183
484 321
115 588
342 559
604 476
656 306
543 97
314 172
73 418
389 472
286 322
529 116
291 67
180 422
379 226
285 338
101 112
1 215
391 343
117 29
510 115
335 395
211 340
258 633
449 646
139 77
311 10
193 293
425 64
406 146
289 33
484 389
493 176
296 575
210 104
604 62
567 281
149 469
312 406
444 103
87 274
179 89
283 63
381 400
126 478
545 107
202 63
187 38
588 482
612 140
585 558
202 494
530 42
655 184
139 441
286 225
58 157
313 32
219 385
431 37
554 11
492 99
422 21
136 352
195 439
492 471
32 385
657 253
426 654
129 564
437 106
481 186
262 485
567 173
562 32
558 458
391 392
248 156
412 75
199 606
514 33
112 237
109 111
489 534
107 617
133 235
66 305
113 19
132 371
191 385
402 91
186 136
174 125
640 586
200 181
226 405
563 337
641 14
447 164
240 245
124 64
480 538
368 592
248 191
305 439
576 398
221 453
225 395
577 556
15 468
80 589
215 334
269 198
347 407
362 278
652 177
341 474
57 400
100 653
283 96
434 201
493 347
345 410
433 613
308 139
424 387
70 638
412 30
179 102
437 232
71 123
408 412
288 156
503 387
151 128
174 277
20 358
315 364
110 439
12 418
577 435
496 338
415 251
368 285
44 496
516 114
310 615
217 597
462 412
18 613
539 191
581 559
548 238
614 350
19 625
459 287
402 297
316 509
239 375
485 631
562 344
437 214
650 653
502 455
407 519
410 638
401 25
231 641
262 187
333 629
504 134
607 597
122 265
448 53
332 276
26 236
311 462
450 652
150 294
449 248
505 550
228 248
574 458
231 527
337 255
190 183
80 139
122 551
96 262
603 427
229 320
5 231
474 146
225 315
132 17
562 636
258 482
575 524
631 498
393 310
95 275
184 524
413 655
417 200
259 362
318 179
373 15
409 189
509 633
503 640
341 100
310 291
581 228
157 246
68 241
248 511
515 431
377 620
428 136
162 378
189 172
556 562
186 307
442 37
632 637
369 7
79 21
297 351
248 453
596 7
37 186
518 551
309 586
205 428
414 59
498 602
230 396
198 107
395 332
143 369
311 511
375 389
224 364
82 163
159 20
170 544
555 379
130 555
307 334
325 63
392 165
357 621
253 246
70 647
577 562
50 230
107 116
618 330
479 391
493 330
103 354
216 657
75 345
554 73
22 570
485 105
78 184
418 330
429 179
11 41
83 60
270 539
524 580
560 38
313 87
367 415
440 582
106 206
619 351
279 332
264 106
436 33
638 545
54 101
67 64
141 498
472 411
379 30
333 631
67 337
60 125
444 192
50 549
89 360
592 59
34 198
513 161
579 493
49 632
286 464
387 426
304 550
528 375
579 552
348 338
232 99
462 18
639 203
258 71
562 192
478 287
81 334
140 2
518 537
325 146
343 403
264 646
295 134
363 566
29 402
246 609
501 50
318 174
253 575
244 506
110 414
485 539
90 624
541 299
503 557
445 188
303 51
525 289
533 580
197 253
324 442
204 516
184 521
33 128
439 625
325 240
381 152
121 162
467 353
461 4
253 597
191 247
339 408
535 214
330 75
467 653
208 362
512 83
226 236
559 356
203 227
595 584
70 407
88 537
103 240
540 47
179 423
293 517
522 519
423 194
285 581
538 493
285 84
267 510
319 169
557 214
87 186
140 505
593 576
384 387
159 616
125 29
73 417
546 594
627 3
479 255
583 51
90 210
135 48
412 145
565 311
358 651
497 189
499 124
108 574
510 615
224 326
643 296
85 223
581 403
225 402
657 150
453 438
360 279
486 114
115 393
424 165
79 612
353 269
78 152
185 279
109 409
604 444
396 380
9 320
126 234
64 125
383 208
563 434
486 83
239 293
475 6
457 245
309 152
513 79
653 390
357 453
490 653
239 228
67 597
547 192
522 303
9 596
510 263
373 31
345 611
323 511
308 122
99 309
622 611
387 309
343 435
105 524
430 35
95 497
323 333
380 187
635 388
126 180
342 498
559 29
143 224
540 143
37 330
451 350
632 180
2 10
614 455
533 79
181 627
267 504
303 646
33 629
69 158
151 410
347 401
439 182
624 13
324 352
34 466
394 8
645 395
17 293
541 550
371 64
211 329
259 513
318 292
177 386
141 19
487 180
420 617
361 78
321 376
430 354
184 166
362 520
252 378
155 484
619 218
547 173
546 149
28 555
132 553
632 272
572 462
143 334
113 503
411 434
570 532
130 96
40 183
615 640
561 462
466 214
371 48
386 259
545 106
506 19
1 480
639 572
633 125
597 89
319 351
214 232
225 343
327 614
526 634
288 121
438 446
334 151
493 63
101 380
517 298
398 517
121 379
124 445
195 63
533 514
413 89
88 330
124 106
635 341
82 614
461 211
402 486
53 237
240 503
308 99
143 48
308 612
119 431
400 313
493 624
169 598
56 605
619 528
54 288
211 484
244 363
38 646
540 439
574 123
284 225
570 427
621 220
73 82
342 472
87 178
439 604
467 186
244 120
56 297
407 615
123 650
320 509
330 202
291 247
16 266
471 586
384 126
497 457
208 182
271 643
51 401
281 209
586 524
328 333
512 77
290 635
418 301
178 91
195 160
337 210
426 499
487 501
624 19
300 523
200 263
200 599
355 481
150 633
39 169
308 551
245 290
220 5
282 397
444 168
249 123
70 366
313 556
209 280
574 201
494 465
155 37
406 509
209 247
176 247
415 176
489 351
157 51
356 438
140 491
606 388
614 18
96 618
265 653
589 531
196 426
338 42
154 436
551 362
374 69
300 132
593 132
482 92
531 529
530 13
363 170
400 11
536 187
628 143
183 560
365 70
20 46
112 173
173 354
226 546
114 217
369 50
40 543
141 571
106 362
275 160
531 367
519 409
553 182
244 427
433 300
497 452
37 300
316 209
653 233
447 109
141 507
158 181
392 299
443 190
3 60
349 226
118 211
326 14
392 261
132 167
561 628
310 597
270 625
149 265
549 287
66 32
136 223
561 528
213 38
60 565
447 100
133 564
310 150
269 393
411 401
251 314
371 560
253 333
219 93
289 110
379 354
491 207
269 394
426 173
124 177
80 570
276 561
476 278
403 88
13 156
488 613
469 550
515 413
574 426
198 206
535 268
251 60
474 211
454 242
384 577
418 155
181 37
408 656
6 153
435 367
657 265
322 160
507 529
572 423
297 112
320 523
72 571
583 545
473 379
130 548
647 239
395 170
624 494
517 629
646 295
31 337
251 352
496 100
223 410
523 211
214 185
77 285
447 2
521 612
72 342
502 410
581 239
271 239
75 130
560 412
116 590
91 367
284 586
466 199
31 23
409 593
557 485
569 346
178 432
300 249
117 494
1 389
75 271
627 499
93 529
253 208
461 36
574 437
313 75
635 35
97 386
627 653
563 538
34 83
5 25
24 121
518 24
201 285
644 170
126 79
391 70
635 194
454 552
630 110
318 607
493 414
28 463
102 282
35 484
364 388
508 387
200 61
103 400
345 89
262 162
516 652
580 185
188 69
79 510
527 88
151 362
194 178
516 295
459 551
470 515
630 320
593 173
72 38
572 416
475 525
269 25
519 192
210 50
260 637
251 478
68 401
182 610
271 41
247 421
283 59
278 255
70 563
119 142
600 383
249 110
250 518
483 112
401 384
510 352
364 103
172 123
503 45
75 116
85 13
229 367
420 506
314 181
103 432
322 395
157 263
504 407
472 21
518 215
405 62
258 460
164 121
582 358
165 348
166 250
52 394
308 163
591 313
343 37
88 357
431 593
619 277
34 433
646 243
339 393
304 596
195 467
59 468
168 572
507 333
164 558
69 164
63 2
476 98
38 255
454 160
540 415
436 573
539 117
159 220
509 462
507 396
621 257
206 131
171 56
155 27
305 572
539 60
265 357
157 652
304 302
154 186
59 282
101 289
398 608
508 249
413 49
336 376
305 542
198 167
289 44
193 285
615 423
344 571
123 192
565 118
493 411
303 243
35 95
223 124
46 422
372 150
470 51
217 466
284 106
633 264
149 517
548 455
283 584
368 97
467 625
563 652
378 208
586 104
651 152
227 388
573 290
537 386
32 445
543 315
550 518
578 41
70 161
187 44
436 247
140 245
214 394
239 283
293 168
386 286
319 304
17 234
593 245
311 625
33 197
631 274
406 244
7 167
404 193
210 531
439 41
118 344
434 357
318 69
216 395
47 226
41 412
151 634
656 462
293 380
350 615
654 447
201 3
614 296
544 166
169 326
556 287
361 332
335 22
93 242
108 139
467 149
550 617
474 240
113 458
620 154
415 308
601 616
310 249
603 545
106 115
213 4
93 266
28 119
636 120
52 86
607 518
234 191
169 399
430 282
199 84
127 614
391 70
264 392
10 209
280 116
15 184
468 107
449 495
574 119
306 625
205 604
177 130
137 346
529 567
319 70
650 445
26 76
207 289
467 565
190 438
23 204
622 491
3 105
20 268
224 18
236 428
621 104
557 101
141 428
359 459
190 43
596 564
118 494
545 277
401 77
406 116
280 370
298 631
167 9
242 390
26 169
509 647
272 100
439 413
220 140
563 409
531 193
315 649
378 551
617 471
627 365
586 599
427 575
572 593
583 156
17 301
16 525
639 288
624 420
392 535
251 646
286 124
182 293
464 251
186 115
64 505
480 341
446 598
258 360
225 533
208 241
176 223
457 157
202 115
268 285
650 518
274 627
641 147
262 140
397 140
254 461
644 425
144 124
365 94
483 589
318 382
521 493
297 320
341 190
127 608
167 119
160 440
88 492
278 42
631 366
530 577
518 208
344 354
331 401
447 505
24 107
230 545
291 218
556 631
99 25
273 265
492 432
396 272
266 16
5 589
74 534
508 591
84 194
287 106
286 425
610 310
223 182
546 513
91 444
178 190
161 142
454 344
265 193
615 223
557 311
154 630
536 4
256 311
546 542
416 175
2 369
176 224
242 64
429 333
199 298
214 359
132 359
46 396
243 352
618 143
6 463
464 541
158 411
544 47
296 302
570 646
13 88
561 255
500 332
279 41
322 184
400 145
542 137
540 128
180 193
619 534
655 117
110 156
528 653
551 515
297 155
503 2
591 406
256 433
430 226
473 443
409 215
587 642
43 161
461 223
353 422
99 43
539 557
547 409
552 440
615 192
286 460
193 219
557 140
651 329
57 466
463 157
373 392
141 415
553 602
329 597
58 120
331 288
19 220
39 571
351 345
454 636
147 338
197 396
477 190
416 225
656 222
381 371
305 213
477 549
506 498
489 564
617 162
194 327
382 582
240 424
269 385
403 108
65 599
503 233
132 261
149 479
174 529
541 479
434 52
370 282
549 550
537 508
55 74
178 128
347 109
551 307
186 645
414 599
587 608
175 410
561 323
231 77
544 114
555 320
514 268
293 406
160 173
256 563
595 125
382 633
583 625
282 111
612 388
52 541
338 575
642 590
590 215
10 476
20 564
487 534
523 122
282 375
643 229
629 272
46 354
247 628
13 529
81 316
608 481
549 637
399 533
570 331
91 579
498 459
177 327
27 392
140 657
109 475
229 80
89 274
125 336
593 486
556 16
145 506
188 36
485 278
260 89
608 42
10 140
501 536
466 527
270 298
219 378
115 447
149 203
412 623
230 347
451 128
54 287
325 241
14 153
519 274
590 161
315 600
301 507
170 458
69 439
447 287
508 253
76 656
456 179
313 377
217 456
505 270
434 172
202 448
16 412
64 606
265 70
240 257
577 409
406 645
190 196
274 389
448 41
79 595
219 392
315 127
539 511
396 315
374 289
105 390
393 517
30 657
587 269
256 506
369 353
185 558
548 458
638 31
498 59
317 408
450 323
226 331
525 621
338 242
601 442
631 336
651 352
27 580
620 631
120 331
327 304
580 566
104 560
288 293
618 297
392 103
619 617
125 179
272 462
420 564
596 85
592 589
436 618
511 90
284 630
420 610
625 34
210 420
593 498
404 245
137 487
347 447
138 164
625 101
625 79
7 255
163 290
186 598
251 39
30 534
360 141
178 19
174 387
438 458
576 184
395 404
362 433
194 499
596 510
599 256
589 298
510 94
587 39
384 529
426 105
97 478
246 274
496 111
353 277
569 271
152 306
18 206
81 560
47 369
104 646
624 35
635 476
478 564
206 204
436 632
308 532
452 553
498 639
356 542
607 267
504 451
264 213
656 36
115 45
404 219
382 62
602 359
230 422
615 435
625 85
101 625
308 244
212 148
226 567
32 175
525 228
317 131
440 315
516 555
360 611
465 433
16 409
484 594
174 441
371 490
525 164
149 175
407 361
15 324
619 395
191 487
622 507
309 405
514 167
651 565
470 458
340 485
558 515
421 423
298 483
605 514
338 96
381 437
148 87
103 110
481 642
596 138
184 596
234 40
455 227
604 267
376 635
443 276
493 555
391 482
380 338
31 61
433 103
189 581
189 640
33 361
625 320
498 500
258 74
231 55
649 177
13 367
503 455
335 30
352 68
204 424
97 234
176 221
336 364
144 524
346 525
576 5
536 417
504 486
182 77
232 523
602 245
581 140
42 258
169 394
17 372
509 113
605 27
334 632
390 169
190 78
386 109
83 264
217 278
441 90
355 16
612 648
260 536
130 650
485 299
78 502
362 586
306 310
612 331
633 344
500 515
114 577
623 196
532 531
165 316
312 519
331 267
510 590
494 331
582 321
629 3
514 334
588 512
335 235
185 2
578 376
516 34
295 173
578 170
46 86
485 358
296 507
316 497
439 152
171 55
164 142
406 21
167 29
532 193
263 408
195 532
127 53
566 421
226 178
282 271
612 458
320 251
307 635
90 437
478 260
492 642
94 589
354 609
309 228
145 263
635 339
138 453
391 395
217 308
572 498
579 527
648 590
469 297
260 558
77 80
510 260
64 295
191 417
246 192
336 390
454 6
420 591
458 154
328 366
461 592
556 74
153 546
356 621
185 615
213 261
37 65
520 450
51 403
558 297
594 237
378 390
591 141
16 391
643 343
100 446
626 347
212 121
235 567
84 419
216 297
372 252
53 583
44 104
328 602
400 613
530 120
38 463
609 53
545 594
87 336
75 56
25 286
176 259
544 260
370 451
248 84
45 300
358 438
403 29
74 494
333 295
614 370
100 257
114 336
194 201
15 268
605 388
245 123
647 131
74 51
581 321
483 317
313 183
446 58
560 519
552 236
156 200
297 604
456 103
632 649
303 646
259 250
68 195
64 57
325 138
456 597
150 281
606 462
464 394
520 366
605 106
293 452
654 282
399 452
384 65
136 378
53 86
319 469
281 382
526 297
211 16
586 361
297 534
514 452
270 68
509 566
173 145
361 518
118 451
5 501
515 140
221 259
574 539
70 546
612 287
186 166
303 114
218 291
339 74
85 608
142 593
209 6
429 569
524 546
362 220
81 219
359 301
477 624
182 546
513 486
176 41
651 170
503 211
460 184
633 236
483 466
520 34
472 292
602 30
529 655
249 610
216 299
602 384
265 476
273 120
304 140
509 297
1 354
199 460
229 174
387 55
332 249
437 146
232 74
524 104
71 464
405 287
454 349
13 61
167 634
530 470
465 73
458 157
119 348
308 347
522 37
93 196
286 530
33 517
603 248
312 16
403 59
651 199
100 356
608 615
332 480
120 489
245 577
645 363
268 296
52 481
332 145
368 309
366 92
169 311
31 480
18 433
231 12
631 22
367 581
636 390
96 98
570 340
18 558
45 634
545 445
149 219
589 208
220 646
299 388
648 329
559 9
453 481
369 118
502 427
41 481
508 485
270 421
516 636
13 252
612 557
40 452
467 320
2 29
309 300
108 648
320 10
656 464
182 59
581 27
177 314
199 377
490 468
140 349
447 501
600 93
400 331
545 558
651 238
587 651
230 386
641 549
87 332
48 269
82 628
644 259
284 534
635 117
344 466
157 482
309 99
267 400
122 503
300 115
83 578
457 312
307 440
553 393
463 600
353 545
262 339
495 238
215 472
354 251
629 202
424 280
649 33
22 113
227 13
576 310
591 375
313 240
507 208
324 312
499 20
548 104
358 385
341 265
199 386
515 519
587 281
141 270
6 511
383 232
524 301
541 457
19 546
388 217
96 54
220 287
73 111
390 123
495 422
79 386
499 593
247 120
565 80
389 570
590 114
494 456
107 69
604 125
614 334
33 402
388 252
31 152
362 112
623 549
533 44
277 66
328 215
185 236
294 265
497 227
379 25
374 485
94 321
301 50
654 25
451 76
276 173
577 638
284 542
529 508
278 497
573 605
54 449
532 348
57 64
266 435
88 639
611 181
302 603
580 648
627 65
66 245
238 642
574 521
219 137
372 188
633 636
484 379
428 359
69 484
114 26
610 201
7 563
382 1
200 653
648 169
60 56
105 297
390 22
510 300
158 573
487 483
551 313
204 13
363 621
496 476
646 140
20 344
394 93
344 593
88 334
104 496
82 558
485 471
579 337
113 428
601 291
602 186
603 497
199 309
152 386
476 140
526 495
176 262
279 211
198 58
237 650
554 318
550 73
480 163
101 284
283 44
266 576
229 211
416 427
211 567
156 30
399 24
216 574
634 187
476 174
244 55
167 489
64 408
561 235
263 4
210 545
47 475
463 625
378 570
86 280
480 241
1 570
613 566
178 282
95 653
455 338
400 313
519 463
413 422
390 18
426 291
254 164
109 408
480 178
321 566
457 492
498 150
404 146
58 581
427 152
576 224
181 318
229 42
473 641
156 554
1 581
187 254
436 644
353 259
164 16
516 313
507 356
462 253
501 519
176 270
362 444
186 542
453 414
276 268
89 431
513 89
46 43
34 173
29 386
123 542
94 638
546 292
337 350
545 529
560 412
491 613
547 19
189 343
124 464
302 212
586 158
649 631
200 374
496 577
451 618
461 236
599 41
528 627
390 107
498 641
518 331
288 408
41 477
93 513
632 394
67 561
551 407
226 442
472 64
54 615
25 206
193 315
247 412
284 328
518 124
312 379
455 291
478 187
110 262
43 85
347 458
337 590
557 254
374 63
318 427
20 34
633 562
348 571
316 631
241 526
446 244
596 592
535 416
122 644
369 513
420 58
313 448
647 212
45 56
275 54
174 643
436 498
547 475
411 555
140 652
115 585
238 53
520 115
160 333
451 528
188 562
585 192
353 267
404 89
322 370
142 495
355 577
336 594
394 89
183 533
432 297
152 13
41 363
476 200
38 269
419 574
174 346
109 218
304 204
306 625
573 447
155 619
58 490
247 143
270 429
367 45
417 518
406 149
224 348
610 185
458 219
358 147
19 575
142 222
572 110
486 361
264 447
110 445
37 252
406 157
618 142
266 170
547 414
85 463
454 387
647 254
605 39
92 623
305 234
536 219
343 364
271 298
153 380
434 538
323 182
38 283
324 303
144 562
59 229
367 204
307 48
458 254
435 549
568 82
125 446
649 159
152 262
456 653
333 581
534 655
106 263
629 121
565 116
374 315
36 433
519 342
480 11
595 258
559 197
31 27
642 23
185 485
633 333
480 309
256 356
306 361
310 278
173 566
393 547
224 120
322 434
461 493
444 90
93 37
286 473
63 619
495 248
446 470
272 268
121 527
316 119
580 625
396 95
534 480
333 449
599 346
574 94
182 52
183 623
88 468
438 151
429 275
90 566
437 361
176 249
230 491
367 501
151 454
596 376
625 620
167 566
309 432
351 490
483 533
147 570
35 585
412 155
551 193
63 22
245 239
271 167
421 329
10 263
475 605
638 442
260 147
43 568
270 393
92 95
269 238
357 303
165 111
150 408
653 212
429 240
450 42
406 563
63 416
168 537
55 149
321 314
644 363
224 257
99 7
43 59
245 399
53 101
202 508
197 414
280 436
555 321
185 460
383 600
320 611
654 160
275 3
495 637
226 443
427 582
486 485
169 227
230 269
428 431
120 316
536 399
95 434
411 628
585 486
262 247
439 258
406 56
609 593
385 527
378 503
451 206
331 619
125 252
579 244
25 41
560 561
131 346
29 542
316 613
62 577
203 500
526 300
248 478
235 632
347 305
477 489
510 499
450 634
93 371
570 467
104 472
62 234
509 90
467 167
45 528
435 596
371 303
239 618
472 165
284 510
469 452
33 14
643 482
339 427
545 251
236 340
414 297
573 265
78 383
123 602
557 61
315 552
299 624
58 156
599 260
624 394
292 637
71 466
319 497
353 261
76 35
18 64
299 282
142 373
97 613
318 653
16 324
239 7
291 297
162 581
248 477
9 539
149 79
347 159
576 391
419 343
117 128
98 416
102 588
480 198
543 140
542 251
464 124
257 446
112 110
61 359
278 70
589 426
148 279
276 415
12 387
449 478
514 239
236 307
169 58
504 404
547 389
654 45
204 253
490 7
54 550
57 331
311 645
449 151
615 67
257 319
145 398
139 351
636 66
657 496
472 196
242 361
276 238
405 479
182 586
177 235
171 233
258 173
220 49
323 178
464 580
496 609
320 326
651 647
391 650
485 205
188 70
258 463
656 5
633 530
283 152
107 145
76 56
317 296
104 332
165 260
254 352
211 265
20 553
603 102
545 430
306 425
191 563
230 190
260 555
62 234
398 517
378 474
265 37
112 368
60 625
627 5
11 529
269 379
424 563
480 4
336 477
428 526
383 349
407 334
595 160
567 336
369 287
152 633
15 612
35 75
579 354
79 589
225 40
2 341
602 481
36 629
300 463
190 374
503 596
50 441
448 616
119 508
594 270
483 301
224 517
375 494
213 145
117 130
184 118
162 478
290 197
449 281
351 638
655 545
269 47
20 408
355 138
258 640
99 432
283 14
291 657
199 196
494 315
17 369
124 527
189 413
415 330
37 108
2 383
344 619
121 364
369 475
193 626
150 641
400 432
346 383
124 545
270 617
551 635
328 18
504 209
122 261
538 507
60 539
232 403
193 45
458 561
211 651
222 360
326 313
135 14
387 258
558 656
217 144
633 236
510 479
444 631
431 324
173 490
555 96
585 90
140 385
650 351
70 563
53 87
219 187
101 605
136 350
296 352
493 271
588 345
442 374
11 564
390 183
89 287
278 16
68 418
92 409
460 511
315 512
597 225
391 389
172 526
82 159
570 574
122 192
611 255
257 621
161 646
495 249
624 115
613 34
224 397
443 26
250 449
538 16
620 270
536 488
351 38
400 616
508 591
569 105
191 224
265 528
61 206
495 176
510 220
91 249
354 466
190 145
38 71
509 657
32 80
487 74
466 579
32 316
512 293
420 394
516 376
265 577
273 102
444 126
321 226
66 367
34 256
511 71
18 55
70 49
134 249
122 599
170 502
606 24
137 368
418 345
435 374
613 400
475 91
525 487
316 282
196 42
537 399
461 246
145 531
643 278
122 456
568 291
301 516
6 129
575 115
165 44
488 120
443 654
559 310
484 567
592 371
608 163
461 411
101 605
633 86
574 446
234 484
428 226
34 126
354 608
240 211
652 420
22 437
416 581
439 591
490 65
654 132
576 457
234 19
405 559
454 321
347 30
497 467
255 530
592 300
173 174
510 167
285 532
295 44
147 76
326 328
489 322
151 408
122 384
118 218
285 571
538 324
292 69
133 546
599 67
538 114
589 82
629 566
305 266
609 451
34 277
470 214
599 620
621 412
347 82
629 323
344 201
338 636
