500 9547
481 280
29 88
422 384
259 27
93 294
51 3
196 66
174 441
466 383
60 58
332 243
470 441
173 354
362 266
325 146
381 472
242 127
56 422
115 58
67 355
455 96
287 394
406 168
415 136
177 291
242 214
463 413
362 446
49 151
82 130
49 302
175 146
348 10
398 416
270 258
260 494
208 261
254 353
457 333
159 397
404 103
33 194
257 79
198 429
132 65
298 350
406 107
353 366
61 52
319 156
268 26
87 296
332 156
10 349
139 488
136 154
453 95
382 455
90 304
9 361
99 285
4 457
487 36
210 336
49 198
454 462
390 255
150 183
97 83
343 473
451 324
170 152
202 369
323 296
79 405
217 197
404 187
368 312
53 410
36 465
6 238
358 124
229 19
188 126
450 372
244 206
326 232
273 224
193 183
473 83
211 280
174 304
385 162
409 187
427 68
87 64
16 3
401 326
229 142
309 389
335 350
453 202
101 326
485 417
167 462
437 352
496 457
343 44
373 151
39 266
263 105
409 130
307 354
73 7
442 357
101 471
223 20
38 285
222 243
445 90
231 152
453 168
230 105
432 194
467 496
269 161
347 496
298 242
180 125
17 199
117 121
246 487
287 334
405 352
354 115
254 129
175 365
213 416
320 78
118 472
21 62
136 90
424 327
292 282
150 80
15 343
106 146
243 473
92 476
440 135
243 26
170 43
415 429
472 315
375 137
131 294
421 48
250 115
393 463
146 2
190 241
254 446
209 369
166 66
76 306
15 323
139 225
122 416
151 191
132 399
479 151
192 295
215 194
470 142
313 35
273 184
398 3
425 176
286 6
70 338
433 335
393 267
449 384
84 494
209 378
235 109
348 387
206 10
88 22
297 202
128 489
441 384
170 412
214 446
286 278
10 293
302 397
249 207
185 315
82 116
432 277
497 349
338 491
386 174
445 109
411 430
230 414
177 333
56 452
365 398
464 407
181 446
197 123
105 290
23 499
443 349
381 165
12 26
351 232
398 472
167 137
362 19
138 44
298 316
107 420
156 372
403 326
215 293
309 430
254 44
149 224
72 137
54 143
307 325
141 441
181 255
343 31
17 34
175 360
433 166
235 62
9 201
72 312
157 169
467 240
0 356
328 215
391 383
403 484
187 479
274 331
167 473
297 110
21 106
68 285
298 218
335 31
230 392
307 326
156 40
495 228
371 431
408 395
497 180
87 133
165 301
391 403
149 422
357 232
432 131
280 207
456 380
148 412
209 90
229 95
177 31
380 353
450 330
219 274
277 305
281 142
368 323
67 69
147 88
320 274
1 356
137 355
265 378
73 363
190 139
273 24
194 355
341 40
403 2
9 144
188 174
440 112
155 71
316 321
256 249
470 282
238 431
126 366
158 370
348 92
498 350
309 163
482 442
165 97
80 28
292 481
42 320
14 189
179 103
483 226
37 1
393 191
10 153
348 31
433 129
369 290
181 314
163 401
180 130
218 440
391 172
319 411
159 449
277 240
447 59
212 3
175 241
34 78
327 412
89 366
259 283
36 129
445 28
159 457
444 24
497 499
253 50
286 296
177 337
278 113
59 232
310 180
165 293
150 136
357 349
425 195
38 2
450 338
227 349
342 123
139 469
496 400
427 486
93 187
464 234
150 259
116 400
4 98
100 430
4 315
348 343
486 3
10 189
379 239
55 73
406 143
260 119
393 165
84 232
492 360
208 1
411 115
273 357
332 178
212 160
269 19
393 166
87 289
354 306
344 184
31 430
424 468
199 481
243 467
25 403
176 87
108 39
332 273
400 420
437 261
489 402
411 293
12 248
187 385
325 45
186 312
55 364
426 78
257 221
406 422
261 105
374 162
35 88
492 85
34 379
255 420
436 211
2 24
368 106
364 224
247 219
200 130
309 10
487 95
310 287
470 290
208 96
421 469
401 44
284 133
141 363
434 122
379 405
273 392
271 95
37 87
352 491
49 156
436 466
393 54
34 429
166 161
445 423
42 27
34 2
87 81
1 392
92 178
476 99
180 19
443 459
427 235
23 452
73 164
204 129
305 24
89 294
343 241
236 466
287 491
82 316
384 232
196 204
37 473
165 471
112 484
11 496
53 478
199 219
128 53
267 492
410 446
142 429
480 127
9 373
222 229
90 336
320 99
339 181
225 471
135 285
306 28
201 443
254 72
351 407
366 352
275 413
246 51
438 398
204 13
132 274
84 119
451 61
149 383
387 81
28 78
223 405
279 151
238 249
194 352
84 326
129 349
79 321
248 198
437 113
107 395
113 133
345 317
287 58
465 383
184 132
422 389
139 482
320 315
297 14
396 50
377 497
402 214
183 239
9 141
9 35
158 443
39 407
458 303
223 333
391 296
300 205
183 71
268 281
392 394
335 305
486 234
482 315
345 9
142 301
448 331
190 201
52 226
243 448
425 170
157 30
375 75
1 473
10 212
185 32
328 291
372 294
256 152
195 174
140 196
288 349
120 387
199 225
132 357
71 314
448 30
457 359
166 363
462 346
422 397
82 491
126 138
407 24
175 66
147 388
306 337
53 207
252 197
102 27
393 78
195 320
467 367
452 44
317 133
116 332
283 324
319 391
344 53
227 93
248 422
497 153
136 175
177 80
120 206
57 346
413 363
426 105
209 232
326 341
237 491
70 440
89 205
158 476
79 480
116 455
492 105
64 459
46 131
181 417
464 442
84 214
112 160
227 361
445 94
478 326
89 261
307 58
157 27
376 196
436 475
202 59
345 202
60 361
490 123
171 353
298 44
447 428
167 496
10 304
177 190
283 327
392 276
79 343
145 202
245 172
107 363
455 398
471 482
267 479
269 221
82 234
190 58
257 100
495 248
356 290
57 395
305 366
375 210
199 289
351 210
153 338
105 385
321 172
46 19
91 225
308 499
202 85
481 161
147 31
253 424
3 395
89 450
226 394
153 324
388 8
300 100
340 125
292 461
242 130
138 226
417 133
120 360
235 406
418 274
199 420
192 357
395 130
46 145
31 416
169 3
268 371
378 125
257 265
212 385
203 6
342 206
374 64
378 63
213 354
103 289
496 113
381 363
140 484
485 170
54 432
167 272
17 304
486 215
21 184
402 39
463 84
165 402
55 492
257 325
368 222
190 289
4 245
485 280
205 39
492 225
140 294
360 312
311 70
184 490
422 45
238 276
97 399
350 321
113 280
470 274
86 197
89 92
340 272
202 459
425 64
26 277
498 23
72 35
25 204
9 39
57 380
344 474
240 18
222 288
371 114
98 392
39 47
351 27
101 494
109 205
442 220
209 72
335 274
68 13
390 19
247 326
47 385
140 146
352 30
308 71
376 162
390 90
256 125
52 162
12 132
438 28
20 126
369 296
367 401
202 142
494 477
134 331
26 184
226 207
393 278
89 350
495 301
350 263
213 33
190 477
351 293
72 91
269 389
291 237
76 441
443 378
442 479
185 146
278 463
199 357
206 113
192 296
193 395
21 221
168 497
92 99
439 234
6 232
117 367
368 291
293 138
150 103
331 237
16 70
375 498
188 341
372 2
20 496
76 120
267 26
490 288
37 468
153 264
345 11
339 69
310 380
256 466
213 73
219 472
168 477
16 394
82 413
55 182
329 165
386 212
368 134
35 262
68 240
235 466
257 229
13 24
18 446
117 130
148 190
418 160
390 208
422 238
70 125
235 178
76 324
257 33
408 366
149 78
188 134
495 302
419 496
79 428
310 145
230 195
147 127
415 470
90 180
321 477
17 255
436 192
353 352
254 233
113 161
359 58
311 10
379 490
229 293
299 182
319 390
373 172
442 127
350 113
439 412
483 182
278 371
437 22
313 52
339 418
120 6
257 121
354 179
269 53
425 405
390 135
80 248
259 110
235 129
241 103
337 41
487 197
313 468
329 374
159 381
224 439
360 236
375 404
254 207
161 189
190 111
149 36
335 185
217 48
425 391
495 333
305 412
56 152
231 97
387 481
451 112
396 274
52 430
295 312
498 277
401 446
471 22
470 423
243 34
450 443
428 78
8 96
283 198
269 337
256 359
154 429
280 394
175 184
55 265
377 355
281 394
258 413
434 68
183 394
426 292
427 8
339 195
84 442
340 398
454 435
152 297
171 26
173 489
176 97
111 84
115 194
184 33
77 353
195 295
416 130
481 365
152 333
117 134
350 303
73 179
244 218
198 389
221 264
61 202
486 142
299 80
12 122
143 363
12 484
433 113
261 448
70 403
420 125
486 382
330 78
222 498
147 61
390 243
11 90
317 69
390 220
258 180
80 352
335 29
145 383
451 196
411 162
288 465
329 95
426 263
313 411
98 405
234 472
211 130
483 57
307 421
438 164
261 251
259 276
377 479
340 163
343 96
118 493
4 479
217 381
159 237
131 110
59 24
273 50
21 401
269 423
87 336
56 290
444 457
300 321
170 32
216 284
136 103
473 3
193 282
323 413
268 364
345 243
178 468
182 41
27 423
247 471
382 324
451 175
13 280
141 130
278 325
174 228
477 45
480 134
253 204
406 12
299 135
467 472
210 352
489 38
250 404
425 435
17 484
36 45
300 405
13 50
131 212
427 315
85 284
199 40
56 484
9 105
252 334
88 358
20 154
138 458
204 124
397 220
262 399
457 289
166 214
4 265
87 50
436 245
204 211
337 271
148 131
328 298
115 296
206 219
1 229
258 349
26 448
290 133
94 369
230 273
57 115
449 294
318 416
474 388
15 34
336 289
434 177
70 384
177 108
231 373
173 88
402 448
49 54
82 297
340 320
80 401
307 478
17 57
405 493
120 494
14 40
456 386
294 417
150 200
475 412
416 27
420 291
155 255
224 457
265 326
427 453
238 232
332 300
177 452
497 458
474 441
384 48
371 265
256 469
451 16
478 156
422 129
451 134
410 378
148 418
426 281
243 399
233 102
376 161
124 66
205 237
299 177
132 202
221 151
199 81
152 443
231 363
247 261
154 330
390 421
345 230
316 395
390 435
299 184
248 200
358 285
82 278
174 1
281 389
483 17
276 315
13 38
167 455
369 100
13 305
398 484
421 33
474 428
90 189
183 302
442 66
230 177
254 132
221 169
342 431
323 398
413 341
392 186
213 273
86 459
206 129
175 278
144 438
11 204
194 0
212 466
260 245
299 361
339 493
229 207
392 191
227 330
199 200
467 218
421 71
299 388
426 440
16 140
307 446
240 295
335 217
68 202
336 123
418 232
305 341
436 90
120 478
402 466
473 228
202 353
269 300
140 207
135 413
20 192
55 253
31 40
409 161
376 260
108 440
96 30
260 352
82 13
108 343
217 252
196 472
235 8
210 355
428 245
427 180
3 294
144 365
132 337
386 125
118 74
190 281
148 4
470 125
418 145
424 413
34 272
20 266
179 211
21 362
231 217
158 463
304 441
159 480
53 0
149 160
483 52
441 238
175 63
140 488
425 114
25 380
91 93
60 478
144 41
20 365
25 308
26 42
114 245
144 125
258 458
42 143
335 340
15 208
221 492
287 430
210 138
447 211
255 346
304 7
82 181
165 88
485 300
328 307
149 96
223 338
1 27
42 180
437 129
378 41
454 134
455 110
425 328
42 430
17 13
170 100
435 439
489 24
15 479
158 455
196 62
223 414
74 440
150 451
0 274
187 459
439 19
300 123
413 130
21 90
155 407
321 211
462 94
453 306
428 212
348 492
374 123
311 238
22 65
148 374
75 125
342 260
409 69
6 164
257 227
157 353
410 440
409 19
167 39
254 102
391 252
299 248
111 370
52 473
322 477
272 129
288 114
435 84
402 207
364 463
299 138
489 27
98 420
244 201
11 413
193 30
428 1
37 184
415 207
156 94
428 74
438 249
351 430
111 491
368 137
485 205
155 276
349 412
492 93
77 140
170 81
44 30
371 465
90 423
116 216
29 158
128 24
216 19
250 127
379 276
5 392
259 265
416 446
498 463
108 497
406 114
475 352
307 184
188 176
496 96
491 62
374 97
136 135
470 225
136 134
131 289
415 59
458 468
231 253
208 330
489 132
185 276
340 174
253 45
438 429
480 103
481 398
398 19
229 113
442 265
150 75
175 124
199 305
254 492
304 429
476 291
5 315
29 140
230 429
59 446
429 197
111 372
222 134
128 234
437 373
11 463
382 95
79 358
292 271
126 18
257 273
361 50
393 331
471 51
183 398
306 10
243 97
498 118
221 119
13 111
366 66
38 262
408 355
242 448
113 466
334 304
21 7
117 456
470 227
194 416
327 78
159 152
481 430
386 477
144 165
265 476
419 414
147 227
218 162
321 178
477 484
137 119
80 336
319 182
235 377
390 76
411 441
477 130
319 123
256 452
409 448
301 198
222 251
243 180
358 491
231 237
250 359
410 385
145 180
67 225
306 475
56 113
329 266
342 240
59 133
178 63
60 63
33 469
92 151
138 357
101 263
209 385
317 498
434 239
212 249
445 492
402 303
67 265
348 246
98 378
286 248
156 161
434 270
415 454
98 71
393 478
80 189
6 138
9 152
51 234
266 161
194 301
151 207
244 72
328 81
80 304
57 23
433 332
232 130
344 338
230 458
418 291
310 122
332 414
10 330
105 186
151 285
368 26
16 114
433 364
113 228
37 398
134 240
131 320
257 142
82 133
415 411
240 129
334 41
10 113
364 354
442 19
11 115
167 204
165 42
199 105
158 357
55 423
227 492
92 473
173 481
161 280
289 399
192 178
250 39
15 180
15 248
140 472
37 267
364 130
116 248
464 312
49 296
224 337
46 224
79 426
428 290
424 45
382 111
185 412
97 449
380 355
223 138
258 292
343 60
432 25
287 452
134 491
257 78
217 10
148 476
64 378
43 214
269 407
393 39
225 394
112 83
359 47
286 377
6 358
302 19
443 265
210 385
231 438
449 47
489 472
221 280
420 129
221 282
377 94
466 63
499 417
42 452
409 226
5 395
172 249
250 479
258 112
180 191
496 294
147 156
215 314
268 489
115 38
419 138
377 88
279 456
34 228
168 36
117 68
139 205
391 349
396 228
108 423
371 7
196 292
187 290
79 92
53 430
0 58
109 440
337 178
143 220
268 255
75 194
432 400
108 378
376 288
381 488
375 433
128 417
93 211
299 197
94 130
245 264
26 138
52 178
9 142
34 356
177 224
154 349
177 184
254 318
12 218
396 146
144 134
358 143
120 414
240 8
209 207
215 145
102 58
286 241
444 218
286 72
184 172
217 493
104 494
91 369
203 156
126 2
166 338
155 64
495 29
376 432
461 303
148 304
131 466
252 498
199 457
87 439
217 359
474 103
390 75
452 88
468 160
131 399
422 405
146 441
456 64
77 250
279 238
80 124
421 412
175 498
193 78
44 234
47 151
196 41
9 273
279 203
9 245
16 161
377 266
225 312
463 349
196 369
186 178
216 324
215 8
225 154
451 356
425 241
286 481
373 296
369 346
72 441
192 461
31 384
29 233
182 413
410 301
292 422
81 135
16 92
134 64
120 436
454 130
177 347
111 385
329 341
454 189
347 423
278 240
456 112
89 394
23 191
111 135
499 129
152 208
348 304
445 119
222 365
175 206
241 62
14 363
485 121
371 280
438 220
196 277
231 319
198 346
158 472
53 422
429 40
310 479
89 459
53 359
270 228
486 173
453 18
252 27
167 34
134 24
479 63
356 125
311 292
54 193
158 417
405 146
373 484
377 164
186 112
11 168
9 198
166 189
174 399
489 373
172 341
76 178
288 398
493 234
157 63
21 262
415 289
254 196
302 423
485 85
16 381
345 102
77 73
9 48
478 191
269 498
268 133
437 314
313 56
260 104
364 32
376 355
15 262
155 432
372 452
395 162
197 370
42 431
246 304
437 493
453 28
212 100
351 129
80 176
311 380
411 408
465 151
400 318
244 70
292 263
126 446
82 123
389 324
74 430
233 468
54 466
264 315
284 251
118 225
447 72
432 326
82 22
462 24
354 401
186 100
428 226
92 321
200 429
490 103
380 71
270 72
180 385
101 24
345 339
485 29
228 99
5 110
155 135
204 301
224 488
435 493
295 460
301 47
320 265
474 200
387 88
155 331
473 394
37 126
201 51
389 484
98 114
406 203
283 44
444 103
209 475
39 105
171 42
34 180
117 219
243 32
47 355
231 349
52 355
235 234
170 120
193 352
101 161
333 127
308 394
155 202
355 251
293 468
313 297
231 485
90 85
137 353
106 34
94 398
79 402
26 435
193 304
267 103
339 408
61 398
435 275
415 302
339 139
92 81
205 103
202 63
429 30
227 13
183 115
272 189
449 383
134 218
46 401
360 135
486 365
5 362
316 464
346 266
141 358
149 436
117 156
90 32
16 455
348 385
168 478
248 358
328 214
138 161
359 459
273 331
56 491
90 463
444 435
465 408
368 373
11 282
371 358
16 291
14 194
253 358
250 429
15 107
483 448
226 366
269 484
215 365
41 412
58 189
348 98
73 284
348 169
174 151
279 85
492 394
425 65
247 397
91 388
451 138
99 143
166 333
313 70
134 38
248 87
257 398
458 58
29 282
211 135
23 291
340 356
246 274
29 490
177 93
403 337
116 58
416 197
406 131
44 431
252 189
457 383
451 8
170 340
277 178
299 33
185 122
371 100
43 26
440 103
92 118
136 410
222 477
278 73
202 135
453 333
343 114
415 197
449 239
405 100
131 123
107 62
389 143
386 93
144 14
454 474
49 46
117 208
49 184
106 448
248 195
221 163
210 381
329 106
364 178
8 466
215 186
488 280
421 92
52 189
154 200
260 19
342 455
267 104
363 220
488 338
175 437
33 280
449 228
403 389
209 366
216 272
131 353
101 465
486 165
11 278
76 479
347 156
174 475
208 477
216 45
230 138
362 100
109 288
154 162
217 60
103 475
190 211
36 484
345 206
51 409
495 65
411 229
206 200
5 467
188 137
310 379
427 208
428 449
276 417
155 182
259 343
116 167
209 16
376 97
201 404
498 137
415 208
196 463
82 172
396 114
255 64
79 216
425 271
421 90
433 122
1 461
157 205
159 250
4 116
248 465
179 96
156 51
247 330
384 123
159 399
14 357
186 479
326 417
421 456
101 423
172 50
109 416
157 42
21 38
451 450
390 304
216 490
390 325
481 494
101 121
422 283
99 383
279 290
365 251
182 277
490 214
21 34
187 119
101 273
375 261
402 465
344 10
259 71
75 417
87 169
59 430
173 10
21 143
304 472
332 145
275 88
155 302
497 214
466 162
256 486
391 282
267 23
434 6
155 303
29 175
421 327
163 264
182 226
229 322
34 111
16 420
164 62
115 308
141 115
42 321
132 265
166 145
15 142
157 57
42 24
243 73
332 497
113 290
134 31
238 38
37 27
88 48
152 64
257 495
224 123
485 52
158 112
292 40
485 59
92 18
290 266
305 151
79 466
434 484
373 45
77 473
461 472
14 288
121 203
334 156
371 32
493 413
81 212
461 477
388 488
116 133
128 124
307 108
437 464
437 326
147 336
98 224
404 85
454 143
181 2
114 137
307 484
58 460
174 314
103 249
76 396
345 466
257 206
210 296
26 95
121 478
192 490
76 260
244 428
279 462
225 115
155 348
295 366
190 418
134 305
177 183
392 97
413 394
345 281
89 247
120 8
256 443
53 262
91 399
307 98
15 370
5 416
10 477
82 9
350 304
433 237
15 266
461 232
428 263
159 438
93 284
241 8
373 137
268 210
353 303
20 60
389 341
184 187
411 85
188 474
334 161
201 358
428 331
46 168
386 216
431 274
92 294
462 330
283 416
140 44
243 127
92 66
49 91
93 446
136 392
139 460
382 241
114 493
316 306
427 140
266 160
210 260
227 154
126 476
154 59
175 211
255 84
376 477
4 52
150 42
49 424
489 240
93 22
385 326
418 474
299 145
245 45
111 0
148 327
259 238
121 132
454 475
393 488
287 475
79 469
158 18
1 379
386 265
405 280
444 135
492 465
279 481
35 366
381 124
309 143
388 282
415 416
142 460
199 471
298 484
134 191
46 191
275 294
496 251
199 185
355 412
354 492
350 129
309 354
26 417
368 280
229 189
409 305
209 318
424 366
5 306
149 214
243 441
250 455
223 145
270 100
485 456
453 321
97 423
85 357
68 361
364 439
467 333
351 272
97 122
79 382
456 33
230 245
368 406
208 138
150 471
400 271
34 296
35 251
456 292
432 297
445 459
248 112
397 264
269 216
11 247
195 402
429 357
256 243
216 32
227 468
306 180
456 30
140 280
114 84
195 200
260 93
118 356
256 141
375 123
456 27
104 423
454 42
328 97
196 479
453 10
462 308
76 192
393 419
364 8
434 102
387 69
28 48
459 446
187 458
38 251
181 102
287 225
332 183
419 277
193 306
68 306
468 303
138 465
405 363
212 370
222 291
281 353
16 225
248 6
150 251
335 245
253 3
12 110
181 317
454 271
68 436
379 189
12 358
175 53
101 225
447 216
406 227
241 88
403 198
425 171
35 63
225 284
240 219
173 315
483 126
126 146
253 220
365 400
28 65
451 295
288 338
282 308
362 330
307 94
150 340
132 220
253 422
279 13
167 25
480 498
298 462
382 458
177 470
438 71
404 290
360 107
144 370
73 465
181 307
298 450
343 85
29 181
267 260
202 452
190 237
0 238
410 320
381 154
310 124
433 466
154 187
204 229
74 305
175 385
374 69
486 135
482 389
472 349
89 228
433 2
437 3
87 194
292 280
311 162
334 330
242 185
307 469
247 8
4 343
301 48
495 97
270 214
320 430
243 25
298 349
91 439
439 484
443 186
251 349
245 2
325 162
202 110
49 118
453 267
310 475
343 99
281 492
421 174
141 265
209 8
279 435
184 265
340 302
85 32
371 169
74 464
80 370
4 268
185 115
89 268
364 184
358 355
426 473
134 349
77 291
332 34
153 423
299 36
101 258
117 273
437 228
364 44
451 254
104 93
144 229
284 160
149 104
101 177
320 416
165 73
457 3
381 333
310 461
25 466
487 290
485 468
136 338
344 348
196 208
297 178
361 163
275 98
386 114
126 371
320 24
173 1
495 83
454 201
55 16
497 360
137 399
190 206
15 120
242 41
224 407
136 31
157 493
88 50
278 291
254 186
174 212
233 262
311 248
217 2
134 337
155 387
410 321
252 457
289 314
457 378
186 336
257 275
309 57
91 34
489 446
488 407
198 407
89 13
49 61
194 440
254 487
65 30
277 476
55 239
313 333
465 50
26 252
281 113
44 312
490 499
490 228
134 119
222 385
108 70
226 22
136 372
170 69
407 357
432 430
408 207
147 250
55 54
474 109
436 355
470 160
456 465
426 246
342 188
209 161
11 371
302 284
64 431
490 461
195 124
381 468
390 176
150 226
209 290
37 437
186 289
95 160
198 468
26 27
139 219
198 236
157 11
234 24
137 262
339 293
243 84
150 173
307 206
432 105
293 119
104 466
449 338
299 438
165 284
56 397
61 224
89 448
371 66
498 10
233 278
428 308
261 372
164 477
293 322
208 183
76 107
323 133
190 69
140 132
454 200
61 412
117 47
57 239
149 325
246 318
407 207
212 125
21 218
79 22
365 265
233 352
169 333
319 186
247 321
164 207
11 392
75 283
240 61
461 41
362 239
204 389
202 200
31 146
240 420
93 494
261 95
115 291
432 45
310 68
138 291
329 161
480 129
149 324
146 237
254 259
279 295
345 398
362 168
240 318
381 373
418 373
231 420
27 30
436 442
467 290
171 262
431 110
43 47
386 169
262 191
299 55
492 382
287 400
193 200
92 172
267 239
271 314
98 61
350 84
284 58
269 85
76 153
361 294
444 180
52 294
283 179
492 404
230 374
219 322
378 24
1 211
4 197
492 441
495 110
486 240
460 65
286 383
167 7
298 74
277 331
81 97
313 490
374 285
409 137
136 330
297 44
64 404
428 119
325 323
139 464
211 123
229 45
29 426
43 458
26 22
380 162
400 472
374 74
75 48
347 282
253 211
154 337
329 250
307 295
55 142
361 296
94 154
67 383
375 249
18 352
89 452
406 123
35 468
321 212
77 423
81 424
29 85
55 137
426 28
111 476
435 186
483 357
337 446
453 421
232 40
262 48
338 45
79 378
54 234
144 248
269 83
221 227
170 312
13 473
434 255
498 275
136 285
244 74
223 492
427 349
76 302
397 395
372 352
335 288
36 19
428 283
114 44
480 384
454 61
279 320
109 160
84 491
211 112
182 94
474 446
437 317
92 158
81 357
395 331
46 372
148 325
192 401
259 362
387 407
422 220
452 314
406 89
471 6
94 2
187 327
263 100
376 399
333 266
257 10
478 8
486 222
482 19
230 271
387 301
213 90
310 20
192 163
453 209
150 323
74 283
89 443
337 249
224 305
427 280
67 459
298 50
190 90
415 418
95 305
16 50
256 438
269 293
386 48
347 236
368 207
137 103
173 300
300 369
392 110
329 190
424 178
89 131
131 272
319 338
206 324
184 179
148 437
286 477
167 360
23 363
155 125
382 296
279 28
223 49
311 396
17 429
328 33
70 422
351 324
185 65
210 499
376 171
140 65
392 402
368 127
215 281
400 71
101 12
15 284
8 71
16 65
393 422
487 465
108 191
203 109
136 73
464 151
75 443
324 472
172 322
92 197
79 307
342 320
166 184
117 46
51 315
98 239
16 314
243 496
339 314
343 13
10 236
313 3
171 85
487 104
467 452
498 276
158 119
365 178
136 460
455 400
113 327
407 238
200 430
229 477
109 75
263 412
454 0
319 364
184 197
390 158
149 189
142 395
325 52
290 207
342 429
410 14
156 276
325 304
259 2
387 468
47 314
1 443
248 40
365 264
136 373
80 88
432 156
29 399
104 403
375 369
400 363
489 2
316 111
89 59
37 430
325 85
434 96
36 211
332 50
404 272
304 440
101 221
473 115
405 353
432 88
166 402
190 478
222 119
467 95
377 62
453 35
248 50
213 442
155 293
194 151
109 496
26 357
321 346
453 341
317 361
283 7
438 189
215 480
451 374
229 214
297 492
217 476
364 370
227 41
20 293
132 62
299 245
357 66
286 192
297 187
292 264
444 407
52 324
379 113
126 350
269 426
177 259
0 420
37 475
145 187
111 429
48 40
75 169
31 137
453 268
351 8
157 252
46 84
141 157
139 107
192 3
116 320
333 130
68 96
497 245
253 482
413 491
76 248
154 394
42 38
182 44
241 263
361 107
227 156
59 30
157 389
114 360
495 398
438 203
169 283
121 47
333 472
348 61
80 271
344 367
201 214
268 491
299 45
80 288
138 264
217 489
317 65
80 129
9 465
196 113
181 493
137 459
16 134
138 214
309 102
328 0
196 496
70 252
92 14
376 111
269 118
237 349
437 282
391 320
218 468
210 225
56 455
360 207
29 360
331 30
4 432
171 247
132 442
217 384
224 107
216 356
368 19
334 352
96 48
35 272
136 315
455 372
323 318
435 292
196 266
46 182
155 26
87 305
42 276
306 409
128 179
328 194
128 411
495 68
438 419
403 380
429 331
486 202
57 219
84 431
86 372
50 7
69 2
272 346
28 473
342 472
90 78
104 491
128 220
339 337
300 377
307 233
198 124
198 125
182 197
199 474
337 135
20 220
418 285
242 143
188 317
145 3
276 2
26 246
453 265
248 241
295 135
415 247
347 397
221 196
422 200
466 477
445 484
325 400
378 22
84 19
380 336
474 424
292 331
13 186
297 422
257 259
12 400
142 234
200 314
328 401
377 416
313 162
392 295
393 266
451 253
138 477
15 280
105 398
183 359
248 238
430 119
77 462
121 446
393 209
51 404
171 245
250 23
28 27
56 412
496 321
416 294
390 464
358 384
351 213
177 312
6 146
126 290
104 330
356 305
487 369
170 72
91 465
165 488
473 130
107 189
393 314
149 237
480 484
171 154
210 227
328 360
216 297
334 423
34 352
368 133
168 300
313 357
498 364
210 280
21 497
307 264
351 204
257 110
86 137
255 8
368 68
259 481
474 349
342 78
425 484
439 355
215 461
293 200
141 28
332 361
319 68
152 417
77 123
345 428
192 32
302 494
243 69
487 481
106 463
428 488
400 160
258 384
348 430
488 397
419 420
54 45
372 398
46 291
337 367
335 237
188 233
495 440
199 2
437 234
42 423
490 484
13 459
42 409
11 205
85 417
495 204
170 93
76 344
231 224
444 346
433 103
328 240
481 477
269 400
216 488
38 294
166 118
319 363
95 341
104 191
453 325
201 288
97 416
381 6
299 25
256 178
210 88
4 242
94 358
449 413
164 197
258 283
485 438
243 356
429 7
311 168
456 206
313 64
328 370
393 160
126 62
382 452
190 408
269 210
203 161
256 210
342 304
196 295
90 111
53 102
192 73
306 232
256 337
15 2
131 146
128 98
298 13
259 429
406 127
209 106
332 222
126 191
332 381
393 135
37 29
224 459
190 430
299 206
70 320
373 359
434 219
297 379
254 398
428 0
187 207
308 401
319 470
140 363
70 2
69 476
102 41
419 186
15 19
313 415
307 440
85 124
244 90
118 423
167 246
368 198
306 146
483 98
320 32
176 39
252 133
281 10
278 284
411 36
74 47
425 431
230 406
105 234
15 89
387 52
156 303
6 185
90 289
362 95
369 151
214 322
195 461
372 162
37 277
437 294
381 358
41 285
485 466
454 379
128 486
106 272
11 122
97 84
135 30
381 356
245 274
249 40
273 93
292 245
467 59
498 31
72 358
108 205
364 359
337 219
332 89
348 114
89 191
16 322
234 314
196 489
16 129
229 379
92 273
119 251
473 41
11 416
408 346
244 93
5 281
136 242
147 0
486 14
415 320
42 461
244 43
231 405
111 103
166 240
31 291
51 494
64 383
365 226
101 186
375 147
438 75
242 331
174 102
95 477
116 429
87 303
391 381
213 183
445 381
470 478
390 383
147 6
343 422
427 254
387 154
436 280
167 476
461 125
214 41
49 114
199 23
77 415
269 319
374 373
43 278
128 212
438 114
108 57
208 449
192 403
329 84
68 123
16 317
408 431
128 63
136 174
375 253
227 312
4 391
271 458
230 350
292 51
6 465
297 467
141 315
9 302
170 137
121 372
201 2
114 180
318 207
170 341
444 360
18 399
227 320
141 384
354 330
270 298
328 366
279 436
244 476
313 405
464 211
87 499
276 484
92 423
467 178
411 338
346 124
246 336
201 33
112 355
235 125
332 1
368 410
306 33
217 473
414 249
244 381
481 7
87 225
113 83
227 40
382 341
152 84
55 330
97 123
369 465
165 207
167 143
225 407
195 62
339 163
295 296
114 308
465 264
315 383
222 355
444 297
403 472
54 271
406 493
67 478
313 179
79 225
482 65
139 224
155 329
118 7
89 343
138 284
31 466
492 497
493 66
387 123
184 22
393 199
99 341
37 261
241 130
375 489
402 484
382 404
425 294
203 34
392 211
489 464
320 197
121 449
328 465
424 315
345 469
118 475
155 13
75 2
206 163
204 50
35 232
187 220
25 325
422 251
273 308
422 387
271 346
15 88
268 481
418 100
94 366
11 284
159 172
113 315
389 358
361 290
456 405
255 431
343 266
405 358
150 331
111 138
343 28
140 197
5 289
134 272
205 308
209 205
474 248
210 349
221 449
186 38
52 125
259 200
346 477
490 472
186 423
350 32
131 129
145 491
134 291
87 63
200 180
4 337
31 322
303 30
240 331
206 288
13 366
90 326
248 412
421 317
217 106
474 119
85 71
3 446
386 304
479 130
145 151
154 303
229 289
371 290
4 429
454 349
453 499
362 142
245 198
82 424
351 225
302 330
156 430
342 56
73 81
489 350
28 105
308 119
32 236
150 119
247 91
121 325
37 206
23 314
261 178
128 414
35 383
410 169
87 422
181 64
101 157
470 217
154 289
210 295
485 24
291 289
387 99
93 337
75 385
174 93
169 359
25 142
136 248
298 91
368 29
411 263
269 453
414 424
416 48
86 200
449 249
322 45
144 377
54 242
407 30
261 219
385 370
240 214
411 262
72 63
0 30
134 192
56 476
275 143
483 220
158 350
228 85
184 153
356 189
354 40
278 481
339 243
299 356
144 53
374 312
175 19
374 33
432 172
138 228
167 224
21 437
380 331
49 497
332 403
23 251
243 420
421 441
54 429
423 417
23 186
89 249
246 208
89 432
165 312
167 186
91 138
342 210
94 23
193 413
393 16
195 280
231 275
54 104
31 102
168 183
166 283
436 95
479 484
273 59
221 102
471 39
434 315
382 185
150 213
390 261
377 380
397 355
209 169
188 110
11 142
445 261
406 362
173 422
72 396
308 239
79 281
451 362
471 238
370 65
273 31
494 78
485 334
146 384
342 259
125 314
313 394
201 31
86 397
248 246
158 264
295 357
391 268
87 103
307 76
221 189
469 63
332 367
181 78
34 274
343 276
258 154
21 369
155 210
20 413
329 372
489 333
243 437
158 482
284 197
264 491
440 360
256 292
420 162
461 346
215 227
164 251
126 292
149 236
467 396
210 276
223 311
169 378
89 245
60 133
64 169
347 69
149 397
379 151
445 373
427 98
46 463
279 88
485 81
223 329
70 331
82 437
495 222
181 443
180 251
219 363
173 132
442 276
174 189
273 78
163 160
209 383
26 403
21 430
210 399
57 238
483 203
21 296
297 366
77 121
104 477
0 296
269 158
243 263
57 236
309 401
25 232
65 78
67 354
269 493
55 8
257 36
253 23
434 383
155 212
433 385
286 217
216 399
74 331
124 324
430 327
269 346
329 363
414 308
410 125
404 285
81 241
368 292
278 40
98 336
310 496
193 378
319 388
192 245
307 452
227 493
88 305
373 369
471 18
150 113
451 372
27 394
137 88
12 424
3 103
286 492
490 115
213 443
116 80
89 477
267 100
163 48
318 124
42 186
84 153
470 216
106 469
486 383
427 252
361 460
495 123
128 276
286 308
201 437
75 174
206 103
270 25
303 66
187 430
12 281
17 423
11 32
199 175
333 103
393 269
67 283
31 133
124 161
149 360
471 323
35 146
495 89
319 94
56 386
390 491
116 29
53 214
376 102
1 387
338 466
449 352
288 97
325 312
104 73
156 28
91 187
495 272
382 3
84 458
486 174
415 249
201 87
12 174
298 96
246 409
483 147
266 207
221 254
104 294
279 80
58 303
188 229
329 342
91 189
202 448
5 429
453 377
67 31
231 59
23 296
382 465
376 106
285 24
108 59
43 463
122 178
250 185
273 459
137 69
75 287
437 479
226 234
255 380
28 81
364 64
105 153
246 161
470 184
261 229
345 456
483 436
365 180
37 420
192 324
319 284
183 200
382 400
474 293
281 124
54 477
188 271
377 218
167 200
342 10
486 41
120 45
450 408
75 207
256 242
405 324
29 242
150 180
15 68
49 42
56 416
499 324
427 94
351 91
28 294
297 289
389 191
427 132
165 176
221 333
320 291
42 200
381 469
455 459
299 51
318 137
254 308
159 177
444 3
498 6
442 294
380 338
212 276
418 142
296 178
427 73
216 409
157 355
489 192
492 228
450 229
300 464
306 27
454 384
225 23
435 234
291 83
82 122
108 28
302 83
436 110
396 400
498 379
127 284
165 212
411 287
212 431
198 265
455 378
221 204
226 363
221 401
339 72
254 358
201 178
392 212
325 66
268 373
493 276
253 149
44 129
167 185
361 61
318 234
135 412
382 338
180 291
13 7
437 284
382 228
433 52
77 318
206 224
284 446
307 47
121 366
43 163
415 466
278 441
374 172
313 321
36 420
418 52
5 99
173 44
245 44
450 22
482 466
26 210
184 205
196 114
248 304
128 85
233 145
342 207
339 251
167 384
144 310
79 56
252 271
33 293
213 468
208 407
36 417
339 346
409 88
388 462
456 363
72 258
421 26
163 400
16 262
457 19
306 357
147 189
67 48
80 386
154 405
235 424
113 303
49 377
6 338
411 348
344 461
344 25
203 168
28 365
308 214
72 53
261 370
369 249
343 184
235 85
235 305
117 84
116 230
9 193
310 0
275 363
243 398
279 44
300 163
382 264
281 138
454 45
52 114
173 333
257 39
418 80
128 101
426 325
217 382
159 306
69 135
209 184
5 487
214 220
117 376
70 226
260 172
462 337
387 3
253 234
52 443
365 395
392 124
434 460
120 207
317 388
257 60
499 378
282 457
165 47
21 317
453 166
150 446
91 241
461 312
139 125
200 312
339 103
433 25
393 123
301 442
177 89
173 382
485 51
300 228
279 57
196 383
415 261
142 105
444 263
268 104
484 314
195 294
120 0
173 400
171 315
202 18
20 106
146 27
76 125
487 98
362 217
447 264
46 96
121 109
188 111
157 33
347 407
375 62
223 306
338 370
1 295
166 202
118 494
137 236
354 63
126 236
483 33
49 315
259 234
341 251
215 240
287 156
175 197
256 322
17 113
16 123
441 110
6 449
282 124
167 420
347 429
351 318
307 362
497 465
61 41
489 48
84 8
75 122
144 386
109 127
278 302
448 143
72 202
403 137
183 346
316 291
286 335
376 339
343 156
108 438
317 115
368 79
316 261
193 106
329 206
90 110
415 53
371 31
233 0
469 303
116 382
328 262
382 45
292 44
267 196
68 398
203 429
31 111
55 357
393 24
230 109
203 457
306 448
344 282
335 133
4 470
90 429
297 439
274 413
217 294
16 422
198 446
318 366
58 370
246 122
193 74
93 146
295 378
177 209
73 441
92 302
50 491
442 440
0 180
437 414
122 442
258 412
451 52
467 302
318 289
244 330
236 472
204 143
196 8
323 146
45 239
313 303
351 80
72 352
364 274
140 104
212 265
11 153
210 357
101 143
29 344
152 399
203 126
188 356
158 151
209 283
450 346
434 73
342 363
284 322
492 314
122 327
155 91
488 276
148 132
425 249
434 224
293 232
375 251
28 237
498 214
104 7
457 119
384 50
151 143
407 417
451 440
382 356
177 228
347 283
89 73
254 162
332 78
366 151
159 175
198 71
1 61
362 201
193 400
279 360
406 482
168 308
127 326
87 161
257 290
462 236
150 405
311 457
97 372
128 258
418 214
269 20
392 40
193 385
450 239
184 420
169 318
139 409
297 326
313 448
329 259
1 23
489 462
109 31
148 241
131 143
9 226
279 220
290 24
37 247
11 60
166 400
276 251
257 46
319 493
196 44
261 266
432 245
221 69
408 378
281 6
13 346
166 78
310 205
223 359
114 383
269 29
175 132
106 198
411 152
166 469
381 455
319 273
481 129
177 188
126 83
340 123
277 96
335 75
199 497
353 475
280 162
92 381
433 231
175 103
468 460
425 80
244 36
376 33
131 431
398 397
67 440
139 41
159 193
190 287
422 274
426 484
295 161
79 44
463 331
386 441
409 238
488 151
381 407
339 441
156 30
210 10
374 324
443 493
447 297
91 74
177 420
159 73
328 377
155 292
5 413
298 87
483 41
344 497
286 305
143 66
407 494
121 389
382 0
213 47
478 452
173 180
49 24
176 153
34 439
402 123
371 277
49 479
168 129
332 366
261 194
416 352
140 198
158 2
232 110
139 234
391 465
343 402
375 464
215 440
432 104
155 69
427 463
283 285
102 146
26 383
272 85
424 407
270 463
169 358
60 360
333 397
63 237
340 489
72 73
113 431
34 464
313 235
199 226
92 95
214 420
121 344
231 242
388 6
255 239
89 315
204 104
34 417
209 432
176 472
495 294
425 266
57 365
495 327
231 397
56 149
485 219
215 287
387 65
415 487
147 497
20 473
282 266
53 446
73 160
152 489
498 35
262 249
152 112
87 466
172 251
344 95
270 242
17 128
49 21
421 238
145 304
187 99
279 443
378 40
460 237
425 90
354 271
3 324
166 229
257 16
332 282
458 312
177 472
56 321
390 343
91 1
116 140
447 19
195 327
226 322
192 260
486 440
46 260
198 207
329 70
42 6
455 460
254 200
199 166
361 69
269 70
427 80
5 492
456 413
110 66
192 34
136 365
14 290
144 467
191 394
377 499
170 327
254 205
379 360
332 389
51 238
288 412
335 181
345 300
438 385
56 51
376 381
12 349
422 265
5 260
267 172
311 462
374 111
202 30
327 110
270 197
221 470
196 186
26 356
43 166
210 353
165 467
225 138
53 137
91 460
171 164
97 357
158 19
339 398
174 473
159 424
233 377
171 362
61 114
254 366
328 372
157 259
351 146
141 464
145 330
13 369
16 252
272 214
46 98
345 51
74 408
358 357
301 274
141 228
462 151
167 441
33 234
67 385
229 308
393 190
281 112
146 160
222 89
393 334
183 39
139 113
246 84
284 189
56 457
94 32
376 385
11 140
202 405
72 330
313 386
136 240
182 2
428 490
253 405
381 242
217 240
430 40
168 234
359 477
499 143
433 101
453 289
173 370
109 442
381 308
67 448
223 228
472 232
211 249
188 47
368 92
416 420
342 268
206 115
444 65
283 6
57 216
281 94
59 338
209 15
304 491
486 280
386 137
81 491
64 497
171 400
190 112
202 315
347 264
247 103
120 27
56 383
98 162
388 239
139 461
470 137
389 19
406 323
462 250
91 370
233 228
421 435
461 66
141 44
354 187
3 476
174 96
385 220
140 189
242 490
109 457
230 361
56 187
175 367
359 172
15 217
295 468
21 486
335 11
141 364
335 87
223 480
134 383
171 96
47 331
288 78
438 466
454 179
104 32
398 24
304 226
259 158
438 355
290 431
490 266
493 326
306 151
497 65
309 85
451 236
343 24
219 357
371 464
307 395
76 423
91 449
281 473
98 95
46 24
381 145
103 32
117 167
137 63
282 78
434 459
87 452
445 402
428 158
221 462
206 304
124 234
435 240
18 314
116 182
172 336
444 366
340 165
148 73
362 42
485 315
347 413
218 458
320 160
32 7
70 154
471 112
157 212
108 482
27 384
364 165
32 394
313 206
332 365
150 334
250 384
148 360
418 31
131 338
354 463
460 30
457 112
270 173
437 494
86 282
401 41
215 176
343 239
191 160
492 407
259 478
287 479
298 476
70 111
213 137
147 366
279 378
185 24
362 468
376 0
364 13
440 429
471 296
368 150
95 272
77 323
410 240
126 475
499 366
361 189
422 440
253 25
433 288
444 447
435 179
313 427
279 158
76 38
386 71
196 194
440 124
49 70
89 403
200 84
276 71
270 44
136 352
152 217
20 346
106 69
196 336
113 214
166 431
331 125
170 132
415 233
101 34
358 19
233 166
60 2
390 108
453 383
16 298
419 153
375 85
403 102
93 366
421 239
181 251
231 279
81 146
140 382
80 174
118 172
52 164
222 359
368 388
221 140
56 493
128 18
377 282
49 193
421 416
233 300
421 83
486 475
43 461
333 44
256 188
441 211
204 111
388 395
281 262
46 167
27 220
374 460
493 363
3 274
208 179
213 479
496 202
116 314
422 459
478 293
233 477
8 274
77 289
157 469
376 243
18 389
150 166
70 48
376 259
33 124
25 214
44 66
337 399
144 169
463 251
426 96
344 250
77 52
411 228
415 65
452 397
210 61
79 112
52 85
307 186
75 289
348 93
334 331
490 41
188 165
55 202
320 163
156 440
16 168
256 241
246 125
418 207
150 346
154 135
190 297
170 492
298 296
206 330
347 36
490 383
256 138
136 112
55 315
363 123
447 225
108 151
332 464
350 416
68 226
117 303
9 301
13 245
273 33
368 233
380 378
299 9
148 122
390 93
374 28
192 240
351 38
335 63
255 240
216 27
15 366
432 436
0 460
464 105
117 63
76 280
216 138
76 229
321 59
70 463
487 123
67 453
437 212
277 405
370 341
436 472
357 151
481 416
69 207
340 395
407 179
166 236
278 163
235 454
282 71
210 304
128 55
235 113
190 226
334 245
339 233
482 226
53 127
94 315
209 103
485 57
443 366
286 443
26 47
415 114
4 207
9 220
432 83
426 441
198 88
329 88
98 416
256 233
81 280
25 475
269 169
109 408
316 114
20 314
324 331
400 27
218 90
203 440
333 30
87 280
254 92
488 457
218 475
60 81
395 285
325 123
462 400
221 301
94 200
171 471
344 211
486 435
34 123
203 380
278 431
49 62
281 227
85 274
465 130
173 493
453 324
188 330
235 265
109 260
277 477
317 68
319 19
261 399
125 62
373 202
90 497
340 436
235 403
72 206
335 21
281 48
4 366
10 373
447 147
306 261
444 458
348 355
270 268
340 208
467 416
252 249
309 469
368 437
132 458
390 262
381 350
380 291
460 220
246 105
179 294
163 460
486 134
449 36
398 315
66 62
456 207
159 196
53 69
210 287
4 336
190 271
46 238
73 143
419 218
222 381
21 312
116 407
43 450
192 282
104 263
411 480
447 88
497 96
451 384
17 233
256 287
109 62
483 236
68 14
278 132
420 207
215 139
197 189
139 459
96 239
109 392
164 191
458 285
345 285
90 441
107 110
311 14
443 7
86 331
128 200
304 249
185 232
418 283
444 478
359 62
42 32
244 410
282 263
310 384
252 205
155 430
20 403
117 374
311 291
252 373
434 226
426 322
290 399
369 302
256 347
290 363
136 207
17 364
375 126
171 121
329 77
437 468
17 448
351 459
248 318
30 24
202 88
274 363
148 93
17 68
344 456
11 374
325 224
204 163
462 198
10 484
188 321
67 6
118 366
16 56
362 224
294 234
436 322
140 98
380 312
445 80
224 424
445 173
447 314
155 241
95 494
29 57
451 103
217 274
480 189
299 63
406 81
428 18
267 202
181 75
223 175
53 124
70 367
364 492
324 66
97 460
485 236
358 119
258 232
325 416
483 217
409 198
320 264
434 43
494 125
16 498
86 67
246 200
427 477
91 65
213 206
368 113
456 400
488 271
173 72
208 312
453 330
243 498
488 189
134 358
179 214
375 408
291 207
284 399
339 132
200 161
147 238
488 211
243 133
471 331
234 66
362 234
60 471
111 352
253 237
379 180
393 387
190 292
55 447
393 403
151 262
244 51
243 24
212 330
247 63
479 178
42 429
224 372
49 160
320 457
337 0
151 303
112 285
235 479
376 471
113 463
441 448
193 364
193 324
368 262
49 232
209 460
139 50
497 197
325 295
150 212
67 357
49 200
397 48
317 255
480 143
286 258
89 147
278 31
230 246
11 145
209 281
195 363
225 164
241 384
16 13
356 294
169 39
89 219
180 276
486 310
288 105
199 63
188 340
35 45
118 272
67 341
299 432
387 119
334 459
144 277
464 405
55 333
98 327
105 262
447 403
17 468
439 41
418 28
306 13
98 359
68 477
329 213
82 302
485 391
155 203
28 430
55 496
154 2
9 275
480 423
213 331
436 380
1 463
297 403
369 357
267 409
150 149
221 402
121 367
121 465
339 190
418 2
246 50
129 249
26 192
92 389
278 282
50 237
415 251
33 138
214 161
105 460
392 490
165 350
148 235
152 99
415 30
481 62
198 430
255 251
179 143
118 491
121 110
438 392
343 369
396 266
469 41
54 157
185 491
76 243
150 31
481 324
206 265
86 177
61 383
488 97
300 132
223 352
332 104
36 110
471 315
140 57
154 404
126 283
299 359
453 183
497 142
231 481
382 488
277 403
319 59
425 309
57 129
488 294
393 196
371 369
181 56
49 74
156 359
16 305
244 384
16 318
310 55
287 441
311 328
188 450
4 425
328 491
51 473
221 166
286 485
326 468
284 355
347 472
489 176
21 371
342 52
297 396
115 249
454 458
73 19
369 19
120 488
282 45
363 24
184 183
426 186
306 94
332 363
362 172
297 1
231 206
134 388
356 412
306 401
453 477
192 100
250 38
102 129
68 47
374 360
310 498
441 420
202 107
246 218
223 111
182 238
26 459
351 401
342 167
498 180
26 465
23 59
155 285
141 470
447 109
323 85
329 452
177 417
376 85
199 297
101 214
8 443
216 198
286 269
137 66
416 125
35 242
121 220
485 228
486 59
438 195
31 448
403 50
92 359
73 45
80 206
196 180
254 290
410 356
259 92
91 488
0 330
88 312
57 353
240 333
100 383
26 477
254 211
14 440
80 41
289 446
86 420
44 305
169 288
389 394
482 488
487 429
136 33
18 330
21 187
67 475
14 353
235 441
390 193
233 183
435 118
369 143
490 280
279 162
377 471
259 135
23 283
76 53
306 218
447 236
57 469
319 45
188 182
451 216
273 47
248 302
17 71
49 322
261 197
37 242
225 315
229 384
348 59
454 19
49 195
380 360
300 212
216 242
213 245
246 320
68 490
319 41
134 400
53 236
497 404
54 370
380 214
459 50
230 336
159 274
267 373
281 59
201 208
311 31
253 58
210 31
351 207
72 484
377 30
445 498
75 133
371 236
253 115
348 374
152 268
144 105
208 180
298 447
282 464
462 440
15 420
364 446
49 224
406 474
390 367
319 158
164 357
377 105
466 191
334 261
374 47
74 349
286 299
51 464
64 408
148 160
269 91
309 199
416 40
444 25
485 382
5 339
301 65
177 6
15 341
368 18
10 81
304 129
474 462
457 228
61 488
121 304
152 111
80 324
92 297
330 83
428 187
118 98
155 268
94 44
390 473
356 83
267 340
288 164
64 103
193 362
199 8
175 154
410 473
343 484
265 284
72 347
255 96
469 420
421 477
203 66
67 160
286 202
145 379
303 460
465 290
204 294
190 103
438 62
256 77
140 229
37 348
145 370
79 74
87 107
454 115
128 429
222 254
64 402
157 43
186 341
474 52
462 464
343 472
278 158
288 160
126 187
364 1
108 484
49 73
425 382
107 357
9 453
69 336
463 398
403 349
35 476
37 64
72 397
425 308
49 417
74 180
136 381
346 466
425 260
376 65
319 168
435 282
264 197
450 459
191 285
188 282
201 272
481 384
49 473
33 385
393 462
418 75
246 303
335 83
263 399
213 315
254 246
173 474
171 357
15 380
87 416
361 477
142 36
297 458
434 134
351 254
93 424
437 385
93 369
351 90
445 251
128 37
91 100
101 360
259 498
361 305
286 123
177 52
379 472
390 186
379 237
421 326
496 100
153 472
485 369
254 93
54 216
316 265
275 488
409 212
293 45
279 54
15 407
159 13
144 129
57 283
410 58
23 400
13 293
49 86
217 14
421 219
106 408
246 338
15 363
354 484
317 60
222 259
78 24
406 326
58 431
93 439
343 383
158 302
164 44
94 245
82 198
387 115
216 154
268 363
119 460
13 1
495 64
77 480
478 355
231 153
434 88
344 334
250 264
20 185
195 219
215 392
221 448
5 318
451 172
143 327
55 62
4 394
337 189
159 220
47 191
213 208
163 359
271 353
384 45
384 363
171 296
120 94
406 243
6 322
10 0
149 356
165 496
88 315
410 135
52 137
16 131
45 133
75 333
393 340
16 369
454 469
325 97
309 480
348 36
177 142
409 220
204 110
177 219
479 191
332 448
228 312
497 232
213 122
16 332
97 50
170 213
480 93
271 65
192 133
5 455
273 389
227 399
148 3
432 325
155 444
141 240
351 367
5 210
20 361
74 312
450 361
311 204
425 475
126 382
492 477
213 297
382 96
306 382
204 153
117 162
141 394
480 246
387 107
368 288
257 208
287 312
392 387
210 341
411 365
254 184
57 354
149 28
434 153
49 428
85 416
174 284
152 207
139 14
319 195
485 475
43 206
419 245
406 14
337 477
435 422
47 458
172 366
132 153
368 188
226 83
268 65
80 111
362 294
391 360
82 362
482 360
391 297
6 301
287 103
136 130
57 383
265 40
255 442
148 468
486 263
263 41
182 417
190 13
54 74
419 123
16 42
261 45
4 172
127 19
373 430
155 25
77 132
464 303
86 383
276 197
57 114
478 320
329 91
144 45
203 417
335 26
229 241
486 196
175 240
144 205
180 85
170 296
450 142
134 466
158 487
147 119
222 236
390 439
34 64
91 459
309 370
300 292
492 131
466 395
87 114
217 31
458 479
335 371
255 95
421 154
151 472
5 401
257 472
29 420
450 284
256 370
454 102
437 265
204 409
61 143
23 337
358 276
335 302
196 168
279 67
206 98
47 85
484 78
436 19
35 194
164 383
329 114
159 156
29 176
9 110
351 302
243 74
199 154
436 283
436 327
390 226
170 2
33 417
270 447
217 439
11 441
167 28
25 272
374 412
54 202
231 47
451 360
170 314
269 262
142 122
67 346
177 389
212 475
275 338
209 42
170 285
16 447
134 169
221 435
307 245
329 482
255 361
278 436
233 432
454 212
20 258
25 124
415 277
120 74
328 460
243 75
327 160
243 275
399 40
486 385
94 301
70 412
396 78
433 312
33 232
317 292
345 394
295 420
418 488
496 105
117 245
411 462
166 255
333 394
5 270
213 238
348 435
467 142
474 280
425 492
254 182
470 481
390 498
145 10
461 47
320 399
274 40
450 163
323 491
470 104
345 34
343 107
167 31
86 174
187 22
255 234
79 376
300 57
80 296
170 180
409 162
273 212
343 346
14 276
165 429
55 347
19 491
462 81
479 294
81 249
419 429
256 128
165 323
393 272
311 142
16 389
190 266
270 42
34 320
478 476
79 106
11 338
329 200
402 81
56 248
483 245
70 357
379 424
421 40
371 476
392 409
145 272
86 161
60 197
173 399
474 48
334 399
145 397
13 27
402 399
163 214
310 56
223 390
437 125
16 78
358 2
248 196
433 119
26 0
418 237
449 122
490 47
254 52
298 168
304 100
298 378
103 499
427 491
136 480
238 162
157 160
85 346
419 431
281 490
464 65
151 331
80 494
461 151
57 274
70 165
32 239
53 350
228 47
77 94
14 65
56 146
342 316
223 369
278 262
102 304
447 361
180 112
53 73
369 352
116 370
126 400
139 378
139 202
481 264
339 50
49 205
328 274
91 306
313 188
405 143
421 123
217 300
166 304
468 130
470 129
284 412
29 234
171 255
329 0
95 395
347 41
292 352
270 421
410 318
86 396
223 105
188 263
173 401
121 385
311 23
199 85
489 154
43 23
87 33
257 428
495 111
155 441
75 479
171 134
342 450
200 50
11 431
126 234
189 220
46 458
398 143
139 282
433 117
488 103
194 27
217 456
474 183
200 416
152 348
170 417
259 364
145 40
300 400
442 24
334 110
259 336
440 294
478 464
128 456
11 295
144 133
376 123
321 129
72 333
418 78
150 420
396 423
248 409
155 269
309 15
230 341
440 245
478 398
159 469
275 479
426 439
346 7
267 274
439 24
432 460
230 211
139 104
343 370
301 389
405 408
302 153
342 173
288 477
6 490
190 259
224 237
173 365
376 461
216 51
210 137
11 72
493 305
167 73
467 123
210 469
82 53
159 499
148 198
152 224
97 44
335 119
117 243
364 455
15 474
175 189
82 246
254 383
436 66
235 249
278 59
136 476
492 369
453 239
61 138
309 56
67 28
448 484
351 491
150 466
151 66
257 343
158 320
486 77
121 296
447 156
61 285
39 180
444 238
481 211
60 422
426 142
381 413
477 125
221 246
490 475
393 170
298 246
132 212
254 167
77 146
171 402
391 476
345 446
401 232
155 412
408 305
70 487
489 42
215 482
152 109
75 465
478 323
28 189
410 213
445 129
451 420
260 441
257 59
108 127
301 151
396 363
134 66
93 341
176 460
261 71
132 379
275 385
437 499
483 13
369 312
85 280
456 350
235 407
42 466
36 249
257 188
372 440
359 107
182 336
55 92
218 327
339 406
366 395
332 65
203 251
14 455
80 131
375 417
344 71
218 138
174 220
87 24
135 431
453 89
173 94
309 443
485 215
70 379
76 149
428 353
183 288
300 23
165 186
95 137
410 283
255 408
293 83
218 65
298 267
455 468
184 494
386 127
176 464
192 272
36 398
42 399
148 228
11 87
33 481
53 3
196 109
427 497
12 308
371 96
25 334
354 218
55 436
388 132
360 452
281 34
176 318
108 7
252 84
199 232
442 44
166 187
49 213
316 353
52 383
462 408
114 330
445 217
16 289
25 416
111 384
97 466
279 90
225 153
17 26
14 484
482 205
343 92
134 132
482 363
119 417
159 388
319 253
103 239
485 18
270 142
445 366
366 327
54 35
403 358
348 331
297 392
275 455
169 105
141 84
316 245
368 259
158 448
51 83
273 262
222 212
49 406
241 304
51 232
257 236
425 149
304 143
101 233
202 183
114 130
233 412
113 324
275 94
456 349
376 245
316 360
376 172
470 262
67 179
393 136
469 322
221 430
343 385
244 24
94 488
485 352
158 361
439 191
471 477
406 297
176 103
311 370
13 318
81 71
262 394
224 32
425 168
418 99
56 459
277 84
404 289
223 349
47 472
54 380
433 86
299 368
130 383
74 83
144 284
310 153
278 466
414 349
279 81
29 388
65 446
183 245
65 394
377 357
139 232
354 114
49 117
82 493
447 229
37 273
257 244
325 394
100 249
15 133
376 349
244 26
376 52
335 250
376 322
4 213
196 226
495 209
391 355
375 298
70 208
172 38
107 160
141 446
402 84
196 250
11 10
387 274
364 226
80 210
240 463
49 459
297 113
169 237
261 446
136 153
269 130
264 459
17 121
418 45
8 78
283 457
166 22
400 239
148 296
247 14
42 162
357 294
17 337
55 355
360 3
34 119
269 460
5 43
82 92
255 31
163 3
455 180
73 475
215 283
239 249
240 185
449 272
434 452
26 216
155 363
371 398
453 246
339 498
177 126
71 280
456 146
187 197
54 84
158 333
300 255
20 492
152 88
9 323
23 125
469 264
312 394
299 310
70 100
252 394
230 430
213 492
258 249
190 53
103 2
414 490
391 160
144 281
352 349
75 265
461 50
101 191
299 462
348 96
105 304
299 95
263 460
89 258
456 459
407 476
202 265
248 346
473 398
292 154
382 48
246 280
293 289
81 400
391 123
335 356
298 120
478 325
282 115
157 455
53 468
332 330
124 191
69 360
384 7
74 378
444 337
127 476
409 356
324 161
3 124
329 499
144 185
439 220
91 110
470 81
17 299
75 35
376 413
49 354
269 325
398 59
36 78
271 416
301 0
16 146
70 296
316 229
418 156
39 363
451 404
17 103
26 62
56 165
235 31
248 334
286 79
226 479
29 44
277 263
486 225
17 224
410 113
463 333
81 420
79 322
181 261
392 0
4 36
312 119
4 310
80 354
166 381
80 469
86 484
257 134
436 131
297 69
80 460
25 250
450 491
264 477
101 416
426 492
244 143
348 45
140 35
437 213
283 312
456 44
395 280
270 176
117 304
463 71
118 104
296 245
67 120
45 314
408 66
81 403
277 430
243 367
106 172
171 68
361 229
79 275
319 174
245 314
223 364
340 350
335 310
328 180
420 446
3 83
397 363
474 61
433 453
116 412
120 364
222 205
141 361
297 322
224 430
293 237
4 203
421 476
21 217
29 78
480 394
411 180
128 287
82 2
171 258
9 355
271 358
149 71
373 330
321 353
148 152
461 238
15 302
177 455
93 293
350 78
368 176
215 413
260 423
409 499
375 63
134 200
23 38
462 180
70 133
49 34
76 104
31 0
464 357
311 331
99 314
117 419
343 145
425 324
493 2
29 122
39 191
51 290
183 463
179 207
250 320
428 216
82 66
241 40
280 133
467 88
451 401
247 460
205 327
279 497
216 137
261 331
279 454
204 417
389 265
454 338
455 179
131 394
195 289
157 1
494 172
12 293
142 251
252 162
110 78
254 432
364 81
16 52
347 443
165 397
478 385
499 22
141 183
148 46
453 365
130 412
225 405
8 477
351 306
319 382
309 278
199 255
345 486
382 407
489 111
358 385
467 73
12 460
212 96
101 414
177 301
390 288
209 226
462 179
465 360
9 439
173 293
165 65
225 493
308 234
199 406
161 130
447 456
455 476
87 83
31 38
490 458
134 165
120 287
304 197
213 174
380 465
53 91
227 373
140 195
379 22
377 61
449 461
86 496
454 262
141 61
126 297
393 51
243 392
230 432
374 481
273 431
256 74
455 236
492 457
448 312
98 429
451 18
72 266
146 219
275 384
311 270
299 364
480 429
209 252
391 164
272 280
194 266
96 475
93 265
375 355
360 103
176 459
483 263
141 317
438 261
221 465
337 99
20 331
209 402
136 243
379 441
318 383
54 11
4 131
106 65
422 449
307 291
499 112
391 61
299 446
136 384
362 463
155 70
298 240
82 281
424 219
486 53
328 109
278 413
277 402
4 84
57 387
492 423
203 296
478 396
144 211
175 467
23 333
203 283
0 484
379 413
225 301
483 469
111 239
485 224
300 352
57 290
152 350
113 308
231 440
126 293
498 398
94 282
386 409
225 102
244 407
148 288
449 110
388 448
85 48
82 365
313 22
144 363
89 297
301 441
325 442
317 32
235 28
76 239
376 181
295 226
294 24
436 44
92 331
17 346
144 428
210 204
405 2
16 399
258 315
159 8
145 207
52 18
148 52
307 300
310 92
246 450
37 115
490 384
206 488
12 412
171 90
28 385
308 236
448 479
69 62
111 232
183 272
56 303
254 362
297 218
478 45
256 312
250 366
231 447
173 42
77 198
488 333
173 473
120 489
335 489
49 92
278 281
257 456
46 159
246 106
221 452
144 321
242 162
492 336
476 65
457 153
60 1
120 460
318 127
36 341
419 294
263 370
275 110
297 350
421 263
397 19
305 264
117 72
196 312
454 417
497 112
392 194
121 291
482 119
69 226
144 290
350 387
89 226
128 144
174 59
380 341
13 347
176 496
159 439
440 366
95 24
15 14
0 429
390 431
82 100
11 113
89 19
31 473
238 395
95 429
243 357
273 36
111 463
335 406
371 28
428 168
482 52
138 69
223 190
217 103
42 220
114 237
335 377
307 451
405 367
82 320
128 383
295 466
426 350
498 138
106 218
489 412
258 392
378 322
217 373
411 439
320 52
0 372
145 90
364 36
61 183
308 465
224 238
19 291
426 400
199 210
368 490
344 200
445 394
286 140
77 174
184 211
467 431
139 184
433 401
70 325
241 153
451 264
403 401
124 420
286 280
348 127
56 63
188 466
59 71
464 378
246 359
86 276
218 40
365 448
20 237
444 371
329 104
245 107
79 113
82 104
367 226
258 324
425 288
38 384
161 420
134 60
68 22
119 412
430 357
176 387
306 23
301 358
201 429
411 147
354 392
109 59
184 403
487 198
226 127
495 469
450 33
180 249
48 446
483 210
222 186
26 304
300 6
82 318
185 45
37 438
227 334
369 315
404 237
106 466
14 397
94 39
16 476
187 40
182 337
174 457
42 414
427 93
9 307
57 13
201 394
415 359
131 420
28 122
404 439
328 264
432 200
181 362
437 343
33 24
306 87
359 239
72 93
451 271
364 424
359 399
345 115
186 226
275 154
70 115
375 95
415 357
430 2
87 151
102 285
440 110
418 85
60 25
199 360
184 408
461 88
299 164
321 65
141 254
55 120
339 389
261 34
451 100
401 212
196 34
335 439
90 481
31 380
450 225
17 110
307 471
310 373
52 50
431 276
286 131
140 1
301 88
229 304
453 102
43 208
14 461
21 29
94 312
148 1
37 212
193 112
53 118
97 24
483 316
392 236
319 354
52 40
250 323
179 78
240 341
357 41
252 314
5 36
422 39
279 350
194 312
299 302
59 153
480 3
440 27
59 124
454 242
4 456
283 105
426 466
355 383
248 265
5 301
360 226
290 58
159 282
382 475
373 78
143 352
426 468
306 291
184 400
47 249
159 130
258 356
436 352
254 349
332 2
279 173
444 245
109 372
101 332
183 44
49 97
43 156
36 458
46 439
17 383
64 352
1 407
193 97
186 238
56 176
283 293
260 416
156 271
118 8
225 491
434 106
215 367
115 3
482 242
210 263
317 24
243 129
386 13
85 66
328 437
230 185
423 477
427 195
442 272
402 413
113 238
432 264
328 205
76 212
391 384
103 460
57 394
328 402
454 99
299 295
485 274
380 48
256 184
12 84
54 448
444 429
498 435
67 489
245 357
337 36
498 158
9 125
292 413
481 429
310 42
156 202
231 493
438 31
132 211
374 198
462 396
333 239
375 211
82 275
375 348
257 84
471 417
302 465
478 66
257 300
492 304
5 428
45 341
279 330
155 474
273 476
419 69
409 179
258 210
460 130
149 32
335 22
229 369
308 178
360 99
325 105
121 349
185 186
248 455
106 369
217 131
350 423
373 64
75 462
422 318
324 119
157 172
168 107
373 380
39 207
54 174
134 13
202 276
126 465
319 336
150 304
326 484
358 3
225 96
184 115
250 122
43 413
359 358
60 142
88 59
15 85
177 22
448 290
350 318
37 66
75 366
281 107
397 341
150 449
286 457
388 477
165 2
433 339
190 74
465 357
188 124
257 54
487 132
233 297
35 472
287 382
190 306
20 147
168 492
261 123
374 8
44 32
43 378
222 143
427 244
434 44
99 119
296 78
122 47
217 96
208 143
271 32
374 114
230 200
167 405
117 150
413 119
253 369
445 99
55 280
176 105
318 105
243 320
402 288
175 460
299 301
261 119
46 234
156 189
374 58
73 219
450 303
120 160
465 353
375 201
233 39
106 219
487 449
336 357
269 165
165 161
456 448
181 474
14 442
497 413
319 491
136 492
72 31
342 437
393 490
222 24
204 338
418 133
250 349
210 24
1 28
419 284
437 59
92 156
140 68
136 81
150 365
18 127
428 85
228 394
319 427
299 203
434 304
441 484
9 234
13 2
57 448
375 494
279 258
365 352
243 12
485 207
203 8
304 69
414 405
410 250
115 48
382 385
132 73
267 417
310 133
391 70
188 132
390 354
36 65
365 446
167 289
490 40
184 358
64 119
277 484
171 380
175 499
151 417
293 198
53 33
77 80
165 127
217 325
109 85
485 108
115 338
480 62
146 274
401 303
273 383
255 294
222 216
377 492
299 300
279 355
369 285
1 389
47 237
240 97
21 432
72 246
150 289
34 399
95 322
391 374
269 249
317 382
139 78
244 167
31 24
340 130
391 72
208 460
255 275
282 424
221 40
273 494
241 484
272 125
376 316
155 277
52 95
332 401
52 0
358 27
218 469
244 404
451 468
196 457
185 442
192 145
91 395
83 237
433 235
258 220
213 212
342 365
60 280
102 469
49 285
76 408
310 277
255 143
241 162
436 143
4 308
11 468
169 41
323 357
8 430
310 3
324 363
473 355
435 436
213 355
461 96
55 406
334 187
67 26
109 322
425 321
219 30
190 412
6 459
230 93
292 219
453 367
72 161
170 31
458 189
11 292
351 479
321 285
11 217
217 78
103 219
93 400
343 194
81 499
421 69
404 161
273 463
331 78
60 295
491 285
328 423
10 143
480 277
343 306
297 361
418 173
80 20
114 405
186 494
6 83
437 431
97 294
344 114
131 488
225 384
90 115
245 399
88 266
240 224
439 66
310 470
141 370
406 344
424 491
426 477
388 347
216 38
344 14
342 252
84 290
400 358
112 249
193 490
77 327
359 63
255 110
444 268
44 19
244 291
298 217
114 359
128 15
8 475
375 64
425 62
468 459
372 326
301 331
215 308
196 387
182 441
49 220
454 394
298 386
196 394
329 7
396 314
379 463
140 59
22 162
6 417
64 323
396 384
390 460
344 460
132 83
320 146
112 66
136 246
227 73
37 227
28 224
218 186
335 30
113 39
51 314
54 277
200 103
388 420
80 467
155 330
9 124
203 260
403 22
445 291
243 194
282 198
86 471
467 62
97 22
393 258
70 31
55 106
86 364
450 457
11 365
495 95
474 123
357 460
426 3
379 378
395 341
245 228
33 187
150 32
43 266
426 342
159 365
410 142
451 165
396 27
492 459
287 330
488 161
17 55
157 287
217 408
222 228
222 164
290 355
135 357
302 459
432 34
231 34
15 125
286 277
380 385
43 69
198 160
76 254
179 408
342 135
252 109
287 1
86 25
305 112
306 416
422 271
230 287
168 34
106 214
473 420
415 109
449 143
4 351
374 352
410 377
39 130
113 403
345 3
199 142
375 10
85 30
72 236
479 420
277 302
434 81
192 212
447 285
54 266
121 413
189 491
67 292
313 1
368 66
250 241
25 189
25 95
331 420
267 153
158 104
140 297
124 22
374 151
194 491
80 385
158 207
447 70
427 455
13 412
188 70
467 397
278 357
167 165
385 274
93 477
205 62
258 275
254 138
448 280
427 334
292 64
97 232
208 32
278 261
438 68
9 479
286 137
466 303
208 61
370 30
170 331
67 114
435 337
55 59
409 280
390 281
300 491
28 162
43 289
478 469
318 312
134 68
236 399
210 468
486 265
381 74
350 240
316 273
432 52
147 440
259 120
43 87
215 15
84 191
209 80
474 238
498 388
434 164
101 234
184 422
393 221
306 18
99 96
166 23
159 2
193 353
325 132
313 14
156 105
410 224
177 287
300 285
183 357
171 69
310 129
339 14
370 460
159 42
368 46
369 493
397 143
450 336
218 326
382 81
497 318
495 166
443 494
261 499
49 99
206 312
194 88
451 407
210 102
457 151
380 280
180 214
296 135
184 373
404 36
223 428
144 244
171 468
240 38
56 373
470 429
393 398
463 291
426 158
427 160
165 94
218 266
222 48
388 367
184 202
290 395
323 30
5 295
6 137
52 291
194 389
93 226
246 429
1 153
32 63
456 412
435 238
375 439
496 44
106 52
292 234
141 469
411 203
107 22
157 18
444 195
259 48
489 184
177 143
344 341
425 272
244 243
33 452
60 161
145 431
256 91
51 65
89 419
269 315
29 0
165 282
444 362
486 268
334 308
286 294
57 224
252 455
311 361
243 468
344 165
375 206
117 423
437 103
277 359
28 312
188 130
74 110
243 115
455 27
449 398
168 73
475 30
192 455
376 25
490 194
165 308
375 152
354 83
77 69
455 431
43 367
309 291
267 219
302 333
21 402
35 271
52 366
1 497
156 251
286 178
101 166
252 105
311 101
453 143
49 233
379 129
345 328
250 280
92 213
341 314
376 422
400 356
469 285
407 220
33 36
496 399
37 219
223 33
328 62
450 422
6 289
176 207
193 253
95 19
228 234
269 327
443 398
455 274
64 283
364 68
445 219
136 407
204 161
390 365
193 382
248 330
34 303
136 324
254 284
258 389
404 238
61 439
44 160
139 422
263 367
13 260
219 466
235 288
404 409
63 349
115 459
464 69
146 429
375 196
56 312
388 23
46 53
424 465
145 373
140 360
109 409
348 23
28 61
242 416
77 277
483 212
487 263
128 238
222 496
408 423
299 224
325 48
256 30
312 459
209 347
226 336
480 240
325 154
419 321
319 179
247 320
139 218
473 8
16 344
425 296
269 122
313 174
254 341
480 340
178 370
101 497
20 129
42 102
189 251
11 385
149 130
478 322
277 457
193 91
163 305
286 32
101 282
87 249
109 327
118 19
364 294
286 273
136 70
148 108
301 465
448 341
166 467
347 169
102 32
185 162
454 437
5 30
257 34
256 291
464 133
118 377
359 304
335 152
113 291
415 496
126 44
377 352
198 212
216 205
199 135
250 288
362 318
339 431
159 350
149 277
444 84
329 43
208 380
329 118
287 462
188 211
374 386
152 220
463 469
456 107
47 48
346 326
318 440
241 160
470 252
286 395
74 401
438 330
224 280
434 151
475 251
389 401
386 284
474 19
259 277
267 499
326 160
469 360
335 307
155 204
469 315
10 459
205 352
25 357
483 326
410 350
428 402
147 496
239 125
443 472
152 324
414 115
17 183
469 123
483 27
450 226
369 408
335 14
292 164
111 305
240 360
316 1
55 186
8 228
199 416
43 320
229 44
79 496
435 494
4 151
370 66
292 94
223 495
86 157
368 84
13 289
298 414
82 341
371 14
435 2
92 449
222 233
145 100
203 201
310 478
120 304
173 429
259 81
498 127
183 95
312 378
461 469
362 409
334 169
314 220
208 350
335 352
150 359
61 112
317 305
170 273
242 403
97 293
428 70
259 330
374 387
77 381
313 253
477 83
427 355
489 102
84 356
286 231
354 326
377 169
345 320
259 163
91 105
391 273
223 393
306 274
5 65
57 334
16 241
325 225
218 61
33 490
432 296
103 30
270 38
308 305
265 280
15 10
390 436
223 242
108 463
222 40
292 389
482 312
157 146
362 118
167 414
193 196
196 460
170 389
306 301
156 423
310 381
279 321
354 499
204 71
69 99
318 408
155 211
267 359
75 33
106 436
99 366
418 464
200 274
344 397
428 10
215 76
240 488
483 36
307 166
279 292
447 115
296 214
368 369
51 69
479 472
14 430
108 195
181 272
138 96
269 193
494 290
225 40
337 314
371 360
77 362
28 39
421 290
426 62
281 468
270 22
19 412
149 499
235 142
418 163
447 352
89 252
90 372
209 478
231 445
164 112
470 161
470 85
485 28
155 381
328 261
386 448
293 337
61 127
54 184
200 112
158 137
10 291
278 66
316 187
217 63
275 90
272 96
345 287
177 297
208 282
297 47
20 32
217 161
126 174
337 105
193 247
9 334
257 453
16 84
56 111
230 201
233 343
116 386
310 14
430 484
199 450
128 499
155 43
150 145
391 288
183 62
299 119
400 468
467 32
157 154
388 467
154 0
235 303
343 372
235 487
5 478
6 326
140 225
156 416
455 394
361 237
188 10
286 166
302 305
165 34
292 392
363 446
75 96
252 83
284 363
425 105
244 106
438 24
175 356
365 211
398 226
247 382
229 0
457 125
64 394
337 172
54 124
421 186
4 320
21 127
391 385
185 59
190 198
166 93
391 289
243 61
421 211
60 124
379 66
190 381
393 420
131 84
250 27
362 226
486 200
401 133
437 430
371 132
266 237
10 238
356 407
97 366
470 285
434 65
499 446
128 361
436 218
1 191
205 289
470 102
375 371
121 387
138 430
356 99
76 14
433 203
131 66
398 336
445 163
256 335
25 402
254 450
86 450
313 413
316 19
195 318
68 493
34 102
219 71
477 78
286 224
21 78
127 27
311 406
244 118
453 114
214 349
76 182
68 409
316 115
80 457
218 405
492 107
434 287
195 22
133 399
288 119
210 216
57 130
74 490
60 380
286 154
108 431
447 96
382 135
99 38
454 34
401 315
323 475
436 229
256 461
319 200
218 291
462 115
304 125
89 26
411 315
185 380
248 477
183 88
166 191
215 370
193 491
486 248
456 95
278 103
49 64
151 355
490 135
101 189
424 249
68 462
319 326
270 213
451 278
112 399
443 420
434 274
208 83
310 181
401 448
6 360
376 426
116 96
387 146
453 272
301 315
490 409
320 333
182 479
46 387
149 194
389 160
328 438
49 397
390 136
369 459
5 24
34 153
367 479
213 138
135 352
230 154
157 133
155 491
39 40
75 274
279 349
325 301
77 115
87 408
5 23
225 219
389 27
42 100
185 52
72 409
141 110
348 154
203 363
109 308
406 282
414 358
255 245
373 420
339 451
169 114
136 304
244 344
5 192
180 338
244 7
204 460
307 315
173 143
46 249
46 151
381 449
465 48
458 130
142 442
348 182
467 114
488 404
116 327
172 58
316 404
273 394
422 469
304 228
54 416
181 135
388 64
221 380
367 50
225 63
29 111
311 325
319 235
304 22
436 165
70 290
480 68
18 50
432 282
279 115
30 78
128 248
10 496
414 271
4 380
354 71
488 62
72 0
80 261
93 387
175 292
375 250
201 112
140 95
15 102
368 308
1 424
438 314
175 468
474 492
84 305
215 201
144 367
486 480
16 160
433 278
120 99
261 36
449 58
374 189
190 374
436 288
15 189
144 160
31 494
345 89
421 278
284 99
386 382
345 79
410 22
227 337
20 488
378 50
489 212
139 283
28 271
159 417
171 36
319 376
282 161
213 112
316 324
469 399
336 219
247 149
426 462
74 356
407 276
152 355
91 373
310 391
348 249
310 304
11 361
72 316
104 429
149 33
403 458
393 284
160 491
176 123
198 214
136 419
91 210
463 63
196 338
193 165
230 308
365 290
95 440
101 309
421 400
260 237
445 226
330 285
426 75
227 452
49 240
56 157
455 405
245 160
106 30
487 113
415 71
268 449
377 265
18 237
277 423
318 302
393 3
278 266
243 122
49 448
306 359
480 387
288 130
127 59
144 118
368 202
21 331
386 219
281 460
240 336
92 48
213 179
223 154
176 356
185 321
400 179
439 105
21 70
252 73
254 268
193 160
55 401
116 169
418 475
29 303
447 343
445 66
122 384
118 276
108 326
492 277
90 380
14 127
218 242
495 482
385 366
147 218
316 98
345 211
465 401
70 304
259 186
477 315
282 304
310 147
435 63
215 48
430 62
344 196
386 471
455 397
33 272
497 463
1 74
12 187
104 324
137 346
279 24
49 209
45 161
438 401
115 85
488 405
438 22
35 127
217 491
467 2
401 476
329 492
462 405
350 211
171 260
106 3
221 324
297 236
390 347
360 161
269 18
176 422
158 315
4 41
204 169
79 127
117 78
3 135
453 130
310 459
245 341
100 207
256 226
352 125
218 124
147 22
116 99
57 294
480 198
9 344
90 73
69 123
204 494
120 400
171 217
74 439
211 476
82 115
79 222
489 358
340 100
428 61
75 337
255 249
313 453
210 333
258 93
344 322
393 240
170 260
376 2
489 83
313 475
111 32
59 7
188 363
110 207
283 59
434 48
15 408
448 212
307 159
467 336
102 85
177 487
26 226
316 205
395 237
208 280
268 404
5 217
131 163
28 179
351 135
76 458
176 189
9 382
386 369
90 443
347 24
244 174
483 434
316 238
14 36
403 355
254 408
9 333
37 164
347 367
181 461
99 491
309 8
149 111
375 324
478 129
380 41
368 107
4 163
259 12
49 446
163 127
478 0
102 416
98 104
177 261
454 53
104 461
243 494
218 402
458 100
362 290
97 475
116 144
476 477
319 373
39 469
424 336
11 35
46 177
167 403
485 133
20 22
457 239
167 330
410 263
434 471
302 469
498 1
437 358
227 324
57 263
200 153
118 353
121 65
55 11
245 407
47 41
489 112
213 239
408 162
201 176
301 212
391 130
155 382
43 472
440 349
13 122
136 146
10 327
495 402
497 355
307 228
75 288
183 191
208 476
487 383
393 92
414 274
337 423
94 99
116 8
480 112
11 39
457 83
308 429
89 163
243 312
121 100
150 469
37 214
199 71
339 298
463 424
170 179
48 133
496 211
270 458
64 289
316 320
286 109
419 216
340 137
268 468
158 262
192 420
313 250
492 122
134 250
393 194
376 186
157 362
122 341
34 398
483 208
261 183
29 210
270 334
80 437
329 399
164 124
91 458
311 234
15 442
117 497
268 333
418 419
184 499
10 197
354 467
0 370
497 39
467 389
471 379
293 226
325 93
259 472
432 289
19 234
87 32
109 491
415 132
313 311
17 301
375 34
362 187
454 352
203 139
243 365
390 139
120 249
111 45
439 276
124 71
240 466
361 384
13 266
451 243
206 94
430 423
225 465
392 111
209 260
181 468
177 123
235 243
431 65
181 289
29 174
249 160
485 470
80 242
457 48
82 185
79 184
128 57
26 6
226 289
348 164
213 449
234 50
11 234
61 468
497 7
150 138
98 220
391 323
386 383
23 52
418 189
351 265
196 306
348 123
188 408
486 171
318 395
173 228
332 344
281 47
361 161
111 186
244 68
454 430
247 156
307 219
437 107
101 81
286 2
76 298
5 141
6 180
163 341
270 389
171 196
310 333
436 156
343 162
498 496
209 102
75 93
20 448
403 341
362 490
226 214
0 308
159 70
335 129
201 273
132 197
222 217
374 432
193 136
345 167
53 10
115 479
449 107
277 30
362 412
254 423
307 142
119 40
61 476
216 18
344 383
437 166
223 376
496 401
108 359
444 470
106 291
396 367
334 471
454 71
175 285
121 186
416 363
293 36
360 125
432 471
216 98
242 66
345 404
461 119
328 429
222 84
49 462
269 111
29 306
245 251
247 139
386 396
184 27
335 290
483 330
147 372
467 81
433 392
155 50
108 420
427 204
277 291
450 19
377 321
20 297
210 417
480 315
4 28
310 123
91 300
353 239
332 80
112 239
26 262
329 87
95 22
55 23
467 220
242 125
498 88
254 96
391 421
226 24
6 241
174 115
90 412
433 321
202 122
374 133
281 147
12 198
345 23
377 408
358 251
437 69
310 395
319 293
1 160
181 419
263 476
332 289
67 273
356 352
466 237
132 341
208 151
445 465
311 183
434 200
388 238
77 255
209 423
257 245
328 179
25 98
434 76
268 57
371 356
451 57
18 47
474 431
37 394
320 93
337 494
102 355
228 303
410 64
351 202
117 161
450 211
104 380
249 314
322 399
467 127
106 224
298 472
267 413
187 245
307 182
185 314
200 239
149 92
380 62
155 121
194 32
75 151
297 234
217 35
104 472
344 169
284 276
244 360
485 389
80 341
46 377
72 292
52 484
54 197
79 362
447 278
426 309
14 320
131 494
467 271
227 81
16 38
269 441
301 355
345 490
241 99
494 399
265 315
89 66
9 422
157 41
10 296
316 249
164 395
104 237
421 85
425 463
277 100
193 367
144 306
433 494
244 61
145 303
4 96
448 100
116 275
342 218
155 138
67 350
20 8
29 220
212 407
21 108
46 275
174 260
33 283
199 34
456 320
365 137
166 378
259 437
254 463
244 48
165 441
43 280
332 266
126 172
296 312
428 135
498 306
209 237
255 388
267 178
241 303
317 138
142 130
74 225
152 157
469 124
69 143
236 220
389 38
205 114
167 285
203 320
144 404
256 467
165 63
148 281
269 128
218 400
222 131
415 14
237 110
425 120
337 18
35 59
176 146
467 33
128 455
113 130
373 331
471 464
145 380
23 389
221 277
387 443
318 19
480 249
319 206
287 369
432 450
248 349
118 321
295 251
329 125
393 241
198 378
402 490
432 314
229 198
490 314
292 124
313 484
205 160
29 397
421 87
335 374
375 151
272 178
304 448
329 358
29 476
445 83
213 88
202 113
421 459
238 236
275 490
12 226
306 19
57 242
84 187
350 189
17 376
64 484
486 244
196 276
46 139
310 316
159 265
302 290
319 190
42 146
56 185
436 226
169 472
141 465
474 352
223 19
495 45
146 304
148 125
452 408
317 458
219 289
478 477
105 358
105 3
253 218
93 224
424 151
17 77
337 198
419 161
276 62
17 329
146 356
252 104
483 338
467 200
170 251
351 191
37 88
77 331
18 346
159 151
438 400
389 357
231 418
252 333
37 407
495 326
451 462
166 39
250 460
279 242
277 119
246 96
105 499
46 398
26 294
140 112
109 183
14 324
450 187
153 357
131 3
433 374
495 371
374 494
18 48
158 107
309 268
202 341
228 284
343 110
376 276
240 88
426 359
371 496
47 499
337 431
152 105
396 404
409 153
413 125
6 446
233 18
471 153
17 462
244 168
25 414
310 172
306 73
342 246
64 189
269 113
98 385
235 24
451 19
309 449
174 125
487 40
434 20
51 123
46 327
440 394
210 35
324 326
329 215
54 470
351 453
42 94
406 443
343 497
113 360
450 302
268 239
116 395
286 169
351 212
158 118
310 146
434 327
102 238
223 278
484 30
279 277
444 202
286 283
473 160
299 349
20 115
149 164
1 372
365 327
470 41
373 32
395 110
195 358
283 400
451 213
187 441
196 475
122 491
169 191
364 400
333 358
283 154
299 175
332 441
159 386
343 81
393 287
390 92
177 57
415 447
206 448
402 3
457 322
171 227
470 458
74 30
410 315
243 216
55 251
369 431
11 460
294 289
460 446
196 492
113 71
391 469
480 182
87 226
269 417
204 127
56 464
128 354
172 468
257 320
462 240
362 218
105 160
482 472
456 186
106 22
445 337
437 366
253 51
324 431
183 232
193 206
190 386
43 491
462 347
131 372
428 410
32 384
372 357
112 123
438 364
149 395
184 389
95 441
317 180
476 129
46 8
165 349
386 293
498 373
433 96
53 185
494 207
359 384
404 207
100 322
104 151
126 417
496 484
490 389
246 325
221 420
4 124
391 415
438 370
170 408
492 333
14 395
425 325
215 205
325 384
419 64
216 194
415 378
374 381
176 18
147 242
216 388
16 493
368 138
434 293
390 153
5 204
261 93
425 276
109 161
223 39
12 114
117 471
223 363
307 170
70 355
367 408
365 479
467 229
340 439
60 373
445 320
292 198
339 263
67 174
182 443
59 62
410 282
113 473
165 264
433 486
82 102
411 146
342 43
231 480
141 121
233 331
260 228
414 172
284 220
270 462
424 264
345 275
311 343
410 397
260 40
116 200
348 110
213 65
426 107
321 367
210 36
433 437
376 352
277 236
434 144
448 71
46 419
334 47
162 41
313 426
1 73
310 284
453 278
267 69
21 266
93 97
436 242
391 171
100 472
340 57
287 73
97 318
451 182
320 187
259 227
351 449
453 162
37 449
76 52
20 204
167 356
400 78
270 254
231 14
16 64
480 301
292 491
215 71
411 357
365 103
39 249
87 124
208 367
377 232
341 63
200 420
478 174
418 470
274 123
326 363
221 28
142 413
121 19
495 397
321 265
438 247
175 457
98 312
145 399
109 458
193 361
402 336
202 212
362 60
391 10
9 258
118 396
148 11
354 249
367 146
106 161
152 321
368 424
235 465
400 65
421 12
402 211
375 257
415 129
223 366
393 484
164 458
190 2
106 487
396 40
223 356
309 20
266 352
77 183
375 299
218 71
17 185
368 201
126 275
51 479
1 449
80 266
21 12
116 273
49 178
390 40
121 317
354 242
205 441
155 313
342 325
246 481
357 161
241 124
195 47
178 135
221 100
300 139
147 265
5 425
256 379
308 448
325 110
45 220
20 226
13 382
252 414
155 157
6 337
415 280
311 170
245 394
332 385
236 160
478 61
77 75
421 91
223 50
328 6
4 477
323 461
158 176
287 143
