500 9547
267 159
107 227
379 78
58 1
204 37
437 395
269 136
344 36
396 439
99 79
38 83
371 425
217 215
53 345
70 158
467 54
132 117
32 29
73 411
202 98
252 267
247 95
242 377
348 117
313 463
164 396
274 249
53 430
337 329
101 219
29 124
472 297
44 75
95 284
372 447
63 33
339 19
267 363
430 105
447 379
484 125
383 375
441 83
348 447
72 69
207 232
459 303
325 455
176 410
68 380
111 494
435 216
43 344
354 38
74 209
175 442
423 184
145 253
344 350
99 15
256 366
14 421
449 268
379 125
17 403
466 313
414 143
156 413
127 84
413 363
285 234
367 406
173 83
144 160
241 49
104 220
287 365
201 48
4 163
484 455
56 106
264 480
277 176
341 117
449 439
144 24
299 271
230 425
185 452
214 119
142 323
255 168
444 16
482 139
94 256
130 180
282 158
369 353
457 290
58 156
107 256
159 139
241 315
214 203
89 397
339 52
152 442
175 377
151 234
314 265
62 452
198 2
179 237
157 254
256 303
151 143
422 457
0 347
223 283
22 96
368 37
460 272
451 490
117 489
390 324
138 336
260 330
157 30
307 257
140 320
246 292
314 448
87 114
296 217
224 34
446 400
223 237
65 267
148 235
105 248
423 40
411 190
355 135
473 263
326 292
70 453
308 159
294 137
92 328
320 175
80 289
207 494
50 270
423 371
46 373
196 365
493 295
17 31
322 231
416 73
355 382
330 432
235 255
89 53
399 361
140 428
5 52
187 247
455 341
497 486
307 229
447 88
354 393
25 361
65 437
364 267
396 257
413 259
251 77
338 24
282 360
44 380
399 17
83 367
262 199
317 17
60 300
417 152
425 239
34 165
180 242
372 457
31 160
366 115
98 310
376 290
434 343
26 472
298 120
220 17
239 427
257 123
203 111
153 415
148 372
294 163
303 484
128 283
56 177
58 305
314 70
230 122
342 244
158 82
87 345
255 222
384 35
54 145
239 314
489 291
163 382
295 281
400 261
469 99
343 292
115 211
499 420
35 151
128 110
90 231
212 173
285 136
421 216
158 331
321 284
128 158
398 371
161 44
185 264
237 67
117 83
232 150
178 322
195 268
84 475
241 129
212 408
13 27
135 287
376 221
482 21
198 67
37 83
216 261
201 20
114 496
407 437
491 348
473 348
185 7
411 389
310 293
400 120
410 181
100 6
41 240
406 295
487 7
90 170
493 195
71 212
286 298
452 365
285 498
323 333
120 346
405 85
328 289
466 347
485 298
168 155
108 440
233 411
366 198
173 228
69 455
175 400
83 56
29 352
22 368
404 24
352 54
491 207
148 383
247 189
352 336
367 457
455 247
386 74
323 242
370 19
99 164
453 31
6 439
114 226
54 475
171 28
270 348
282 47
215 485
353 318
87 486
114 72
38 216
22 362
167 95
164 382
323 220
206 175
39 5
301 94
492 108
270 72
426 52
198 297
323 37
375 254
291 375
441 464
97 300
108 16
210 65
490 167
132 198
363 189
178 294
238 55
350 8
148 370
8 472
498 30
223 73
124 404
105 274
429 326
409 351
259 192
147 494
263 392
87 347
253 418
146 190
254 80
126 245
382 217
213 61
383 356
468 201
266 152
132 79
44 33
61 372
163 263
108 443
199 223
22 414
411 94
369 66
458 304
0 209
418 18
85 167
153 22
392 22
247 492
332 138
397 371
21 255
443 487
398 143
132 420
27 40
418 282
482 293
17 222
137 325
203 154
120 162
140 336
121 307
267 144
290 341
221 399
218 324
386 397
388 386
245 52
498 281
22 347
355 469
388 179
271 156
70 122
195 36
154 152
117 264
280 499
298 57
182 340
397 175
160 109
71 460
74 212
91 69
323 419
215 215
163 230
419 249
157 57
388 53
117 241
25 413
192 276
66 307
106 247
382 474
30 364
26 446
413 53
394 156
181 90
40 488
68 136
116 152
459 457
363 410
344 279
160 321
454 100
483 384
111 363
368 319
168 82
304 142
367 486
276 299
340 366
72 419
53 409
110 197
84 284
430 4
87 430
242 100
370 325
450 113
422 141
87 437
97 390
241 266
54 437
476 197
10 149
405 18
336 315
292 243
314 381
345 283
364 398
429 423
132 194
61 445
162 405
272 286
355 152
413 85
210 307
396 258
343 493
208 371
322 250
52 14
27 276
55 5
6 397
301 417
180 12
38 125
430 208
474 82
338 115
362 485
96 300
341 339
458 358
303 245
389 397
81 299
199 348
148 395
278 373
384 220
442 302
4 431
488 101
338 131
156 175
284 310
199 134
112 176
160 403
214 83
473 123
433 223
230 358
330 14
53 380
120 233
472 185
349 175
40 438
17 492
274 29
125 144
144 217
168 35
268 75
243 12
188 98
230 376
272 417
331 83
460 308
58 436
455 251
401 1
20 432
389 188
80 176
115 462
233 390
355 185
123 315
182 240
10 322
88 331
113 269
132 248
499 499
303 455
59 333
248 485
358 404
88 73
312 195
21 426
125 458
59 233
473 144
128 360
53 184
279 342
26 276
133 28
341 86
491 78
337 385
280 200
411 31
487 115
117 309
469 0
79 58
46 66
331 80
181 111
396 86
50 491
32 224
362 484
81 118
426 431
206 12
418 226
323 161
119 422
351 116
155 176
190 148
101 437
258 491
77 418
323 54
266 135
131 223
1 396
47 302
312 296
118 259
125 440
201 336
469 81
358 229
225 338
67 72
414 132
294 444
398 92
179 108
43 279
92 58
223 250
478 92
139 240
184 217
288 373
197 229
384 79
281 152
205 164
298 416
330 348
428 480
433 361
185 366
492 67
437 463
306 388
390 355
11 244
238 299
364 134
487 96
208 353
146 124
428 334
420 60
202 364
325 81
378 341
281 473
493 494
451 418
209 18
119 359
210 50
440 342
202 308
101 135
381 80
409 137
359 7
376 108
433 142
135 380
493 257
167 12
390 143
133 430
318 444
337 376
359 353
36 338
242 129
478 166
201 466
490 356
434 49
376 333
314 349
185 95
130 298
268 196
291 246
67 45
227 121
88 421
32 121
330 109
341 283
487 69
354 110
350 341
124 216
239 245
377 482
205 64
398 288
41 225
325 138
36 0
103 175
308 71
97 18
233 80
239 273
164 410
118 109
375 366
175 334
86 45
355 389
80 420
372 258
141 94
372 269
204 352
461 31
487 49
376 232
495 209
272 458
308 186
219 313
348 248
6 2
430 374
321 255
376 92
8 365
428 384
12 439
42 61
261 22
412 102
266 51
15 200
94 83
354 462
64 341
123 288
68 164
200 393
225 294
467 399
284 291
77 205
73 354
436 349
486 2
403 78
96 74
426 53
203 252
49 206
25 150
491 246
275 172
427 10
313 23
155 285
406 45
103 487
132 214
483 180
265 234
450 260
450 418
230 306
471 355
91 80
273 173
87 447
414 258
137 328
323 17
415 410
437 394
211 373
123 98
140 297
304 35
247 409
60 302
81 297
322 93
182 63
366 263
152 248
119 91
274 444
129 194
90 447
219 442
143 249
163 274
374 465
88 82
310 169
148 135
390 362
404 380
318 56
237 352
412 249
164 400
27 314
96 101
70 83
451 61
165 332
91 43
451 469
457 23
179 388
426 279
205 137
27 244
25 127
36 434
239 477
47 393
321 201
59 430
250 255
4 413
200 261
476 366
93 169
329 418
430 440
6 163
477 439
476 370
323 64
386 411
231 425
354 95
103 223
99 56
193 159
449 318
14 315
57 149
369 275
414 303
240 266
2 335
85 325
366 333
466 136
361 455
437 63
468 143
112 405
19 418
221 39
7 416
35 179
107 362
240 427
29 74
41 78
138 354
112 453
200 398
120 204
59 464
169 2
260 312
399 44
150 117
297 119
111 34
275 499
477 321
339 317
127 472
73 100
187 213
341 424
237 217
461 53
467 439
357 172
335 6
229 321
144 407
497 288
25 272
48 131
42 285
278 379
389 206
232 415
463 249
92 287
315 95
423 114
267 21
491 130
332 418
425 92
73 480
302 205
4 445
31 178
12 172
121 223
177 413
105 43
290 0
349 91
466 359
68 469
269 229
429 252
102 464
15 123
14 389
93 189
449 95
191 390
104 141
157 172
176 368
395 496
183 345
253 265
409 231
204 382
430 408
93 492
466 421
340 116
95 345
134 289
453 43
63 106
47 228
432 111
150 463
54 290
244 356
69 450
117 498
326 220
295 262
320 493
317 111
282 368
95 59
219 451
446 304
187 278
460 282
479 425
169 125
387 461
266 388
119 144
387 166
327 480
193 252
89 114
159 23
22 197
140 399
72 362
289 363
437 310
270 494
260 167
118 279
190 291
158 33
334 200
286 381
430 166
470 84
149 458
255 330
389 326
48 170
36 407
436 243
319 205
98 165
260 87
396 432
455 265
121 472
37 194
160 308
292 475
119 158
417 47
199 388
327 167
49 423
417 59
280 400
82 352
448 144
74 367
419 133
473 73
15 396
5 347
268 324
237 190
62 115
434 67
328 278
84 404
154 15
201 326
174 371
105 391
3 121
438 449
472 192
22 146
359 256
275 212
474 433
251 17
483 374
285 18
117 44
89 243
256 116
276 88
117 370
383 268
46 347
466 372
207 195
155 5
37 142
111 105
280 99
301 48
370 0
181 216
177 214
314 49
404 355
185 369
465 493
270 21
297 62
371 153
21 318
180 390
485 329
462 415
54 337
414 282
428 391
125 424
437 116
183 361
339 297
301 196
452 472
353 229
382 267
5 408
46 145
270 118
224 65
176 61
413 473
286 50
85 132
241 229
275 279
230 188
96 465
365 33
425 479
443 371
72 95
90 358
324 176
372 250
342 289
220 140
384 192
446 36
83 85
140 103
128 275
41 157
315 266
192 380
365 0
103 382
321 349
286 12
61 334
490 101
180 192
95 339
111 394
420 11
336 75
433 346
210 177
354 67
133 223
301 258
5 117
396 330
132 260
26 389
494 62
311 378
0 90
177 223
103 96
330 177
75 37
346 487
299 24
237 445
151 27
438 275
25 482
492 296
217 378
439 43
121 14
244 84
80 436
137 468
386 237
354 222
412 12
112 11
160 356
437 2
376 28
400 42
303 231
101 201
280 47
31 113
227 365
398 388
138 143
14 89
187 41
55 347
43 88
175 423
120 319
387 113
298 96
462 307
159 264
410 367
189 39
408 141
34 66
279 491
285 400
159 281
26 124
480 360
33 351
316 260
73 142
279 348
358 277
234 436
387 74
471 183
454 208
490 140
77 230
449 174
41 173
138 482
91 76
429 270
275 14
282 196
223 227
298 152
114 211
92 103
321 165
486 256
391 228
432 392
223 178
176 130
164 216
298 262
75 325
87 464
335 356
186 266
149 237
82 251
161 185
393 171
440 285
15 115
324 421
196 193
429 469
106 201
278 267
458 10
23 428
249 99
192 210
474 21
221 182
188 99
477 159
412 93
449 238
215 13
372 52
214 199
249 352
98 341
178 439
344 481
185 338
129 429
256 251
112 291
461 209
135 445
308 114
15 347
208 101
220 79
309 349
480 9
495 268
328 340
76 68
110 4
117 50
257 439
84 390
62 486
43 444
24 27
68 130
32 47
498 487
432 60
194 74
27 93
149 93
117 338
353 230
326 282
351 411
348 267
95 1
452 337
363 6
49 156
277 446
77 221
128 367
28 112
201 164
83 288
70 378
204 383
0 422
437 345
183 295
381 102
427 211
71 350
418 153
119 343
18 451
358 127
434 390
391 232
51 404
172 234
404 423
165 454
126 470
446 372
286 372
32 163
273 91
381 49
386 217
105 426
453 366
451 441
169 437
486 384
434 349
323 355
254 261
490 62
226 397
79 238
428 290
169 130
206 303
186 201
184 253
52 386
477 254
27 460
38 187
246 27
231 151
404 4
374 188
472 251
189 40
426 67
81 167
314 198
171 24
93 149
439 127
9 406
155 435
460 286
142 128
408 205
13 433
158 44
222 255
295 71
174 168
345 386
10 475
419 459
249 123
22 8
448 104
214 448
228 121
390 77
19 82
120 203
347 101
210 326
6 104
323 318
227 89
336 356
204 305
385 81
103 439
207 283
462 70
497 251
192 180
152 485
475 188
393 116
256 168
360 370
297 343
439 452
347 259
247 136
398 61
458 6
91 410
188 77
159 97
126 222
478 75
302 335
52 404
182 347
416 391
445 206
417 142
487 64
391 442
353 76
487 263
235 384
499 218
73 318
225 109
128 172
197 119
395 56
139 498
162 55
211 405
174 33
91 231
434 438
415 392
431 362
39 126
140 150
181 286
166 156
180 143
277 497
456 43
115 312
443 362
65 343
134 313
457 104
318 120
493 150
387 92
274 58
469 496
481 141
353 239
239 439
486 112
494 413
155 482
135 250
166 277
445 157
207 136
298 386
270 132
292 418
390 322
36 293
126 373
69 132
266 493
91 463
330 212
12 281
307 223
453 203
29 252
152 445
50 111
280 195
340 247
86 409
452 407
429 479
81 106
104 435
322 95
450 165
486 187
481 170
413 322
298 229
43 438
227 363
155 251
347 163
156 491
228 168
457 117
50 160
113 386
254 454
120 36
81 142
363 395
325 77
422 317
248 165
309 484
453 270
297 148
26 242
44 157
251 407
240 239
112 135
355 431
128 320
364 233
441 316
214 171
89 84
272 14
89 269
36 245
34 371
3 493
358 79
260 301
388 165
34 290
184 439
491 342
482 266
340 478
409 227
253 157
468 111
214 115
141 161
242 161
67 55
256 125
402 21
442 197
454 143
371 164
171 193
341 277
216 356
246 167
56 444
314 183
268 61
67 392
372 432
142 166
465 107
479 215
92 114
68 263
374 213
194 29
410 0
443 222
165 256
79 175
73 337
444 361
348 448
317 40
288 128
161 20
480 478
153 373
139 264
309 209
121 443
378 431
87 230
290 75
71 361
406 490
48 200
390 458
46 227
137 436
127 103
419 157
313 288
488 359
196 352
41 233
107 489
178 63
162 169
37 354
144 202
454 38
80 301
203 150
120 270
179 0
365 105
381 440
21 241
244 40
25 92
265 147
125 427
48 226
271 11
72 181
153 214
380 197
67 267
414 415
310 424
372 308
66 484
34 496
85 78
270 491
275 78
232 477
375 138
319 448
493 123
287 330
298 182
269 140
294 332
476 286
70 221
480 84
399 234
88 131
363 179
81 49
329 331
196 23
56 13
463 50
260 349
373 461
424 343
32 252
210 25
294 123
490 79
73 181
478 384
216 205
341 329
60 215
162 146
189 337
53 434
458 409
60 485
1 384
41 253
128 288
118 247
427 408
240 86
229 422
65 2
220 377
15 60
340 72
477 225
117 356
46 24
279 104
389 13
164 274
269 366
161 162
84 232
229 390
285 452
329 282
132 343
378 91
444 148
101 299
299 259
308 5
219 140
152 82
298 246
264 167
299 461
264 184
303 293
292 140
425 489
349 348
10 383
176 21
129 247
451 243
303 334
117 470
157 219
0 214
68 84
252 453
19 171
185 350
324 308
463 311
90 449
116 33
359 136
211 77
35 383
252 94
287 415
227 88
12 67
52 464
169 48
116 80
412 17
304 33
492 440
136 295
128 25
369 191
496 51
234 186
482 451
310 260
456 280
278 156
262 328
54 259
301 406
349 150
87 83
489 227
8 103
399 423
135 341
314 344
175 212
367 257
97 31
463 263
3 199
127 100
462 9
0 133
338 196
307 488
395 422
72 341
178 73
435 103
483 18
439 172
150 313
284 95
139 369
323 490
229 254
191 56
446 18
471 429
329 40
15 191
193 199
329 475
225 333
114 57
334 337
15 125
405 293
315 294
381 92
337 487
440 345
43 26
239 455
71 185
20 248
357 455
399 347
257 144
191 273
380 29
472 190
324 164
27 295
296 251
186 45
165 222
55 96
56 157
163 376
23 99
8 61
313 388
126 217
406 348
107 478
224 297
112 20
435 320
323 109
263 203
276 480
42 242
269 450
393 112
399 476
395 354
212 305
446 386
458 91
390 407
362 492
118 199
183 33
19 485
178 276
298 350
426 50
422 339
342 278
414 302
484 51
162 475
387 211
70 194
285 268
171 48
206 334
206 198
290 359
389 47
334 114
393 61
329 478
367 477
172 422
306 399
227 310
110 309
371 405
227 52
377 134
359 418
270 338
4 298
136 282
110 305
293 409
379 222
221 148
104 424
388 120
121 237
194 233
322 396
108 380
82 138
349 367
439 450
384 33
277 59
306 420
359 105
416 188
420 356
208 339
214 16
257 404
117 10
402 420
340 138
136 372
166 346
315 302
142 321
61 434
225 198
0 167
241 292
163 7
358 224
9 421
298 191
172 112
305 155
314 314
434 163
473 393
324 63
107 164
138 412
204 238
220 387
144 94
210 35
429 355
461 21
127 23
212 269
40 103
200 63
316 369
488 334
5 203
55 323
186 139
479 252
311 136
220 244
158 122
494 406
211 418
207 495
247 436
387 268
397 240
223 351
176 348
402 470
138 231
213 30
363 460
123 4
199 55
477 405
344 26
465 468
414 53
267 409
314 155
202 18
354 345
494 254
307 213
15 99
43 320
452 347
286 384
417 478
164 355
369 149
420 421
108 330
131 420
266 72
419 444
52 168
474 399
120 284
433 65
244 466
343 362
473 280
350 349
8 21
401 377
337 264
354 9
213 25
169 26
269 34
188 218
11 272
70 388
259 39
469 84
154 476
348 379
91 229
58 437
150 124
176 349
444 441
394 273
56 463
274 383
34 234
91 277
34 158
373 238
8 398
288 202
297 272
76 4
284 289
129 61
204 1
307 94
297 429
38 298
167 105
133 84
361 49
259 277
305 304
25 195
198 197
101 249
180 128
79 465
273 107
123 388
140 481
433 235
105 86
421 327
397 432
298 187
274 391
204 399
362 265
428 293
174 368
222 251
276 238
204 4
367 167
241 80
486 12
148 74
443 96
374 23
457 455
205 472
216 310
268 112
390 129
297 382
458 74
126 420
46 299
195 41
323 329
373 438
153 481
343 80
314 311
406 122
183 346
203 8
99 359
121 233
123 249
396 261
411 207
368 397
92 194
173 44
308 87
480 114
74 363
482 23
257 72
186 126
104 445
454 301
159 205
488 263
95 65
325 489
453 104
118 161
223 395
43 174
104 263
235 171
370 45
381 93
387 50
437 125
29 465
229 362
158 36
386 379
79 402
120 152
18 482
176 358
391 56
356 215
128 10
26 215
134 381
82 264
141 344
237 195
170 452
422 63
173 336
188 25
80 299
158 159
236 338
227 182
158 71
218 178
30 176
157 421
464 134
468 456
415 478
26 280
433 203
189 436
467 64
121 489
135 67
142 318
203 328
398 350
243 449
475 128
81 376
227 92
213 88
150 373
65 102
422 39
294 170
221 415
307 325
391 255
319 322
316 269
484 292
3 399
344 29
289 354
173 220
336 396
289 109
186 170
189 64
432 124
470 439
97 241
260 229
174 420
50 74
281 67
254 202
102 225
229 199
178 208
185 8
438 126
320 180
210 125
273 347
437 220
313 157
423 3
339 233
295 282
471 350
391 326
437 335
479 204
335 159
268 41
187 372
302 93
8 343
26 444
448 5
183 52
377 295
27 86
460 117
401 3
173 113
390 108
329 188
200 418
311 415
176 238
220 432
208 416
361 94
76 440
252 252
300 182
111 275
327 79
34 456
242 461
456 465
415 307
10 387
326 54
73 443
60 157
189 368
463 289
361 358
359 176
295 379
28 73
169 444
40 238
108 168
11 446
470 445
300 308
140 128
1 278
361 329
6 202
195 343
350 188
66 358
295 202
490 6
360 475
358 417
260 480
453 202
32 336
219 242
350 483
18 210
156 428
161 397
439 116
130 21
480 80
208 154
180 329
497 75
482 286
438 180
265 61
472 207
334 128
288 57
314 34
292 178
465 462
172 381
497 38
110 192
346 209
139 260
213 410
494 441
343 213
228 297
246 250
75 199
428 303
2 392
341 337
449 262
292 96
60 211
464 481
28 265
433 390
44 446
203 349
173 233
213 201
38 86
281 85
29 188
478 232
144 343
300 107
463 361
1 358
85 346
456 64
261 236
385 274
17 186
384 297
77 66
437 245
422 186
472 476
460 176
189 444
484 6
467 274
336 467
31 129
78 218
455 114
150 83
28 252
125 445
293 91
353 486
319 418
26 341
410 47
333 23
285 14
495 376
389 217
129 290
113 310
131 69
377 318
124 490
202 376
494 330
119 331
420 495
334 430
448 65
475 262
183 86
300 263
72 411
134 287
112 412
116 166
326 39
1 279
461 433
264 67
363 289
64 383
336 438
439 182
307 135
396 340
460 168
454 323
412 9
38 112
364 232
134 74
404 182
420 225
218 384
200 72
360 328
147 187
158 329
129 107
100 176
381 175
476 364
326 20
202 456
275 477
488 284
203 24
293 27
266 395
188 324
154 191
422 159
159 297
12 404
363 452
474 430
346 155
99 315
375 436
202 106
96 55
224 199
21 373
72 137
472 186
17 163
490 221
300 424
0 232
35 188
235 354
154 355
487 469
285 421
431 304
174 119
417 203
56 350
118 118
356 139
289 199
170 375
179 483
392 429
362 225
350 187
33 368
497 449
324 9
427 312
354 26
411 316
447 151
121 164
257 480
106 458
375 33
423 232
308 301
19 327
90 182
452 190
50 219
411 33
125 0
117 485
286 374
25 109
283 79
395 6
469 461
326 30
222 318
158 172
76 399
34 176
492 489
292 460
259 138
124 121
422 331
105 417
374 34
144 384
299 390
326 478
414 209
127 260
232 419
188 397
89 117
383 200
285 146
478 24
91 497
147 162
163 193
281 74
444 185
385 353
11 89
32 332
434 332
386 253
205 107
350 268
491 134
498 430
295 190
304 208
143 284
83 209
376 236
425 325
492 456
85 99
349 51
342 319
497 8
471 390
319 85
49 363
191 469
449 367
274 284
301 70
162 431
316 225
386 433
305 343
280 280
263 424
49 328
159 196
242 412
245 245
186 105
191 70
357 421
98 245
291 464
299 465
81 355
328 93
271 355
309 277
493 391
29 297
93 359
298 30
408 396
282 373
119 477
182 86
124 421
365 115
43 399
405 270
289 37
117 244
36 72
354 99
135 224
304 25
73 286
177 299
58 207
137 422
149 106
36 163
278 353
373 177
347 455
77 199
41 315
443 301
231 260
219 138
369 163
297 252
267 323
9 97
332 175
494 315
209 357
445 139
444 58
104 153
101 86
207 89
306 200
490 156
232 62
257 254
399 176
360 308
390 206
431 491
223 339
413 477
25 173
235 329
459 222
388 423
405 175
127 110
45 391
390 86
160 419
329 481
201 177
466 142
102 310
399 467
106 448
59 323
171 200
317 94
285 297
206 21
318 156
289 15
473 277
279 257
385 144
267 397
244 302
357 293
10 77
495 194
205 249
96 155
8 175
236 268
205 220
372 473
52 65
316 137
275 1
12 327
482 102
83 402
411 390
418 478
469 379
266 105
115 259
286 52
37 32
306 499
371 261
124 259
49 224
494 199
333 289
120 372
125 375
77 287
321 1
258 410
9 456
1 374
396 415
271 288
63 104
133 463
436 475
432 188
321 229
71 22
418 466
152 4
488 383
153 390
307 269
230 105
29 299
53 407
373 24
18 396
130 350
320 468
157 415
117 173
493 438
23 344
383 389
112 63
261 333
369 226
179 119
251 396
303 9
240 126
421 76
214 488
473 122
178 442
275 109
491 42
28 333
42 312
396 313
208 321
165 245
54 246
390 438
331 461
180 269
244 4
144 162
251 409
131 330
78 60
146 27
227 456
60 170
458 455
223 493
77 286
439 377
263 485
211 498
401 415
12 106
195 294
334 65
380 467
422 400
492 487
173 328
282 309
347 17
98 303
216 345
491 116
20 350
367 482
267 78
2 338
481 7
494 78
36 408
70 4
301 434
61 382
24 113
12 54
462 378
488 81
346 88
331 486
267 395
394 345
178 427
24 227
407 334
239 453
41 478
96 156
76 222
382 104
179 404
396 492
290 176
426 439
479 20
132 256
327 18
31 428
32 96
141 207
125 42
454 260
157 326
163 70
79 391
386 434
423 487
465 271
448 328
182 349
23 252
448 468
405 457
412 25
401 385
171 88
418 112
316 393
455 82
141 347
180 91
381 106
319 371
143 183
302 438
22 105
117 472
169 250
94 272
153 438
87 415
171 54
300 294
125 18
347 321
183 79
142 249
103 491
255 102
135 369
206 125
432 384
264 353
195 361
64 335
424 50
0 331
71 97
423 82
87 320
400 294
324 123
70 486
285 289
357 444
97 172
167 391
273 127
174 252
285 99
392 142
140 40
496 54
141 437
210 13
295 366
284 147
128 255
193 373
124 439
67 462
444 171
278 416
182 97
429 22
217 267
231 102
208 247
143 449
378 172
142 159
157 323
390 116
329 454
106 473
42 223
273 223
188 37
92 149
172 411
420 55
186 80
271 180
284 2
324 174
221 333
391 375
169 174
170 227
69 465
278 282
60 328
248 395
397 44
222 134
192 212
185 302
431 305
219 487
291 363
173 11
246 290
186 117
275 478
25 425
498 452
337 300
461 420
127 457
456 191
258 34
355 69
176 244
209 252
359 133
99 397
323 74
433 8
167 256
220 63
338 440
114 290
13 423
352 332
375 325
344 452
52 364
245 62
309 295
132 113
7 93
314 473
139 158
481 250
173 3
272 459
247 248
167 472
314 177
394 60
361 83
272 50
311 353
221 388
356 203
151 127
337 16
249 137
198 114
436 324
453 234
381 364
438 31
107 440
23 305
348 400
435 382
109 357
303 31
363 94
417 419
206 11
355 339
17 144
331 233
54 235
16 190
26 478
285 339
409 308
473 167
2 104
490 499
261 295
323 108
44 51
372 27
87 490
459 216
9 498
67 364
385 196
154 37
260 160
15 190
462 385
40 281
126 128
460 33
140 219
476 39
450 15
110 465
100 72
14 489
148 161
418 398
214 243
131 19
478 112
111 452
377 204
407 294
242 148
291 281
473 414
140 306
6 169
98 221
53 87
24 119
29 138
294 83
390 347
21 393
338 58
441 115
299 126
52 329
471 232
216 416
22 470
380 403
337 471
327 392
346 205
214 307
96 338
116 481
409 240
230 344
161 74
144 428
267 348
384 46
184 444
367 284
222 21
187 203
414 462
257 331
330 169
330 370
372 289
34 224
124 297
313 31
89 134
213 205
362 293
344 345
343 488
289 469
77 190
208 478
328 409
468 259
29 167
40 498
14 159
82 331
301 142
343 461
473 493
434 2
290 153
362 151
37 8
77 306
84 33
114 265
17 152
56 325
450 235
361 58
217 430
126 411
489 201
252 485
369 85
180 233
480 292
349 42
100 134
293 305
321 458
25 231
286 230
49 91
308 11
438 182
353 411
229 22
466 140
88 222
414 317
145 50
463 337
414 176
103 432
420 13
276 386
46 107
300 429
406 155
183 241
243 462
427 228
126 375
205 27
493 325
294 145
446 278
75 362
25 337
364 284
459 184
406 415
94 395
353 296
359 369
458 405
366 286
472 408
25 454
290 137
205 272
210 486
308 163
219 423
296 85
210 155
341 7
207 300
374 168
385 185
151 347
434 341
10 449
311 56
335 362
140 113
184 214
439 141
120 13
178 262
209 60
104 43
440 476
119 77
241 13
163 43
186 349
261 411
310 48
92 93
252 289
300 395
31 64
27 495
200 458
382 397
449 62
100 158
315 227
405 329
216 488
87 301
243 156
471 418
235 236
112 94
415 178
440 140
398 30
137 214
121 463
133 483
287 190
45 24
99 276
472 135
368 341
70 258
485 124
214 403
181 362
39 254
302 64
296 91
342 105
121 364
454 256
363 346
424 119
173 288
161 65
2 110
180 231
201 365
181 309
316 229
90 291
123 52
33 316
10 240
359 318
496 421
381 170
385 138
97 3
38 310
124 395
81 162
321 238
336 202
41 197
249 274
262 266
56 222
204 243
212 477
108 226
345 496
419 402
166 230
91 478
281 73
263 365
322 284
461 267
314 99
400 191
22 179
103 469
375 456
346 33
247 384
189 253
207 365
52 176
153 423
4 144
68 295
297 97
1 306
270 247
424 325
259 489
309 189
363 253
425 219
381 207
335 171
198 434
32 495
487 129
273 182
417 368
277 407
447 443
340 285
483 98
28 198
377 83
199 87
41 417
147 68
279 105
422 172
383 492
481 83
177 146
107 71
127 316
299 314
133 301
257 41
134 151
263 70
67 376
438 134
339 392
57 25
223 303
147 69
61 323
416 170
427 459
336 14
389 7
493 481
226 218
41 65
139 206
2 166
221 58
230 454
387 444
68 430
101 87
43 234
163 94
300 76
349 432
480 14
279 114
464 272
293 47
318 205
247 156
116 410
49 325
447 306
197 48
32 369
16 399
188 328
79 279
424 202
408 366
143 280
408 181
427 0
409 139
281 344
152 16
489 139
238 292
453 201
74 439
222 413
273 41
322 39
405 396
472 281
289 228
26 103
123 191
84 439
156 442
451 416
482 322
6 42
464 132
495 303
365 147
81 405
10 23
366 192
416 48
105 204
83 52
392 61
258 93
209 335
170 41
145 252
277 393
362 172
458 380
201 459
53 396
233 273
308 21
34 107
155 168
168 391
34 6
171 409
497 178
220 92
317 131
432 224
409 108
183 490
0 274
458 308
328 163
44 28
340 236
176 316
154 77
389 161
61 247
481 179
296 491
334 187
222 295
303 98
197 462
309 270
325 385
395 484
261 400
252 410
310 141
275 133
325 440
204 100
452 277
482 349
89 133
38 355
217 153
163 238
383 161
201 236
81 157
46 57
45 18
321 178
141 45
482 32
491 68
469 192
245 328
419 176
278 4
278 493
261 200
380 400
334 38
428 283
407 254
174 91
133 73
363 329
95 265
366 133
82 92
430 416
243 375
109 409
305 1
492 191
168 424
66 261
431 91
3 249
161 109
45 143
202 66
441 264
136 244
363 449
44 71
216 112
263 332
268 448
223 203
101 292
4 26
340 272
15 86
230 291
301 93
486 428
365 11
411 474
470 277
442 498
253 363
472 298
455 423
381 413
442 418
125 283
241 86
259 176
191 308
97 433
223 281
314 307
384 395
194 123
17 259
361 238
268 451
417 224
86 499
30 74
181 397
125 179
201 477
403 272
349 483
23 87
499 202
95 166
94 372
263 164
160 482
126 260
471 52
68 277
480 405
80 123
369 456
168 434
328 393
380 416
267 77
282 216
313 283
70 401
183 455
110 397
228 211
56 364
317 486
60 33
242 132
451 88
83 92
199 133
312 136
91 286
302 232
411 84
185 23
460 387
97 122
43 476
70 386
186 375
85 438
276 275
414 413
412 5
125 243
43 17
186 347
485 371
277 212
92 197
154 220
456 223
86 293
292 172
259 399
19 184
292 447
96 375
254 31
289 490
377 168
138 460
105 119
177 238
246 82
330 37
462 30
415 289
50 139
210 442
228 236
126 277
398 236
84 409
150 419
379 358
197 154
342 393
24 109
408 9
309 222
28 104
90 265
364 164
477 203
384 2
10 262
223 70
241 396
289 314
390 294
196 8
410 328
20 325
293 1
66 391
355 466
39 421
379 294
334 132
63 231
248 134
294 367
478 186
455 240
412 23
218 363
290 312
99 246
284 137
175 396
461 410
303 140
325 342
415 87
381 28
174 131
272 234
486 222
226 359
41 299
434 224
313 284
144 169
417 484
133 449
219 144
247 47
177 366
1 332
26 86
459 40
463 202
207 177
230 160
495 329
330 499
292 85
288 351
88 418
281 376
444 154
136 289
290 2
125 128
216 369
313 465
22 477
395 168
443 246
379 117
205 51
295 424
474 327
270 436
417 385
324 439
150 309
370 219
446 170
122 473
291 241
72 185
258 17
221 234
343 406
342 449
256 393
435 419
69 220
58 277
142 79
444 277
306 282
332 276
79 33
165 94
193 136
119 326
93 478
227 377
238 226
54 302
466 26
480 409
353 188
345 197
382 190
361 377
280 307
185 125
394 486
56 358
27 453
153 220
292 221
142 90
247 437
106 294
336 233
219 131
239 327
459 322
197 6
485 456
137 401
86 169
228 384
288 355
139 330
355 227
123 428
313 3
281 246
98 188
32 266
62 62
209 345
109 213
63 494
3 183
155 81
213 126
360 250
342 379
82 105
403 440
295 275
179 168
3 118
442 92
25 460
368 270
146 39
207 20
140 60
158 45
294 66
195 90
490 454
18 411
278 273
458 153
360 184
420 264
334 459
140 381
359 367
144 488
238 145
118 191
294 327
50 17
336 206
168 386
364 279
272 33
22 312
328 76
41 292
154 347
15 321
315 481
80 376
174 200
142 454
417 215
352 477
467 460
77 292
56 353
121 17
127 122
431 169
22 202
76 199
5 485
175 243
436 464
308 255
222 162
325 181
367 98
255 258
91 109
81 293
269 112
60 100
143 207
7 102
339 143
469 410
240 373
465 156
135 18
324 338
238 471
301 38
347 201
296 278
268 363
483 214
323 267
150 167
35 445
117 39
474 458
302 425
213 139
480 258
262 315
483 74
462 404
415 199
64 395
283 300
370 159
289 98
423 346
101 246
188 284
125 276
278 482
281 313
271 320
30 307
317 236
341 427
63 291
390 93
181 308
81 332
371 244
441 4
262 232
90 334
189 455
176 258
453 121
338 336
38 302
219 366
336 395
250 7
29 468
17 358
222 445
90 465
72 391
134 248
241 218
414 203
89 276
410 468
304 133
103 280
258 167
192 440
483 190
264 327
191 430
198 210
220 133
443 49
360 173
154 495
430 475
399 35
160 397
165 11
92 202
106 212
316 96
26 32
174 487
299 265
258 224
494 431
148 220
297 179
182 470
304 124
402 401
123 228
444 429
450 345
244 419
338 480
372 419
359 332
135 54
477 487
491 318
120 34
389 173
414 9
377 286
389 159
2 107
376 374
327 47
317 63
480 295
192 304
488 209
494 264
226 298
12 443
238 27
79 250
280 142
439 12
81 497
195 164
258 481
302 295
234 79
352 199
280 176
98 487
442 95
271 103
492 73
409 304
137 336
220 358
14 49
83 447
151 124
477 304
53 82
376 360
66 462
121 308
350 301
62 434
181 429
420 307
135 118
146 329
48 385
411 485
165 128
43 165
343 463
92 447
195 397
272 122
327 251
70 250
409 496
302 142
492 450
494 236
50 148
459 154
457 339
127 170
433 33
491 441
91 184
242 241
358 288
131 397
114 126
94 452
299 277
111 234
478 196
149 183
28 298
372 115
475 402
397 58
363 3
66 29
243 319
389 156
97 436
2 15
176 279
18 26
374 5
26 119
388 285
439 390
496 20
311 133
160 489
381 130
442 451
95 136
74 352
316 157
114 116
141 150
97 47
206 8
294 413
298 126
34 374
476 282
313 349
313 61
106 408
191 284
423 92
326 333
160 54
466 92
260 437
110 477
322 255
384 401
232 284
435 437
226 45
388 287
54 333
422 376
305 190
275 30
208 127
131 36
179 273
388 187
468 142
220 62
150 56
258 154
179 100
202 23
450 393
467 211
403 214
77 333
1 493
379 108
375 166
467 250
421 494
125 183
145 244
423 330
99 382
454 309
94 424
310 10
487 497
217 15
473 121
243 453
176 114
232 403
269 264
4 187
242 381
332 20
337 9
413 383
136 447
120 445
100 222
333 352
76 152
210 251
419 316
479 90
79 413
105 285
204 212
295 114
154 283
134 17
135 117
441 242
392 62
240 0
64 230
307 144
461 304
330 389
275 334
111 417
186 210
391 224
39 193
298 369
287 291
142 178
366 124
123 450
256 227
58 246
56 321
345 475
470 319
288 40
5 445
16 472
93 428
185 343
16 439
205 288
484 493
453 117
259 328
247 477
366 306
80 295
104 64
94 84
223 289
333 72
201 93
9 481
82 395
158 267
271 473
219 340
223 364
63 111
443 389
35 293
226 230
483 225
437 342
227 115
40 392
235 63
335 235
276 151
364 121
205 427
222 274
160 475
65 306
104 233
336 22
231 122
150 317
452 78
4 77
478 145
295 177
489 157
397 36
488 293
204 56
465 443
416 243
110 252
233 126
385 478
194 255
482 433
442 429
170 271
337 205
132 379
183 248
387 177
278 465
327 294
202 237
113 334
145 319
468 150
213 324
448 99
160 297
337 230
359 186
382 174
185 221
328 272
30 17
294 248
316 6
363 400
160 492
318 34
342 363
104 325
154 371
413 212
253 241
408 299
21 308
47 348
50 52
196 437
204 116
315 436
116 263
75 373
318 226
153 476
221 7
350 334
358 219
463 189
320 327
90 117
429 192
368 495
160 246
461 128
287 48
122 449
67 440
204 415
172 103
70 427
68 297
45 205
271 14
38 431
159 125
189 360
69 160
32 291
117 22
229 125
73 199
30 187
91 116
293 398
91 353
115 228
479 409
485 315
173 250
142 77
404 203
465 140
143 62
151 250
169 486
299 481
146 417
418 410
67 140
135 217
445 240
450 68
488 217
108 416
140 215
355 409
396 88
245 155
318 398
1 104
38 25
256 32
409 458
213 0
279 314
308 431
263 124
434 265
307 142
109 150
254 169
180 337
434 51
347 396
492 465
192 415
358 62
466 36
214 219
397 35
126 44
405 29
476 252
115 342
282 340
38 420
95 324
40 326
317 482
292 231
383 307
384 320
273 96
279 113
151 471
253 155
363 470
309 95
488 103
189 255
209 418
446 343
293 463
423 27
237 438
440 93
319 216
225 72
322 217
462 82
462 435
483 302
191 338
322 45
461 344
442 423
379 209
175 319
55 245
446 279
179 87
233 29
421 157
45 256
268 263
367 424
420 375
303 193
244 218
68 214
452 421
491 292
270 38
18 184
276 488
105 125
65 142
361 307
319 427
125 322
108 195
402 488
250 241
180 11
182 326
304 350
254 338
195 417
71 309
152 478
107 487
140 328
94 298
116 64
214 8
102 307
145 41
293 127
208 106
447 155
389 412
36 480
352 497
78 214
62 419
140 90
55 205
456 92
68 20
172 260
265 91
95 425
295 217
239 94
425 467
64 423
389 158
19 247
57 352
12 55
152 126
306 130
209 166
448 279
191 244
223 19
22 58
13 321
430 301
392 477
123 30
375 466
411 16
37 405
406 257
21 285
96 184
499 470
147 395
362 324
354 391
411 28
97 341
356 403
297 426
352 405
286 406
75 79
459 407
280 162
107 20
474 356
370 370
338 193
298 202
255 153
196 370
178 69
244 396
199 47
300 270
123 154
23 476
392 74
36 429
281 184
365 234
292 86
431 488
375 56
44 402
5 274
264 280
54 68
109 47
36 404
497 484
317 348
209 122
151 45
351 313
200 327
271 347
192 7
135 329
297 174
447 176
315 259
315 458
482 216
7 234
489 374
114 463
306 257
81 77
79 438
71 131
464 251
430 113
268 442
306 328
428 304
324 209
49 118
407 108
370 31
176 86
229 347
406 129
428 185
467 271
361 92
22 288
384 410
138 424
311 45
17 390
262 147
129 360
456 76
163 199
319 317
362 374
232 468
84 432
354 127
286 153
150 360
278 244
55 160
52 418
418 399
434 445
129 274
118 451
392 275
382 254
273 475
148 263
281 2
236 427
315 100
327 128
455 448
50 88
128 151
343 254
271 129
494 164
5 351
212 479
373 366
436 433
78 351
309 60
118 209
4 376
320 112
118 184
125 229
499 433
54 17
218 404
48 57
268 259
417 268
351 43
200 457
320 452
31 180
42 164
373 52
77 3
287 201
43 163
109 492
220 471
12 410
388 59
361 326
145 381
408 282
361 473
402 358
320 88
342 426
413 488
379 436
492 93
139 335
7 104
382 76
43 464
445 80
162 12
60 399
157 230
438 260
378 475
181 235
322 374
495 413
75 82
258 173
463 383
100 272
91 311
477 113
94 353
168 444
411 267
239 437
234 60
90 481
381 190
118 282
158 183
14 186
318 237
78 46
380 428
262 478
426 133
278 491
319 102
251 462
214 183
119 373
74 7
256 344
53 56
309 282
65 323
481 229
244 293
43 462
210 42
31 157
82 190
46 322
153 302
425 34
111 54
496 319
252 215
284 43
356 322
138 2
247 190
307 462
254 226
95 465
182 62
378 373
420 423
45 444
477 424
404 199
273 5
116 389
311 162
224 218
201 69
2 372
428 419
246 340
215 360
372 261
28 247
189 430
166 109
399 49
196 377
36 300
375 287
390 334
233 484
1 206
22 162
240 311
136 27
294 30
211 15
380 258
79 415
155 243
306 0
230 123
153 176
322 405
371 423
281 208
407 499
25 244
174 481
164 128
194 136
352 452
247 463
48 373
145 197
176 75
291 104
145 118
263 359
45 255
97 217
419 403
273 83
333 396
262 455
332 402
64 419
194 390
167 0
43 323
280 462
24 126
64 321
100 389
284 294
399 13
181 374
175 85
78 251
340 33
388 483
31 491
234 485
136 96
145 389
161 443
226 74
468 465
341 102
287 397
499 330
1 344
378 328
185 247
51 147
402 228
329 408
250 261
353 309
265 372
29 253
115 283
52 141
296 150
426 335
16 382
46 5
294 7
328 279
380 208
497 320
43 151
410 9
453 344
70 334
488 30
428 173
295 330
248 413
95 463
485 489
349 130
58 451
283 286
415 128
440 377
498 307
357 89
55 483
41 79
324 116
358 396
388 216
266 99
83 147
245 88
350 250
375 319
169 24
151 369
406 219
140 190
19 348
85 76
412 495
196 447
54 487
313 139
37 379
255 338
251 165
457 88
151 63
187 367
397 404
488 184
169 275
388 228
394 53
342 140
254 399
154 468
350 48
457 164
496 263
143 203
289 130
421 301
185 258
69 171
53 295
160 182
19 426
459 172
91 383
410 286
423 154
260 105
110 386
8 227
470 205
498 54
138 54
331 262
300 428
49 301
485 360
172 357
244 7
123 197
162 251
24 482
365 309
8 271
159 175
109 331
414 460
393 443
474 200
384 278
11 478
26 140
412 0
128 390
498 413
47 41
69 383
449 332
201 146
342 459
108 462
332 260
206 279
432 466
450 36
56 287
172 326
168 16
202 127
241 298
399 68
133 295
304 159
102 11
473 375
225 123
186 102
237 49
266 441
123 217
453 47
219 343
212 80
32 301
238 260
232 379
406 266
477 459
310 115
65 184
388 326
341 220
262 248
197 261
285 28
285 206
447 337
100 317
81 309
162 249
33 142
303 64
195 44
148 279
327 366
324 257
294 425
221 121
353 307
83 237
291 253
257 163
220 0
116 196
172 309
195 420
113 254
463 478
131 103
277 402
197 320
428 466
197 27
338 42
83 335
167 249
220 146
279 280
321 355
191 113
245 140
499 356
473 347
38 36
426 396
104 150
464 269
367 93
417 335
424 482
11 157
55 464
29 3
474 369
284 110
171 125
52 15
467 205
180 130
225 45
471 431
161 111
257 250
429 393
40 302
9 15
400 360
10 159
17 496
13 223
436 144
120 258
285 384
53 259
174 227
287 438
218 215
396 7
90 333
193 396
268 144
236 89
66 21
479 385
310 117
353 65
329 414
37 273
446 388
321 408
308 67
283 139
353 262
125 34
23 66
251 160
302 72
427 101
367 228
322 168
449 98
167 106
75 148
86 486
335 405
325 158
314 116
429 66
123 204
417 118
338 477
22 59
308 4
381 372
86 494
489 23
343 81
473 26
38 118
193 207
284 29
80 232
250 445
274 25
226 65
230 192
182 364
474 36
97 445
187 475
191 211
408 37
100 15
301 477
126 69
326 201
159 333
443 483
432 307
208 130
39 375
299 411
43 215
171 422
334 112
468 352
379 29
200 356
372 34
377 86
234 9
304 39
194 114
126 433
455 137
366 155
42 39
485 323
416 255
304 327
361 338
92 82
151 497
328 242
152 262
135 482
330 189
290 149
404 42
450 387
282 338
425 369
373 200
458 376
443 10
355 295
123 208
282 81
122 191
122 282
14 430
111 136
399 219
343 443
106 93
197 189
118 311
78 273
314 154
208 419
276 251
392 118
122 406
497 428
95 400
172 50
17 295
171 129
473 168
383 186
338 352
432 497
225 126
311 386
369 385
135 74
38 156
404 138
97 449
336 456
302 156
137 494
203 307
183 285
41 377
490 432
236 226
19 452
275 399
300 203
120 425
124 154
123 301
296 28
456 445
299 141
261 14
177 417
307 133
273 120
37 266
316 25
164 2
487 183
199 442
29 486
28 315
287 308
368 166
354 162
451 249
363 389
449 124
248 366
31 400
357 345
246 321
116 176
324 187
364 277
151 313
90 228
43 457
368 175
232 96
405 56
13 350
495 72
39 161
352 403
396 375
148 352
16 310
497 137
32 462
62 435
59 472
40 290
165 303
238 48
452 284
384 347
301 143
273 423
367 137
265 498
66 393
231 311
490 389
422 413
42 292
126 291
320 107
321 182
265 137
131 476
483 361
199 40
472 475
11 255
370 342
340 112
139 35
124 133
284 146
441 351
42 0
287 89
431 412
269 381
404 455
102 469
43 130
327 351
115 374
77 493
186 113
72 351
149 189
476 279
236 359
159 103
398 437
17 444
212 393
265 133
334 86
254 497
492 176
354 432
154 465
177 63
276 489
5 121
14 28
292 429
423 68
80 362
295 268
407 111
252 353
133 72
20 338
369 94
293 338
402 343
435 265
348 188
43 372
347 67
235 356
90 57
26 23
356 391
59 26
229 449
2 497
339 16
459 236
152 278
280 415
12 5
4 22
309 82
338 32
132 357
2 375
498 168
274 82
10 120
473 19
230 260
461 299
152 374
393 483
316 140
49 264
103 347
127 10
172 408
157 14
445 188
12 309
457 365
209 211
468 120
3 250
451 7
200 13
332 406
138 253
260 18
281 338
422 288
459 63
376 478
272 11
69 280
75 150
81 338
100 151
474 249
73 139
310 60
16 480
70 395
53 427
352 395
292 254
241 348
283 219
86 364
402 289
82 221
345 435
324 17
18 319
302 365
359 254
327 455
238 425
288 9
97 264
294 309
3 214
320 63
225 280
318 468
463 253
385 40
480 296
315 17
395 100
433 9
82 66
293 480
353 303
378 266
227 458
89 415
111 161
461 139
153 69
209 401
14 110
13 387
113 281
385 481
430 414
390 499
136 7
410 354
186 407
19 198
156 206
278 114
476 445
322 331
361 172
182 440
453 14
422 94
456 430
169 392
32 107
476 238
319 346
337 62
485 415
136 213
66 67
176 426
401 121
199 50
148 255
484 124
407 488
208 190
324 70
263 31
63 325
60 236
31 372
230 266
239 323
219 274
107 87
67 137
392 289
384 337
187 198
160 290
233 330
434 482
11 6
374 8
200 415
431 94
480 98
200 292
286 47
61 405
208 394
420 190
83 286
80 131
366 107
419 478
47 67
373 78
24 49
414 78
173 364
298 408
1 56
201 366
396 388
59 342
303 119
295 223
295 246
365 3
188 388
391 235
352 396
440 337
119 110
352 478
202 284
222 86
465 466
157 301
163 214
497 416
8 184
351 72
435 298
275 237
15 168
259 96
236 71
22 167
145 292
118 44
312 459
128 137
385 264
238 33
422 357
148 96
41 337
374 423
123 476
192 115
60 163
58 167
240 477
47 380
4 202
436 171
167 272
84 106
366 484
348 51
385 413
318 106
486 81
141 0
481 434
394 94
226 58
127 176
375 387
226 112
251 468
105 202
73 114
173 478
297 129
123 458
499 467
195 110
218 18
247 69
33 369
299 467
294 285
314 353
313 281
32 360
374 46
435 141
15 146
441 462
175 461
237 53
143 355
13 236
444 170
359 207
497 331
5 57
420 473
136 73
12 275
179 177
189 460
301 128
436 422
485 493
238 189
127 199
413 231
191 351
350 204
14 287
253 423
240 78
488 157
279 22
193 240
443 359
384 237
202 91
31 449
239 308
53 278
248 42
257 202
475 77
459 491
193 215
178 446
118 360
361 368
492 341
332 315
47 279
150 267
166 183
117 464
453 288
323 177
187 298
365 264
278 224
283 152
131 14
326 298
155 434
84 125
75 482
314 50
168 414
120 276
29 247
485 73
338 160
116 376
203 281
436 367
370 179
66 121
162 490
495 385
226 54
407 313
76 422
75 242
185 79
466 494
321 50
144 93
486 390
56 499
65 432
187 42
277 128
269 268
53 261
262 427
57 173
457 45
193 357
9 245
442 221
248 325
350 160
300 227
312 182
248 241
252 216
360 307
412 380
24 302
50 436
339 68
417 264
165 105
131 96
451 186
306 2
402 398
350 365
88 426
438 114
238 177
115 90
430 109
450 489
106 308
82 108
351 228
35 162
297 104
112 251
50 253
124 393
368 433
266 220
379 136
336 84
204 103
271 206
84 176
285 415
46 152
297 14
37 197
60 283
93 409
386 85
270 411
29 301
83 170
373 458
39 213
441 85
374 230
145 450
498 134
158 155
215 451
359 317
499 403
133 310
260 56
329 240
453 126
433 483
128 189
121 433
237 409
14 254
292 141
326 102
462 324
4 396
70 419
111 353
305 159
210 424
183 7
8 339
361 490
167 291
138 19
89 373
175 345
416 7
179 233
346 422
191 165
376 490
175 313
126 166
97 412
179 434
437 292
43 405
306 229
321 285
36 176
306 454
298 431
301 479
72 2
450 209
359 235
9 180
418 98
368 99
165 407
43 391
440 1
86 342
2 209
150 234
181 255
95 20
269 298
277 432
211 200
120 460
81 463
80 464
85 447
422 421
330 50
191 3
472 346
191 167
31 424
19 435
308 198
5 297
460 63
238 30
483 50
481 455
248 479
493 443
208 57
323 85
234 311
186 282
152 322
54 157
142 332
251 447
460 6
481 420
70 392
67 240
39 54
287 471
288 464
98 192
95 494
71 314
243 393
65 213
349 181
439 56
312 99
61 73
435 345
361 219
1 378
255 486
172 246
444 283
151 72
164 153
87 175
132 392
96 40
337 207
127 40
85 115
479 140
444 333
198 148
143 482
316 155
13 32
159 278
341 412
381 58
379 327
97 207
253 21
9 4
162 227
341 111
387 56
174 280
44 333
471 107
183 317
105 452
64 296
407 304
269 364
98 373
377 211
261 331
8 486
85 59
208 220
194 134
57 96
191 45
276 347
428 62
484 365
174 302
103 284
463 96
173 490
374 21
215 187
388 46
12 405
121 210
284 316
124 345
59 308
367 493
390 341
348 184
145 400
393 491
401 177
412 389
171 325
163 168
406 330
301 480
220 497
271 38
227 187
77 198
405 132
301 449
257 382
125 233
174 97
8 147
157 182
147 128
287 153
213 255
248 69
439 247
78 447
485 81
57 328
91 226
476 223
28 208
214 275
262 488
113 37
168 448
211 479
265 294
260 269
384 366
496 9
104 108
63 71
38 467
38 148
28 129
408 107
60 280
386 298
475 431
488 153
422 272
131 359
471 344
456 299
91 40
449 245
107 387
101 222
476 11
116 243
355 126
320 124
354 49
267 335
282 249
390 23
314 398
186 300
492 154
188 206
295 63
333 181
401 267
485 275
369 449
368 351
364 13
215 227
252 338
106 64
94 497
289 234
12 278
232 220
257 132
434 380
12 14
134 80
182 55
496 458
178 85
8 315
400 121
168 220
369 172
476 228
332 308
130 413
66 111
240 435
354 392
458 67
47 478
358 321
342 497
422 190
482 96
78 496
115 280
200 237
481 326
221 357
41 93
196 374
496 203
112 469
12 284
306 111
415 457
257 155
257 488
42 126
73 30
87 339
194 106
349 281
487 388
286 177
51 129
93 98
55 70
261 309
239 71
277 228
123 118
86 315
479 78
102 62
17 294
322 456
368 253
16 140
54 43
400 18
193 213
94 457
7 357
269 309
458 235
461 2
442 43
453 381
358 408
64 210
76 411
269 249
149 400
282 61
185 67
434 255
445 322
295 341
175 264
225 271
409 330
340 212
336 231
313 298
301 178
448 285
376 499
419 369
257 153
31 351
445 140
477 202
371 277
407 279
478 435
51 162
316 48
366 490
324 30
207 430
416 165
156 435
11 74
213 373
259 248
249 356
483 61
394 277
367 416
18 401
42 217
40 380
424 228
260 259
99 364
214 318
55 181
201 394
200 474
478 378
310 473
445 288
123 116
358 244
257 23
375 107
213 245
398 269
200 80
375 110
322 181
470 221
439 405
297 309
493 351
457 57
145 13
130 423
24 136
303 183
338 499
489 72
420 354
320 82
44 250
357 134
488 189
9 102
82 348
208 257
115 314
381 350
211 355
8 151
238 196
426 407
498 194
71 332
87 68
51 250
354 407
192 231
417 113
381 345
19 84
304 408
147 4
308 264
340 268
449 171
322 368
338 454
57 393
415 319
52 428
254 6
247 475
259 339
107 403
363 468
144 378
455 453
50 177
438 463
340 486
365 92
285 282
202 431
183 364
183 70
187 364
244 412
479 149
318 20
358 241
487 260
471 488
202 336
342 142
435 217
254 245
367 4
406 353
222 114
70 316
64 241
428 348
157 346
62 414
87 77
185 26
81 472
493 475
157 93
337 177
363 75
143 118
403 225
54 255
290 407
367 445
2 202
355 250
389 32
180 83
25 183
67 168
437 37
112 365
418 43
42 467
339 450
97 369
288 24
219 498
69 27
167 489
413 122
37 229
387 404
262 309
288 242
344 189
236 33
499 139
460 273
292 289
245 336
211 469
392 418
442 447
352 348
288 421
397 153
339 401
153 436
214 386
280 125
371 483
276 49
414 96
158 96
311 198
366 147
362 286
400 470
260 290
271 439
237 455
342 34
289 422
115 149
355 483
115 234
383 135
340 83
23 5
120 287
491 10
480 74
19 285
371 5
156 380
229 301
210 291
9 288
474 212
294 313
156 418
105 247
7 123
433 276
263 216
414 322
211 359
380 499
147 81
398 114
147 226
29 20
54 220
34 466
426 207
305 69
174 452
194 435
5 488
414 403
268 146
10 223
355 169
156 5
130 106
404 269
117 423
108 327
384 400
68 395
389 102
325 432
266 104
85 415
360 43
295 348
437 324
341 127
259 54
358 267
37 230
465 369
94 50
74 426
4 91
249 222
444 132
337 391
275 494
476 334
81 433
142 27
336 256
376 80
57 337
57 224
380 261
14 247
123 86
251 482
38 121
6 206
321 291
343 462
455 443
401 461
415 145
302 447
330 92
125 474
144 150
4 146
48 355
363 103
343 410
133 234
32 44
433 143
161 104
18 51
335 52
161 391
100 457
187 158
50 278
103 463
35 163
458 99
186 353
161 473
206 160
374 156
96 27
268 54
264 478
366 276
317 477
54 444
158 146
397 429
164 401
474 41
289 384
290 316
479 466
200 322
400 187
257 178
300 252
138 145
314 194
317 58
204 66
224 275
278 408
194 115
115 247
307 126
172 362
276 265
147 263
377 167
299 373
179 53
56 421
112 289
83 107
332 477
276 52
149 151
387 139
373 442
253 46
162 26
499 442
245 326
135 154
453 29
360 381
71 29
448 133
122 193
493 294
62 343
262 439
297 320
103 364
118 439
472 345
205 238
317 190
489 326
453 162
230 419
354 351
201 448
353 243
345 121
24 332
28 78
264 46
311 194
315 155
287 325
412 46
349 238
353 464
221 454
21 409
101 322
416 328
39 135
355 184
98 489
264 449
481 60
82 461
399 153
242 360
65 34
42 33
268 467
496 245
441 325
75 30
196 283
57 114
344 407
43 29
330 419
34 491
295 350
304 378
447 14
464 165
66 150
325 263
274 68
316 263
168 159
317 167
62 88
29 243
280 116
33 409
206 248
242 67
409 268
96 196
78 50
343 86
482 263
253 426
18 417
342 77
163 467
205 386
46 72
264 371
5 113
105 263
263 144
378 319
450 23
211 318
19 491
423 135
146 222
7 176
92 429
67 378
218 236
352 165
362 280
369 184
0 243
208 178
191 198
174 418
183 340
43 351
23 55
490 320
398 489
221 285
157 110
212 9
24 41
392 329
191 242
279 183
249 209
80 15
424 35
452 225
160 117
455 126
64 231
280 98
406 75
470 107
339 231
341 320
449 80
37 344
427 233
129 122
120 249
281 111
151 259
251 110
112 265
113 76
68 308
246 484
401 451
325 345
498 321
349 358
455 458
223 266
133 344
248 154
55 125
67 141
306 464
70 50
51 297
255 356
244 424
157 258
316 191
192 353
224 363
32 323
191 44
352 222
181 275
73 289
353 116
401 35
379 392
303 288
357 54
347 147
192 298
407 405
171 209
171 272
421 80
193 313
127 91
144 223
152 131
140 475
272 238
369 490
238 166
288 345
236 5
66 120
116 466
432 344
145 218
76 150
299 236
97 273
441 152
24 36
127 480
214 55
251 433
275 104
378 265
328 466
250 359
160 139
46 115
64 91
276 379
456 327
379 302
56 256
214 343
92 279
184 21
161 255
203 407
363 361
106 87
376 274
196 74
16 372
91 160
398 251
39 153
128 372
432 317
160 429
68 310
220 248
401 252
0 182
258 135
92 460
181 414
85 455
485 159
252 166
244 363
14 203
261 351
213 68
33 250
42 192
260 220
91 457
49 197
191 65
356 438
466 145
165 441
178 430
369 55
123 283
236 494
196 410
5 226
109 172
488 444
112 332
418 223
43 286
189 377
357 42
398 48
332 256
308 401
42 480
12 248
389 33
57 316
78 8
198 154
269 461
199 437
278 230
144 161
186 265
273 68
493 253
240 233
204 183
337 137
147 76
232 186
94 375
468 97
46 393
303 204
252 331
61 461
70 485
427 1
235 109
239 222
380 378
255 163
135 292
422 35
274 436
310 396
495 164
457 362
10 169
145 270
371 0
56 462
54 368
154 330
234 55
426 446
274 396
425 205
58 127
48 426
288 293
99 356
238 244
170 380
99 12
299 272
386 412
191 311
206 227
344 33
267 345
289 404
422 345
342 383
191 134
206 124
99 360
15 292
283 499
111 29
496 366
462 498
273 498
222 351
152 196
340 495
84 139
387 454
93 186
160 349
146 339
437 219
130 19
189 287
337 149
341 453
284 325
61 385
204 153
438 459
92 398
338 145
84 116
260 305
46 131
345 381
455 58
21 188
339 454
251 191
314 149
413 461
424 461
64 83
209 287
254 475
192 62
78 322
391 415
499 11
319 22
45 469
151 165
206 173
297 211
103 178
250 221
118 117
142 86
396 156
395 344
362 482
3 186
146 359
35 353
342 262
239 238
361 274
199 152
182 220
25 376
22 195
93 182
276 35
118 412
497 497
193 397
198 191
311 10
96 47
135 426
11 235
218 71
271 155
264 113
193 89
88 44
276 296
374 276
135 349
478 160
338 28
258 128
137 228
188 254
222 336
279 95
35 485
330 457
399 255
319 126
373 318
289 349
463 184
74 271
69 420
112 360
423 118
354 389
6 165
415 48
56 311
395 357
235 168
491 373
415 116
245 217
286 207
156 292
147 147
364 475
42 56
23 294
263 174
343 226
132 364
257 45
142 386
14 223
432 345
57 60
49 219
132 58
9 435
471 407
101 10
451 480
332 48
77 390
32 341
255 125
420 129
253 108
194 93
259 200
307 345
105 100
78 101
453 399
135 496
116 266
396 281
261 0
376 312
278 495
236 127
40 117
293 57
12 70
398 447
58 460
50 367
260 97
247 154
31 67
364 482
265 177
168 439
128 99
409 309
486 327
275 464
97 63
131 168
402 162
420 171
445 259
99 456
462 433
27 428
153 420
320 166
80 39
27 404
460 341
250 128
280 284
206 495
60 55
1 429
185 70
334 30
188 325
225 54
152 347
400 361
71 340
284 128
403 370
69 203
427 373
210 234
280 72
329 158
423 458
419 299
491 493
373 263
89 188
236 175
456 160
331 369
65 53
350 426
439 125
415 66
168 186
29 218
209 437
116 108
349 257
85 253
246 337
477 11
461 81
31 207
378 359
171 426
26 351
452 350
444 418
436 491
124 348
282 217
52 29
377 253
303 203
495 38
214 489
123 460
434 417
340 284
269 202
51 319
62 425
287 316
346 434
466 480
28 232
362 109
288 34
184 289
337 135
268 357
327 237
391 299
333 372
129 306
159 230
69 299
91 397
417 428
346 430
279 220
448 64
154 358
331 436
152 175
407 299
111 278
231 139
61 312
201 186
57 381
447 229
67 101
484 73
269 423
434 41
150 397
39 173
237 483
3 345
337 63
290 487
12 237
219 58
400 415
181 290
79 331
63 42
10 476
94 255
382 426
96 142
253 499
190 104
19 274
25 421
149 307
25 370
31 182
456 133
14 415
50 198
400 306
470 370
296 166
320 437
288 383
153 301
132 417
202 254
391 34
189 249
144 49
360 144
466 390
227 364
427 293
356 337
181 297
262 340
119 316
161 441
83 214
377 155
457 286
480 319
463 176
260 379
66 389
292 299
37 281
134 291
398 428
269 284
117 496
276 72
353 101
347 340
342 264
127 392
84 466
42 227
129 106
343 451
237 97
351 91
183 200
422 182
119 354
284 300
340 470
188 165
9 220
298 323
194 109
280 31
45 199
161 205
263 220
467 156
239 124
364 417
493 175
133 417
477 228
324 435
10 382
203 363
489 314
392 248
226 277
61 14
282 130
469 350
155 26
352 320
321 493
198 183
147 219
350 396
27 175
59 428
90 147
331 177
234 352
313 367
44 389
260 249
32 398
116 478
485 285
369 213
422 445
329 187
205 12
239 53
118 276
215 389
382 390
32 305
147 56
311 470
99 320
162 181
448 245
174 473
394 103
129 125
82 64
103 219
432 267
11 401
37 103
270 102
455 239
484 141
108 172
5 363
153 490
292 177
76 402
375 467
456 202
447 419
475 361
345 242
411 83
448 487
402 452
226 474
40 271
265 11
338 192
122 437
384 188
8 264
103 402
411 323
279 421
269 215
39 289
268 397
133 150
347 292
440 170
398 90
160 96
456 448
188 134
190 460
188 326
55 306
191 180
451 202
30 64
246 121
477 470
25 498
474 43
240 227
104 173
339 330
278 438
44 16
165 468
452 95
193 379
340 359
321 415
424 23
18 126
313 453
287 121
471 318
158 256
274 408
58 378
379 449
395 188
268 45
410 6
495 351
79 94
264 61
167 483
485 382
145 105
91 267
205 198
174 261
243 422
281 240
289 9
52 312
242 299
114 207
467 406
225 42
234 169
265 199
49 346
353 142
83 43
483 446
426 66
234 164
302 119
211 170
435 218
418 248
208 314
150 475
87 317
30 402
149 11
485 389
19 148
291 232
37 337
21 382
102 89
445 432
129 52
124 488
111 415
96 336
371 317
97 165
381 187
309 23
426 298
225 380
185 296
37 399
22 283
98 281
416 211
108 276
444 380
156 351
394 343
82 99
300 97
474 320
130 315
129 298
127 81
474 228
221 21
398 133
189 29
411 108
383 371
261 382
83 359
17 30
191 55
107 327
362 413
50 334
345 198
48 66
239 189
45 338
396 442
431 212
345 250
425 94
320 372
77 398
473 321
89 27
59 294
26 362
277 336
145 297
408 377
363 105
219 250
490 465
225 31
93 188
329 252
281 148
415 80
369 454
48 54
433 2
413 31
148 14
218 460
173 492
322 169
324 336
434 483
63 160
366 55
53 468
68 49
13 98
139 390
18 192
491 423
208 162
125 75
62 497
244 475
217 256
9 171
438 253
2 357
383 407
375 4
364 7
394 107
109 366
499 32
352 206
408 198
153 425
140 375
460 360
315 430
151 95
253 105
256 161
416 58
254 192
228 51
281 442
295 359
371 434
104 313
478 109
495 287
334 386
271 339
238 68
369 425
119 41
214 54
12 229
148 312
487 66
283 34
81 300
151 187
202 290
129 0
232 235
148 94
165 185
16 327
362 287
466 281
496 399
346 360
272 227
328 258
32 114
49 105
67 29
127 368
267 308
114 183
36 278
490 122
441 254
339 178
73 260
101 92
79 346
452 234
288 437
37 414
404 45
492 422
301 395
104 50
322 448
485 422
36 387
335 264
158 49
410 467
276 48
369 227
387 264
42 302
156 158
289 338
438 173
102 461
485 432
321 305
119 126
99 24
212 354
411 224
77 380
283 85
416 496
304 468
235 24
183 310
390 304
104 85
203 253
406 41
89 475
293 152
100 277
478 368
460 484
311 24
284 188
65 89
305 437
113 158
303 295
167 411
75 274
220 150
142 481
306 453
361 42
321 115
315 200
200 15
81 212
2 303
357 424
204 288
298 12
464 161
114 208
190 450
138 85
131 107
234 18
247 220
451 50
372 365
487 426
192 78
113 157
477 434
175 194
328 440
267 131
51 485
15 171
10 231
493 312
148 245
26 416
162 328
97 456
301 172
89 29
282 189
304 330
170 407
445 13
300 288
278 151
396 306
431 472
436 108
176 224
199 468
418 36
451 124
150 46
313 137
172 401
24 215
140 202
267 4
272 60
41 476
321 275
130 40
114 83
322 52
282 51
316 495
339 430
145 424
254 302
226 469
248 329
354 191
345 280
244 31
158 113
173 284
172 261
404 212
130 150
335 126
43 96
259 88
480 69
214 287
29 91
313 92
163 65
272 261
328 208
346 12
285 165
91 19
272 177
461 237
94 94
325 262
454 338
379 492
454 423
130 116
298 140
84 52
113 104
400 234
13 33
219 93
430 268
163 273
41 72
40 84
30 79
113 444
297 17
245 90
229 119
4 200
188 274
284 281
107 14
101 352
499 98
491 183
235 376
33 76
23 177
377 312
387 314
497 130
65 18
262 77
58 229
338 33
268 221
125 236
457 241
159 286
78 286
386 90
51 196
460 356
444 156
451 400
109 226
474 310
361 354
395 470
216 299
231 388
53 218
128 475
359 489
259 491
5 196
487 202
389 428
34 306
88 456
178 386
372 450
193 11
322 55
135 452
244 426
286 20
457 118
250 59
185 463
261 342
160 327
118 322
350 73
358 162
434 27
233 317
486 280
187 20
325 26
252 446
47 440
129 450
380 84
43 419
35 85
91 249
37 88
123 313
122 261
435 417
85 433
328 151
342 18
97 260
280 131
206 18
498 463
320 102
133 172
438 370
303 232
460 456
191 412
22 266
370 196
154 41
466 286
235 313
217 127
417 481
230 211
485 307
131 487
181 200
376 128
479 276
423 433
66 271
235 307
156 167
283 28
155 156
292 6
495 332
98 361
109 376
495 494
441 169
61 419
36 357
299 251
218 160
10 93
428 318
476 407
437 8
8 144
42 283
128 16
260 479
389 228
120 96
309 103
283 150
114 444
93 234
99 2
324 275
360 332
102 97
152 145
249 332
126 415
71 475
203 259
286 271
70 132
378 99
57 35
464 133
401 313
449 387
377 111
313 88
461 273
35 63
257 108
95 446
166 457
109 379
431 477
113 169
438 392
295 471
25 148
35 267
443 233
54 74
8 270
117 463
196 484
421 339
257 118
359 405
325 473
121 340
249 335
105 490
341 305
320 87
433 257
314 120
467 493
179 192
65 26
261 464
44 100
440 57
14 252
85 310
224 393
120 442
322 142
115 491
295 227
73 112
348 475
379 240
26 277
178 360
69 367
116 159
475 218
147 377
427 38
487 440
13 410
443 159
342 341
247 44
173 468
340 271
379 99
108 431
359 217
312 172
400 474
161 389
235 103
277 43
208 134
393 316
142 107
212 316
154 31
12 437
321 395
189 231
342 200
354 464
200 64
76 259
331 251
492 136
184 338
273 355
125 393
436 42
18 476
338 381
208 31
412 122
258 249
453 124
492 31
351 432
120 490
417 468
471 320
238 353
46 112
242 309
460 299
358 329
79 290
143 21
64 153
380 12
493 176
378 109
121 25
36 76
70 289
54 122
220 39
71 443
338 470
233 260
340 90
187 238
132 221
264 212
193 36
360 315
218 142
15 98
488 9
378 292
182 205
318 110
460 40
0 58
368 158
499 296
290 219
178 315
28 344
115 68
442 366
355 301
237 251
228 371
305 390
1 418
363 134
75 102
168 62
460 105
434 387
370 221
233 480
412 268
43 486
32 11
490 125
110 276
234 329
398 275
367 133
175 43
0 335
346 437
132 493
138 232
222 332
439 458
208 185
298 491
175 293
96 143
104 288
76 499
295 220
316 365
280 259
485 322
454 106
351 241
141 372
290 48
455 311
37 37
225 361
322 33
184 89
201 488
36 188
211 482
373 305
36 67
75 157
490 0
95 320
55 421
51 133
360 263
92 426
352 135
80 414
101 270
387 418
174 167
165 351
288 339
232 305
98 354
464 140
30 481
157 105
46 142
320 466
171 148
142 356
322 140
170 390
213 431
283 460
418 65
407 302
428 194
320 287
208 423
379 34
351 338
99 223
298 437
332 297
169 17
493 118
88 245
424 428
269 359
61 223
64 15
459 97
350 44
478 314
233 227
79 151
6 160
475 294
268 441
369 491
207 41
158 13
28 89
324 31
107 385
385 239
237 329
139 6
214 223
151 420
407 178
6 395
280 214
137 470
219 494
499 471
156 357
84 329
303 54
161 294
277 81
198 403
354 7
56 247
82 154
200 186
257 184
207 465
191 259
294 426
88 220
279 304
315 442
232 231
15 240
323 435
459 120
222 429
323 201
56 94
14 124
354 113
376 296
342 124
77 48
41 120
142 111
49 410
251 315
268 416
423 157
48 303
53 478
371 475
289 291
228 237
232 60
98 425
249 134
26 15
172 483
278 229
85 213
74 26
204 188
198 88
10 101
123 232
240 337
368 242
196 442
342 321
459 397
315 183
482 164
312 323
91 329
46 435
410 15
207 201
271 296
197 424
115 400
69 458
138 335
12 78
485 195
373 60
175 103
372 334
108 487
2 259
326 136
306 318
26 60
384 123
91 228
316 104
31 53
421 459
221 268
176 134
111 262
428 296
321 327
245 365
8 186
184 246
172 187
494 401
402 170
356 484
397 243
83 258
167 150
349 336
229 95
62 117
439 38
251 334
197 275
402 62
161 284
465 103
376 97
331 362
344 245
348 198
9 339
389 261
289 115
174 187
413 146
61 424
319 86
246 281
194 163
62 398
210 494
132 229
156 228
354 471
176 373
238 327
163 93
455 222
81 233
207 360
342 110
121 431
152 36
293 246
374 495
492 346
325 408
337 69
278 41
348 436
419 106
64 197
56 170
108 157
453 448
319 35
216 471
49 368
24 80
393 18
369 249
165 435
68 124
136 197
252 382
209 422
364 269
489 309
114 272
89 280
381 222
471 382
403 473
324 230
361 494
29 34
280 433
220 119
29 478
144 487
223 264
275 452
100 200
421 165
60 479
131 30
334 79
247 85
499 498
236 293
390 414
73 194
126 436
84 243
477 32
221 315
320 345
70 454
61 22
221 312
368 314
205 432
490 22
468 119
171 289
257 93
272 381
14 114
222 50
324 73
21 276
6 291
269 26
160 211
154 40
242 24
200 188
238 116
221 162
453 33
20 334
97 314
164 224
306 149
447 383
29 92
332 360
355 248
152 83
494 380
284 434
20 375
470 261
243 111
272 475
327 428
90 99
262 206
179 441
28 271
188 164
126 49
372 151
143 51
254 421
438 301
442 45
432 103
297 231
393 151
394 270
87 85
316 199
42 8
472 188
396 191
347 141
54 277
445 334
246 375
20 171
38 218
196 360
66 63
288 479
342 268
498 187
76 12
444 399
137 200
498 362
91 451
210 145
83 399
416 182
163 445
302 118
41 379
225 14
171 427
421 475
8 219
39 328
464 234
115 67
100 174
353 297
288 294
499 142
320 11
1 182
262 142
179 179
483 33
24 364
225 84
396 274
163 354
435 266
262 354
222 48
259 266
227 12
111 207
200 222
236 67
355 155
230 179
405 417
260 251
76 280
343 256
110 22
221 93
490 168
69 73
73 252
330 484
31 382
169 305
114 230
182 61
22 308
317 387
151 126
282 378
106 155
94 280
306 177
125 22
479 61
176 416
400 491
199 247
497 110
270 451
283 362
483 330
402 126
426 141
146 245
150 142
13 159
422 483
298 195
284 319
204 280
497 157
147 227
141 390
292 252
59 154
352 394
78 160
492 462
314 397
462 90
186 480
220 226
84 311
498 359
80 71
208 221
323 362
9 447
200 94
486 15
223 498
344 329
17 137
386 270
310 103
9 321
279 160
79 320
165 334
101 203
422 99
27 133
195 185
474 124
164 141
227 84
193 174
91 131
257 427
107 477
317 61
283 329
436 486
112 492
364 372
117 222
312 408
443 281
482 357
477 39
226 70
141 461
453 115
147 186
65 105
90 98
194 149
162 441
55 249
141 440
50 295
7 475
430 317
151 453
160 89
26 48
366 138
9 356
250 296
288 35
387 112
263 353
52 269
305 406
365 315
352 156
90 213
286 436
490 77
257 451
79 193
22 82
187 219
368 7
232 224
182 327
252 221
141 414
475 193
419 180
86 414
258 342
215 210
424 397
441 301
27 41
212 485
352 239
103 361
197 219
292 263
248 204
334 5
144 34
481 329
19 10
45 112
328 215
322 453
376 342
118 122
226 103
275 122
174 400
168 36
132 340
98 98
358 421
493 92
466 151
85 37
294 465
3 65
395 329
488 173
432 318
398 1
89 224
359 490
284 330
482 0
311 120
428 218
457 69
316 412
65 199
460 166
436 47
87 337
144 385
297 496
112 154
25 210
30 274
0 197
391 383
22 303
142 370
420 459
296 135
360 281
4 371
105 314
18 133
138 111
230 342
209 107
179 449
222 393
435 48
480 222
208 338
128 17
340 0
211 247
131 91
233 117
47 224
199 319
170 465
371 65
155 73
406 210
147 231
162 266
447 343
164 344
263 145
245 256
201 411
482 319
209 415
363 391
416 296
184 265
66 334
322 293
234 248
316 340
94 218
349 310
75 226
217 48
344 416
4 124
469 401
73 135
459 83
494 496
359 313
66 388
108 321
76 496
480 193
101 388
223 99
144 77
87 352
319 37
296 151
415 28
347 111
34 63
385 70
15 132
73 113
240 242
69 119
245 371
108 278
419 62
333 137
68 158
397 82
343 218
183 111
150 345
245 46
345 31
35 307
227 276
233 448
466 249
382 232
455 111
253 362
132 153
269 31
105 386
402 179
112 447
432 446
487 105
402 55
486 54
226 479
92 351
473 165
446 323
331 286
400 170
419 169
147 171
399 73
188 374
478 25
252 58
108 261
160 66
453 30
151 384
454 361
204 277
370 231
324 10
38 74
429 191
225 139
428 17
67 471
265 425
437 484
0 265
488 253
178 491
379 455
345 47
73 247
121 66
408 453
9 427
97 370
319 248
178 193
265 272
385 338
210 341
30 220
35 7
418 191
469 45
111 328
292 20
467 497
493 190
253 459
273 162
130 129
467 113
215 156
340 64
246 151
93 412
55 220
145 228
168 462
177 20
337 406
10 337
319 202
362 464
71 180
122 382
268 289
34 261
94 2
113 205
128 287
480 27
370 489
357 463
399 39
496 111
52 447
14 438
452 457
3 124
173 316
43 226
458 286
70 444
60 470
427 417
169 232
394 188
207 493
490 232
364 218
377 292
248 169
242 284
476 298
461 317
285 296
491 170
229 337
440 462
227 352
294 221
279 205
260 443
298 35
176 32
143 66
316 53
494 120
274 469
394 163
287 301
168 197
420 453
60 355
43 413
363 439
164 298
233 178
85 44
191 300
112 498
23 254
119 427
273 117
27 125
3 82
153 359
272 438
321 71
396 336
461 69
118 450
422 20
252 248
224 253
432 327
380 316
82 47
402 108
257 37
77 468
240 265
184 350
63 236
85 349
39 408
412 255
291 72
244 65
24 284
410 382
37 153
29 269
91 6
302 457
295 183
445 236
13 250
110 406
267 261
119 9
208 484
35 169
464 142
492 72
406 29
488 233
38 130
436 394
0 412
252 302
417 390
336 16
233 137
79 350
346 478
433 263
165 294
363 330
327 403
225 467
122 266
418 210
179 144
177 0
37 342
11 489
469 299
142 53
274 93
465 499
388 357
230 441
336 89
157 305
346 45
478 371
446 182
306 117
395 30
59 138
16 103
314 401
123 453
483 212
201 133
269 479
498 100
392 212
393 368
186 262
109 286
37 126
437 365
53 85
123 21
400 172
114 421
473 231
485 377
4 336
241 391
130 194
376 106
361 357
327 10
119 231
45 238
130 236
466 301
326 377
114 46
48 227
475 249
394 110
339 79
306 315
432 139
381 98
128 413
338 241
498 311
26 239
469 12
79 325
21 360
176 429
361 269
86 132
149 475
181 29
250 309
122 480
336 142
280 227
455 321
125 377
197 436
228 393
231 378
424 491
452 440
499 305
376 101
152 168
181 102
362 369
124 212
451 363
183 425
382 132
260 13
214 202
206 229
420 246
435 401
398 8
170 87
446 344
71 321
398 89
328 130
214 486
27 297
155 30
415 75
54 445
98 234
166 486
117 441
331 497
210 391
401 36
77 79
1 11
257 204
343 210
179 70
94 425
79 256
178 387
54 46
78 265
300 244
93 107
48 489
337 271
482 422
6 11
48 297
365 197
448 82
358 440
10 380
213 409
267 148
328 391
326 347
0 259
482 401
458 293
252 214
407 26
396 413
443 155
448 113
224 187
106 77
17 181
263 178
193 481
152 245
438 78
114 464
439 475
198 140
412 343
242 478
363 68
130 17
485 375
299 180
245 149
88 22
17 459
282 470
207 297
115 407
193 346
182 369
329 22
416 263
167 113
426 145
409 152
114 70
318 433
493 158
223 212
336 399
470 157
481 138
341 181
339 363
216 53
479 127
268 392
28 130
396 351
168 167
188 428
381 321
381 78
228 219
97 422
234 8
187 404
212 169
441 25
375 283
56 159
118 408
151 421
225 372
183 181
172 459
275 37
82 12
257 412
79 406
229 487
296 436
66 55
436 440
375 445
339 123
460 376
403 54
339 196
242 35
311 26
231 247
385 252
373 322
337 419
188 95
442 492
285 356
195 179
407 388
130 215
65 91
340 302
148 236
378 385
163 297
208 425
347 219
10 319
269 466
486 179
48 382
258 122
162 354
55 167
221 20
442 329
416 113
97 293
475 98
441 59
238 28
193 37
431 374
360 142
220 256
277 82
72 46
373 212
236 290
391 357
390 201
208 348
337 184
332 145
215 77
259 5
366 168
24 100
43 219
396 151
292 288
361 451
307 161
132 87
84 422
207 371
306 64
89 205
23 204
68 212
481 98
25 15
476 493
40 37
388 458
428 142
417 176
3 248
21 353
352 82
111 255
491 103
162 198
17 74
37 55
315 93
172 177
127 435
481 107
37 314
283 438
49 441
315 301
422 300
184 61
289 140
344 52
49 145
142 65
312 338
96 350
112 132
327 395
261 383
101 63
481 145
191 466
313 414
382 336
380 47
445 133
451 359
247 415
339 40
156 407
101 387
491 145
146 395
383 21
345 17
345 473
392 203
96 215
314 434
286 480
454 220
295 322
155 55
469 438
169 207
257 286
136 419
499 451
447 431
357 491
120 94
133 308
96 306
347 34
228 368
427 439
42 148
194 52
118 4
43 208
418 395
9 418
149 273
357 154
417 300
94 156
430 15
260 417
466 393
7 455
135 491
69 419
367 326
24 223
404 166
417 26
353 352
2 184
79 64
221 45
391 429
73 277
94 266
18 335
470 411
371 386
70 403
464 112
15 101
370 138
34 305
54 75
175 299
296 402
401 83
474 105
289 139
44 320
473 296
410 421
186 344
460 352
348 63
189 425
222 341
65 146
167 269
116 1
122 339
20 115
443 283
89 327
321 341
42 287
403 490
434 283
465 351
293 369
499 409
311 466
241 90
161 219
170 156
30 98
115 36
257 194
194 467
442 324
118 351
128 82
274 9
405 378
408 449
316 210
74 68
203 491
193 109
451 209
352 458
331 129
28 63
398 346
351 83
409 59
499 357
454 166
103 237
196 316
190 51
291 96
217 229
432 204
413 4
29 451
197 393
209 66
311 469
166 181
21 478
90 400
32 335
497 236
222 89
73 207
112 98
41 317
271 234
203 377
325 252
97 215
295 333
298 405
219 207
477 98
189 104
171 103
420 89
238 426
390 273
163 125
316 198
280 350
329 449
452 333
22 353
202 11
413 174
237 248
362 263
499 397
331 335
464 262
9 489
133 462
418 173
405 444
373 27
70 399
205 110
225 249
0 495
345 288
272 360
35 34
199 406
338 251
410 79
443 409
62 97
128 53
454 335
53 375
158 377
396 182
348 146
7 33
402 356
444 122
465 446
251 430
248 426
30 464
434 106
338 312
31 0
179 220
118 10
407 382
235 337
122 244
404 211
467 216
181 431
253 326
203 406
487 13
498 29
248 463
199 73
294 202
111 46
140 231
331 200
119 111
11 302
278 177
453 55
144 362
115 446
84 440
407 38
466 149
180 17
93 218
327 37
155 339
237 301
191 16
93 432
233 141
283 484
356 144
365 194
455 336
415 85
427 84
20 1
372 162
339 89
22 242
248 187
369 350
79 137
298 206
82 456
360 384
76 385
382 292
394 8
413 335
23 327
139 163
301 387
464 89
395 195
83 467
217 328
150 203
292 138
447 294
43 82
369 189
273 422
370 423
247 280
83 379
115 315
447 125
45 197
94 421
482 94
236 54
156 466
264 117
226 176
246 202
246 182
113 176
459 86
461 12
308 195
381 481
447 342
301 110
446 479
220 66
422 456
46 304
322 461
3 339
281 214
163 44
498 200
420 103
141 211
362 193
231 167
137 170
117 107
456 101
499 279
171 297
486 133
223 376
241 54
367 362
271 10
496 70
223 452
162 282
252 431
255 40
495 183
242 268
109 320
139 191
49 47
55 226
204 225
219 225
231 438
416 381
405 493
411 1
246 345
341 113
445 135
334 224
208 81
182 245
30 265
437 470
357 300
214 240
325 276
430 345
74 450
335 25
459 432
316 454
368 259
490 333
78 478
11 313
358 403
304 301
319 149
436 387
96 424
90 450
232 120
63 153
277 1
356 36
267 82
391 158
80 333
378 11
224 112
27 37
141 303
347 303
114 452
294 71
100 58
393 54
118 225
62 2
141 75
57 255
185 108
279 498
52 462
167 408
441 253
117 161
359 22
422 281
323 92
475 203
141 384
181 222
175 94
321 435
319 417
172 288
353 183
67 374
402 222
308 107
348 266
109 305
258 419
456 209
317 250
90 143
284 207
106 213
60 422
227 62
275 276
164 193
171 219
350 212
169 396
75 408
40 246
486 306
489 293
47 477
162 291
460 56
10 10
182 217
479 298
338 174
134 55
11 275
49 362
125 462
234 39
361 67
237 23
43 113
221 413
183 475
414 175
109 203
227 179
466 425
13 456
250 383
130 224
357 410
148 184
478 43
280 13
223 44
458 201
139 464
379 163
223 459
401 27
161 299
218 74
79 195
146 188
469 210
389 60
484 383
219 72
41 12
211 264
256 277
126 153
186 82
310 275
471 219
340 396
202 109
122 366
149 424
450 477
198 401
486 153
311 150
109 9
260 430
112 178
397 300
186 133
475 36
403 177
67 139
446 350
248 376
299 490
378 400
7 465
206 218
38 454
122 286
134 453
160 94
354 140
445 440
355 343
51 111
224 390
400 319
425 352
450 176
387 434
465 311
348 271
426 405
476 354
255 427
23 304
43 302
324 25
12 349
8 202
50 112
210 192
234 140
467 200
184 119
272 189
430 174
326 492
468 366
434 362
289 116
412 188
498 137
110 330
352 101
41 41
452 378
351 486
131 97
145 298
396 451
294 363
435 310
325 293
30 126
446 227
148 207
220 301
147 452
43 207
179 335
105 304
404 277
117 92
243 342
6 438
297 229
175 404
365 302
301 45
230 95
209 157
266 277
109 323
101 341
313 254
486 191
346 203
51 215
128 238
452 207
0 499
440 228
121 108
129 208
13 64
479 392
490 209
482 324
60 248
491 325
131 321
230 159
51 472
439 473
139 222
97 255
483 7
60 381
478 362
359 180
481 196
292 23
218 229
480 195
156 375
209 202
15 225
439 359
23 152
308 387
323 98
89 145
175 60
46 59
259 148
345 461
164 364
491 391
54 44
128 196
61 447
3 222
104 32
248 223
179 352
198 316
446 476
325 203
112 77
41 20
289 111
462 386
490 411
178 307
47 117
133 144
318 346
172 240
102 38
255 362
329 132
484 19
207 310
315 202
192 228
389 257
162 36
57 191
362 104
154 19
405 467
498 7
424 476
428 222
379 237
10 148
277 271
219 429
207 326
187 270
154 20
471 60
123 406
484 213
252 412
216 17
251 458
155 142
45 290
325 328
5 308
62 388
44 474
141 183
62 292
214 410
45 372
298 281
155 346
352 81
331 387
443 135
47 275
263 330
108 357
462 259
452 459
41 326
349 370
205 443
326 396
384 440
198 461
322 281
241 360
14 433
312 87
327 76
170 477
159 173
197 11
112 377
107 203
273 493
430 352
194 88
308 222
473 335
332 268
394 324
298 253
379 110
74 298
435 335
11 211
38 419
135 55
497 296
370 6
429 179
353 4
360 243
287 34
48 472
461 368
62 233
252 246
140 3
10 492
27 396
84 107
415 14
199 136
184 148
453 224
253 178
120 375
184 486
246 48
149 361
186 165
469 298
425 167
374 38
185 275
436 273
405 392
66 37
167 290
290 495
423 185
118 395
458 300
372 310
103 74
377 496
398 195
300 358
380 462
77 39
263 282
236 492
138 293
181 5
100 157
378 76
178 403
61 313
438 88
254 346
107 439
193 187
481 156
90 386
59 402
228 345
11 65
115 29
85 195
318 270
98 358
103 472
427 207
130 144
355 499
