5
82
148
4
116
155
223
49
256
286
313
311
345
230
351
375
257
393
269
425
328
433
86
117
231
279
67
319
335
21
390
427
235
444
445
483
17
128
37
101
221
299
9
141
329
368
46
79
150
376
339
434
144
270
453
485
486
77
215
244
310
55
54
391
171
121
415
411
454
495
29
181
307
76
159
170
177
108
190
193
136
209
418
421
426
309
15
199
342
173
188
406
438
203
451
16
56
152
157
11
43
140
175
253
298
267
332
80
20
126
222
89
243
247
149
254
167
233
259
12
120
268
26
344
348
362
201
374
419
432
437
166
317
447
72
53
91
258
210
278
281
147
316
343
92
371
470
217
227
381
456
386
474
248
195
196
428
70
168
252
109
75
287
300
139
255
410
213
206
273
480
134
60
25
182
204
246
106
340
57
208
216
297
334
450
478
174
325
489
498
31
35
158
364
68
14
184
354
306
13
1
261
361
388
435
118
74
275
292
377
436
165
42
176
87
192
34
145
10
260
350
373
64
414
422
462
250
347
156
28
94
169
282
467
33
218
90
229
396
487
98
104
132
73
392
492
131
225
23
277
240
61
283
295
320
93
163
224
382
111
387
154
402
81
455
471
6
51
241
263
323
379
464
481
365
482
205
242
185
52
488
490
496
202
113
183
288
97
114
164
293
138
200
321
369
400
403
102
337
18
271
95
380
405
367
146
449
457
359
461
473
115
194
497
39
142
122
301
0
180
296
308
318
302
372
404
36
409
137
439
105
304
69
463
84
8
187
333
356
424
441
442
272
440
245
198
228
47
85
389
429
443
186
398
416
458
465
353
401
448
212
100
265
330
407
179
211
238
469
360
107
226
127
214
284
452
44
88
59
153
312
338
358
3
27
103
32
236
385
397
19
408
346
124
430
423
476
99
96
475
479
178
135
493
305
264
494
172
38
290
58
266
336
219
357
294
234
384
466
499
112
324
326
366
151
143
262
48
191
327
352
355
378
22
322
395
431
274
276
2
71
197
331
370
413
119
363
123
417
468
303
459
50
7
460
65
472
232
477
45
161
130
189
239
280
133
315
341
63
251
383
394
420
125
129
162
41
249
160
291
83
237
110
66
207
289
349
399
40
412
446
484
30
78
314
220
491
62
285
24
