872 4211
417 196
386 117
55 215
223 620
628 597
270 714
498 452
524 399
830 559
66 617
405 207
33 364
323 793
296 405
622 7
671 166
202 528
627 600
742 321
348 497
46 617
682 15
541 334
414 498
20 479
243 768
157 619
259 823
12 27
355 633
33 497
799 235
496 25
834 366
345 653
334 734
742 488
749 410
821 290
379 312
240 93
208 740
712 810
691 195
836 173
827 869
142 225
575 637
249 8
474 66
661 808
799 530
767 675
411 715
436 261
498 147
354 177
15 537
459 705
731 422
349 157
762 490
726 464
599 102
816 200
511 604
479 438
605 373
240 487
559 148
747 185
294 228
705 652
236 291
484 438
185 305
595 74
266 792
10 864
21 825
192 532
28 670
441 104
515 152
590 201
299 464
729 65
164 34
716 743
324 672
309 508
104 375
54 369
294 407
361 658
703 24
661 730
165 229
305 679
381 22
352 151
829 208
215 120
585 403
863 37
202 643
16 649
145 413
489 782
819 321
567 649
344 356
850 853
56 282
131 780
647 482
59 604
162 617
195 746
147 185
254 692
299 614
468 443
154 85
352 445
749 391
221 565
746 543
545 273
296 675
181 71
629 239
674 262
855 868
135 130
525 733
821 823
474 761
738 627
317 561
543 193
79 764
757 296
778 429
569 201
576 749
271 676
459 416
65 785
756 199
42 408
403 335
702 4
567 103
11 256
645 547
678 8
432 102
785 332
142 458
379 362
200 182
820 616
246 732
499 789
246 378
319 52
207 667
618 246
769 100
845 13
646 650
21 549
223 277
353 364
206 731
725 406
385 144
493 102
4 119
18 593
840 681
644 518
475 733
763 715
304 735
727 421
857 219
98 207
840 794
571 173
124 767
578 508
39 542
610 42
660 99
106 99
779 221
617 725
81 507
567 728
714 766
276 698
112 717
376 79
638 74
596 762
313 645
741 351
315 822
736 446
49 841
545 827
189 289
680 613
267 718
468 108
611 743
277 723
588 653
273 697
198 868
58 510
113 799
332 427
748 195
872 796
163 544
223 695
832 374
435 571
563 30
678 302
245 427
496 304
551 768
128 220
236 186
730 348
456 533
774 331
728 245
599 362
789 293
185 220
138 91
790 700
121 68
129 709
838 96
140 516
864 611
735 571
796 64
46 723
597 291
182 796
535 252
285 795
16 813
487 497
32 404
324 496
815 797
332 780
20 815
767 355
553 102
53 477
509 442
327 233
204 852
500 211
575 785
133 62
725 619
558 228
495 10
723 781
278 526
161 297
468 55
124 149
500 176
97 137
90 767
713 293
219 341
503 793
597 108
855 449
198 12
149 692
365 871
601 642
525 761
411 120
287 534
612 787
181 708
395 270
603 235
35 821
47 9
213 643
116 539
564 314
551 712
477 43
710 205
685 706
437 223
826 196
228 37
454 408
745 848
678 819
554 712
767 601
720 107
371 308
118 62
93 668
773 569
182 83
246 338
788 154
32 213
349 259
250 802
667 122
249 816
68 803
655 306
3 846
756 373
625 1
779 717
140 151
414 322
233 131
659 149
284 691
705 633
77 82
34 215
547 627
158 86
557 284
391 31
258 619
747 354
619 653
199 759
804 84
552 508
214 338
128 497
156 833
601 577
42 107
791 61
733 421
146 761
704 9
791 433
99 665
787 717
446 113
75 721
540 626
356 753
436 484
721 63
788 794
111 301
28 30
361 760
450 851
648 625
331 566
186 429
702 100
617 619
556 164
467 223
261 295
447 696
250 639
231 165
560 341
465 587
714 298
818 291
620 593
388 78
630 573
850 804
672 594
550 699
229 489
393 490
783 311
657 504
77 15
140 109
356 76
695 197
373 641
832 120
705 347
541 807
391 518
738 534
584 415
360 812
31 224
773 285
534 558
260 82
44 399
190 743
475 13
412 319
125 371
783 301
189 451
235 579
441 444
240 496
859 71
435 361
294 680
118 299
709 377
380 752
776 570
623 722
54 162
168 522
4 78
822 536
1 529
586 441
100 297
64 430
367 842
263 132
649 724
774 485
228 281
709 475
322 459
324 719
92 492
368 439
41 662
102 41
662 159
481 233
455 16
135 293
858 741
768 106
592 669
63 819
421 771
766 215
357 217
61 792
708 773
358 221
34 803
261 695
89 214
55 543
229 533
307 558
401 202
664 120
870 726
411 418
96 304
632 796
864 165
715 172
65 544
392 98
474 652
264 34
865 662
48 566
323 354
251 195
555 386
315 24
583 197
785 678
844 17
601 835
181 443
134 589
114 525
158 59
649 421
436 113
210 483
678 4
836 57
199 862
786 857
13 497
181 270
302 496
286 31
802 810
817 64
526 59
60 155
461 708
575 25
821 256
507 98
260 815
498 458
804 412
786 289
36 94
558 337
61 315
711 862
252 656
397 249
186 457
403 646
636 449
142 56
176 121
154 435
407 123
364 682
534 277
98 569
714 127
378 774
785 216
236 164
871 632
756 528
560 630
302 324
550 787
723 726
35 348
632 441
471 124
595 132
744 692
173 58
291 22
303 203
237 538
711 580
298 594
235 857
696 8
652 373
795 503
226 301
322 858
214 792
453 808
52 668
99 568
725 733
589 156
64 297
693 774
348 462
839 583
791 662
62 42
507 328
16 204
101 338
533 314
257 113
593 652
253 163
347 105
24 63
260 431
704 425
332 179
358 642
233 276
776 295
318 754
94 333
85 194
670 618
851 399
202 43
178 454
206 525
559 229
59 290
659 234
714 462
413 200
575 645
819 822
411 608
703 505
413 788
170 554
5 149
80 206
191 602
660 740
598 690
96 128
107 226
362 293
159 774
836 206
18 782
155 773
862 858
749 402
245 46
427 249
538 507
454 201
580 585
68 305
402 164
432 509
733 793
801 364
166 764
569 184
145 723
428 134
180 304
7 424
693 434
144 359
412 598
559 119
654 626
423 184
261 326
692 466
247 92
829 412
855 525
67 471
719 494
77 27
269 83
794 90
860 66
792 743
135 822
333 788
47 227
99 308
553 262
773 271
353 201
682 679
197 221
278 43
186 698
413 799
780 335
16 240
744 279
454 6
228 787
265 274
485 708
53 165
97 297
435 794
841 589
72 165
281 349
208 466
518 92
392 770
770 751
137 641
501 62
118 728
320 383
474 805
562 870
441 658
639 348
51 607
408 123
772 688
815 451
281 461
542 145
358 440
23 838
552 524
27 670
723 347
524 668
623 213
138 191
342 776
538 393
510 417
859 753
232 801
331 513
733 345
129 218
784 151
527 463
146 554
604 341
372 255
136 122
811 617
656 281
520 666
145 502
210 131
382 442
403 713
426 264
529 554
481 440
176 480
374 322
161 106
662 532
704 269
125 643
14 780
51 5
573 195
506 783
669 16
696 199
200 249
462 728
802 415
639 105
22 484
770 526
589 31
529 421
300 653
191 657
32 585
661 77
251 295
859 47
654 154
589 325
402 523
524 675
409 634
251 774
245 149
427 834
523 83
726 822
207 388
78 582
444 739
658 694
505 116
212 630
269 800
426 670
794 77
816 330
710 195
231 82
687 129
387 337
555 584
631 761
99 708
815 542
46 600
707 550
716 46
651 456
318 204
254 239
280 541
41 461
735 271
15 549
400 745
358 82
457 116
315 27
295 257
41 341
328 219
362 515
265 141
99 54
344 696
636 96
364 676
28 571
75 42
247 818
259 76
371 187
191 685
213 486
413 597
826 213
288 315
727 552
799 297
77 615
120 712
710 828
516 737
526 62
251 772
7 509
320 377
695 510
534 379
467 74
448 764
630 735
551 485
758 477
781 306
219 29
145 400
328 132
609 853
193 331
224 543
311 543
392 477
181 53
327 119
470 774
11 228
108 561
712 865
509 92
642 728
464 787
599 791
46 335
771 583
665 123
253 447
137 644
51 661
168 378
780 638
279 790
337 731
822 520
195 458
611 837
657 547
751 384
465 268
190 708
322 327
302 47
773 438
690 824
227 330
329 134
439 79
395 775
281 344
766 476
801 848
440 58
522 662
441 459
401 630
638 723
84 67
769 329
848 58
280 202
731 80
679 297
502 545
543 783
16 780
386 289
756 297
346 749
430 258
679 830
359 444
152 443
510 392
243 830
794 522
503 652
73 310
421 574
854 435
484 342
343 341
102 226
109 791
446 538
176 253
840 534
696 119
448 678
855 690
635 776
683 265
27 755
46 447
457 28
10 412
713 352
225 814
49 333
732 494
871 379
746 310
40 570
772 832
719 754
649 481
129 804
217 156
686 263
74 614
634 83
154 474
778 722
759 298
182 90
792 524
468 137
833 851
178 733
282 24
614 403
848 743
334 193
370 147
455 443
233 216
870 730
161 247
579 47
545 760
136 808
412 75
72 372
397 250
576 679
617 318
209 593
532 542
785 373
160 711
815 392
398 284
249 558
531 827
76 547
187 555
482 70
101 25
785 497
618 489
303 363
278 511
427 281
524 339
653 684
521 67
547 46
695 268
75 353
566 150
371 752
704 852
293 804
348 206
772 94
166 203
800 787
185 354
195 181
692 319
336 684
385 10
729 207
277 803
31 315
424 401
538 255
724 831
530 200
508 773
637 145
103 564
59 632
45 253
812 208
571 275
19 427
628 219
634 377
149 136
691 44
9 356
642 204
658 299
747 293
199 511
437 646
546 839
405 590
219 688
269 261
434 631
688 189
849 793
565 469
56 727
512 408
555 281
612 340
51 486
105 594
469 13
367 142
852 243
204 198
402 472
803 835
575 618
151 551
538 188
148 65
42 131
473 596
412 556
408 462
169 512
527 109
868 21
595 847
607 798
517 136
741 447
98 443
192 593
122 201
780 613
265 821
215 209
17 626
764 424
560 405
407 214
513 402
579 235
721 657
504 365
793 373
811 362
287 474
82 752
674 861
492 410
282 707
619 642
804 510
537 835
386 71
177 27
816 227
605 664
11 581
156 275
425 438
637 711
39 718
591 184
179 554
594 804
732 684
573 136
665 237
98 179
651 618
549 594
844 281
386 327
333 13
601 757
795 365
596 305
555 658
489 205
339 554
136 543
709 708
678 501
416 775
679 194
865 355
259 836
108 116
634 440
473 363
669 395
199 392
699 225
177 659
429 859
684 36
529 520
215 334
149 630
581 827
295 573
654 554
8 233
141 114
672 613
476 468
135 146
331 834
715 851
92 615
838 776
651 838
423 865
644 571
95 696
870 389
396 651
414 747
11 555
860 154
295 807
94 430
425 768
735 267
747 826
353 184
201 131
149 624
468 264
666 562
87 663
78 826
785 492
701 795
174 160
421 812
95 514
713 863
409 47
601 627
345 81
810 545
212 431
296 679
694 90
712 253
224 789
206 137
752 378
403 397
538 823
337 104
464 177
94 345
224 694
99 40
246 37
584 801
811 352
79 632
785 790
12 136
707 562
272 586
67 675
111 604
97 791
707 561
439 272
377 134
437 475
173 683
855 757
83 793
236 162
25 148
79 380
627 257
69 371
315 480
173 769
211 613
687 390
301 597
133 149
731 42
624 31
196 78
259 278
343 838
783 711
113 862
218 212
590 631
582 376
238 226
272 792
838 430
653 611
155 258
759 357
299 854
731 494
60 118
771 402
83 682
584 540
143 801
751 204
31 804
580 612
157 851
4 466
753 656
204 379
41 91
735 683
72 593
304 475
182 547
348 265
356 59
276 842
332 498
173 362
429 224
446 57
547 449
522 427
576 726
805 89
288 667
771 703
731 547
306 41
221 653
649 48
184 52
17 515
21 533
4 793
757 793
849 775
369 842
329 73
695 605
505 454
743 403
285 601
77 62
113 641
186 761
688 369
284 176
11 304
181 359
224 409
279 544
311 648
514 639
192 680
371 168
262 241
42 18
313 463
79 426
231 264
314 47
105 598
566 115
373 746
473 69
282 224
612 592
343 597
358 6
405 200
173 138
440 214
155 753
676 577
650 35
312 91
425 416
160 118
3 5
864 819
73 273
170 156
337 856
753 694
861 629
366 161
766 805
719 392
157 866
96 278
28 751
713 796
639 872
42 641
348 377
59 764
121 573
48 457
556 272
623 545
28 116
177 265
392 23
656 549
17 223
298 388
445 138
656 211
482 697
323 829
545 382
721 665
82 240
594 637
855 344
653 354
459 830
618 850
324 745
870 684
95 296
200 11
433 855
222 386
151 16
343 167
397 535
303 822
774 24
59 228
711 581
297 140
326 619
808 198
88 619
636 727
290 118
632 616
339 145
766 355
487 404
223 149
707 517
394 202
575 93
41 757
673 337
25 470
427 832
139 515
50 774
369 340
20 128
83 702
273 321
528 231
724 223
724 30
739 589
232 441
682 272
669 482
80 693
80 507
124 218
493 518
464 333
857 827
461 411
656 205
731 656
435 55
6 286
84 744
347 315
656 156
58 452
637 138
617 188
116 212
750 80
729 341
412 185
295 872
596 422
548 454
549 111
852 554
740 64
769 558
722 24
713 780
820 822
389 36
137 848
247 14
399 448
698 810
632 464
282 699
358 829
281 34
411 260
60 623
667 300
308 517
324 149
768 615
442 628
650 578
75 368
64 473
815 233
410 47
697 691
745 182
120 497
215 530
229 618
624 23
46 60
11 713
552 250
455 121
5 576
170 423
71 577
23 14
810 777
404 106
67 276
287 186
245 845
188 473
591 811
495 108
342 850
292 365
227 218
829 576
793 127
126 863
175 493
348 456
397 223
561 463
499 319
649 743
292 308
687 354
246 653
805 60
630 224
424 329
441 381
32 705
851 501
695 497
121 515
81 517
737 113
108 707
432 228
49 723
535 735
548 252
860 480
655 617
175 207
73 87
59 448
791 37
77 613
533 197
599 85
186 808
198 637
642 101
864 163
295 870
369 842
593 356
793 720
101 95
54 517
181 112
437 99
492 857
183 496
181 254
53 710
189 594
474 302
694 809
808 116
278 305
85 343
660 349
190 232
787 587
221 439
170 657
9 661
641 535
628 293
788 152
475 448
745 76
222 566
357 157
681 106
805 237
448 593
57 109
296 843
695 860
409 864
644 417
124 756
424 224
521 339
375 467
259 248
14 480
285 370
108 94
476 41
674 395
105 203
504 400
173 326
388 54
662 503
814 785
731 365
480 723
176 855
317 434
574 330
385 858
172 492
423 119
4 569
513 108
771 488
508 71
814 367
468 75
341 410
859 199
246 467
393 421
793 181
326 494
855 710
479 154
674 374
272 677
70 256
785 840
744 764
382 157
602 850
231 70
387 217
613 104
155 477
525 419
658 322
40 640
160 863
793 305
364 536
453 433
791 709
744 134
600 253
290 673
230 520
743 88
209 827
192 707
431 188
254 216
509 637
327 140
99 591
444 806
254 369
710 517
205 581
650 805
834 68
77 535
59 819
623 267
773 286
102 676
473 699
363 109
807 690
593 34
408 508
839 662
4 677
650 209
729 771
485 690
310 561
353 369
852 447
107 224
732 552
27 676
378 390
784 657
207 504
690 614
484 128
747 487
804 868
695 661
767 651
822 204
684 646
44 663
564 151
14 423
174 41
226 24
774 482
680 108
457 497
193 68
624 412
555 28
407 721
160 645
844 453
321 655
571 364
445 262
858 802
157 160
842 382
183 215
335 862
666 264
830 859
331 53
742 357
424 276
550 55
393 521
508 713
647 206
548 219
811 534
148 95
693 462
821 347
148 627
680 814
18 637
800 349
689 669
177 585
416 198
639 280
190 618
120 836
295 668
526 234
673 146
672 837
79 620
311 226
375 118
167 392
226 94
212 386
234 733
98 122
58 737
745 248
826 865
211 249
132 737
826 276
354 625
240 432
373 22
657 219
139 824
82 708
389 638
221 95
498 319
560 555
527 432
274 480
768 829
200 371
165 153
646 518
778 13
77 622
378 205
312 516
156 393
351 17
158 44
455 127
706 142
154 360
45 427
311 285
383 855
655 547
135 773
192 384
257 612
477 635
817 788
278 444
653 101
460 810
488 386
409 321
527 562
680 44
116 462
328 843
444 110
517 51
10 181
778 611
792 383
373 736
298 122
652 422
566 583
704 181
97 240
501 95
801 652
138 388
586 465
358 157
47 3
551 400
183 457
138 446
311 510
654 80
104 433
502 669
143 333
850 583
572 478
678 844
602 287
359 315
224 717
471 270
191 494
141 717
422 623
290 732
604 71
283 707
847 784
504 118
588 481
172 631
430 849
602 159
608 89
473 831
277 416
572 467
37 712
311 802
806 72
133 538
143 415
716 117
671 347
578 386
299 222
145 729
542 218
359 277
306 832
235 54
719 806
864 227
118 646
156 395
718 288
404 332
174 248
792 844
594 498
358 21
719 846
221 388
191 579
137 841
10 371
22 728
649 358
82 238
131 237
104 320
868 508
651 170
755 571
141 476
540 842
840 730
815 188
245 134
239 725
102 248
224 467
448 344
824 529
53 427
238 156
746 577
663 525
746 545
567 359
149 234
672 460
91 615
648 679
220 358
532 321
77 227
259 524
570 211
525 94
109 234
249 854
810 40
850 156
56 544
858 204
777 657
136 339
399 255
146 90
612 677
754 688
31 141
684 72
695 336
165 803
569 413
256 850
796 234
477 852
249 462
527 498
247 662
836 117
388 109
207 127
257 88
287 631
572 442
174 394
777 682
668 817
567 52
266 490
285 743
813 5
332 812
502 50
601 466
511 461
46 717
587 647
276 345
405 848
786 51
713 162
732 509
450 426
560 716
44 316
586 328
320 389
267 822
783 340
759 421
800 804
609 858
578 356
331 455
675 244
849 516
750 708
496 327
262 183
170 649
842 227
448 289
88 715
582 870
182 468
762 453
744 498
438 793
853 768
719 656
484 695
643 361
3 266
687 264
448 329
384 761
27 831
177 114
145 231
455 326
170 344
778 41
313 688
834 294
583 152
421 538
847 191
26 321
456 185
584 375
513 439
263 11
741 439
125 14
141 51
683 311
739 61
351 179
748 656
472 802
280 364
468 254
554 493
46 137
149 629
511 661
539 773
144 407
684 612
764 824
662 575
262 528
635 85
179 510
212 122
783 491
486 378
216 167
343 261
304 491
361 286
624 27
187 767
778 870
506 669
293 639
371 27
295 477
111 817
458 322
66 369
285 551
746 500
190 216
761 493
179 249
778 802
620 436
696 525
777 673
665 198
439 508
224 205
112 678
149 570
471 215
66 755
237 811
727 426
499 615
390 677
335 640
78 426
203 245
422 108
45 215
649 483
722 344
688 833
149 308
2 619
866 67
846 231
350 700
128 320
786 518
124 248
285 545
674 487
789 567
66 833
781 714
443 102
185 602
407 677
38 408
768 31
475 741
605 824
568 733
271 481
378 738
200 134
410 345
92 670
40 158
630 292
343 544
394 872
618 800
148 655
335 43
157 281
783 234
576 822
94 318
774 815
183 102
76 64
446 167
733 829
668 834
249 483
506 114
482 595
41 101
377 719
144 5
128 398
238 703
348 675
149 249
617 675
350 692
211 268
331 415
224 126
377 816
608 354
57 561
76 97
662 796
288 277
800 415
674 510
245 149
312 737
742 57
540 219
220 750
830 550
292 526
148 668
469 227
493 526
788 568
94 49
835 381
325 763
267 470
744 856
619 527
720 488
55 387
178 275
608 480
296 28
133 443
167 73
142 660
70 401
699 164
449 662
16 245
24 627
186 239
610 804
765 457
763 820
844 413
566 51
364 861
78 496
776 589
40 45
720 110
445 18
617 365
151 104
81 174
730 266
756 467
542 649
52 776
68 367
316 633
417 679
621 839
646 868
555 686
40 746
267 828
763 11
320 42
114 744
559 844
138 443
782 151
563 833
54 630
671 714
390 560
864 482
526 638
478 552
795 861
425 189
289 659
543 80
700 656
824 731
99 433
301 9
583 863
313 636
92 112
477 481
671 469
434 668
578 39
347 500
372 243
160 660
373 702
739 201
829 162
403 56
594 703
408 304
165 720
412 256
303 16
208 445
828 641
240 533
152 58
504 867
300 663
654 673
836 864
345 793
498 747
320 563
49 727
867 557
46 750
812 349
765 491
793 721
259 161
725 754
562 357
748 334
147 1
478 455
337 294
375 834
512 166
524 560
20 862
244 65
739 527
757 104
145 150
296 747
654 148
629 343
504 676
123 505
281 577
313 574
423 274
213 588
797 244
607 259
831 143
125 829
372 228
101 521
867 320
302 143
76 644
646 51
792 768
27 200
816 339
246 366
84 802
81 353
174 159
611 476
646 207
433 145
779 5
665 773
324 94
43 743
209 161
266 128
400 292
672 344
103 389
709 186
318 262
538 835
420 620
439 193
827 343
337 205
347 473
105 143
38 148
13 591
308 622
718 707
386 861
522 488
721 703
145 511
92 155
817 855
774 727
520 200
197 856
404 544
801 509
158 838
128 170
556 779
264 746
85 649
206 607
608 55
781 752
37 872
378 853
326 280
708 845
823 32
829 699
47 229
679 204
194 806
718 222
184 109
439 612
757 644
690 836
170 598
715 206
597 221
187 51
844 22
23 266
397 323
92 444
23 770
119 561
175 836
782 702
72 692
442 300
807 259
263 449
329 450
654 53
142 312
447 457
677 814
722 546
608 286
117 103
527 235
663 702
543 44
3 86
735 444
730 669
175 464
245 503
41 371
27 526
154 818
110 303
231 832
848 310
589 436
412 243
142 202
416 684
589 419
242 451
334 99
592 852
562 308
826 603
150 853
600 304
270 710
78 844
141 397
281 729
832 165
99 445
710 515
601 427
405 842
349 210
68 190
629 720
143 703
869 467
431 644
736 268
721 179
408 245
804 608
548 96
706 121
277 692
721 703
568 690
180 778
229 591
439 857
438 581
688 435
520 590
550 727
329 399
34 208
115 837
815 663
60 120
255 336
284 447
511 851
608 162
228 836
224 666
820 662
719 107
568 366
168 245
220 496
115 253
703 230
217 645
364 620
765 90
428 520
536 66
498 271
571 198
234 794
863 525
55 709
104 94
202 271
683 766
767 797
146 597
498 707
714 333
454 78
422 353
597 85
418 222
699 460
763 60
726 754
57 252
62 160
346 608
430 500
501 668
424 646
393 394
480 234
726 406
311 276
758 35
704 648
600 531
579 491
62 432
716 118
684 777
621 501
512 179
128 484
846 23
258 710
416 209
415 614
86 197
361 316
575 192
91 303
722 669
265 256
573 452
717 384
356 466
356 340
116 483
823 433
505 552
615 393
233 157
134 318
354 494
633 56
157 195
702 351
336 438
606 36
17 450
763 717
387 246
528 502
200 822
407 704
502 149
568 206
649 701
523 130
666 628
530 823
294 703
301 629
613 378
136 101
827 26
289 686
615 816
659 814
766 193
646 739
685 72
462 514
66 63
651 693
64 601
115 239
373 215
851 750
351 423
177 376
712 862
463 127
648 404
20 313
521 758
125 334
301 58
319 367
121 97
187 528
170 645
766 14
332 216
764 682
639 412
529 478
401 119
76 520
867 96
304 515
325 773
848 626
830 638
464 422
735 122
78 376
767 843
389 570
187 624
723 825
163 723
774 35
314 321
555 308
416 330
822 213
230 270
310 188
35 773
609 241
22 686
88 260
129 821
829 315
572 151
611 735
2 856
769 315
304 795
622 192
597 43
404 826
656 185
141 163
429 222
747 450
379 835
182 507
783 482
821 826
633 31
688 106
14 57
420 662
323 513
853 47
27 728
345 683
40 485
317 812
178 191
389 557
497 42
191 751
524 484
705 628
514 864
733 528
48 280
317 715
264 641
233 290
496 577
444 7
534 232
818 711
423 678
395 391
720 586
270 715
197 102
470 182
93 330
709 485
81 497
327 344
609 31
105 576
608 21
582 269
252 871
107 674
149 846
537 340
559 806
182 227
379 651
408 471
452 589
83 532
557 753
347 294
784 451
869 863
471 51
259 723
393 365
868 541
338 532
352 368
809 533
66 315
655 818
786 234
6 340
237 34
565 583
327 820
506 668
810 104
190 196
298 582
32 638
595 714
297 74
553 578
79 91
20 733
36 277
439 385
89 147
418 125
730 217
72 363
356 9
810 545
548 236
598 51
345 320
236 641
738 789
690 816
351 710
148 386
458 58
242 546
205 659
670 406
347 213
768 702
565 177
374 240
756 444
635 228
235 870
341 100
258 158
387 608
339 7
465 797
64 706
470 612
837 612
145 311
824 384
485 517
561 858
228 444
429 334
672 136
332 484
235 61
641 94
669 108
100 261
376 507
439 317
591 747
56 735
185 352
247 669
340 807
127 39
722 27
373 865
162 176
476 741
236 589
306 32
168 749
637 543
383 547
331 101
421 731
308 77
210 554
218 21
832 344
59 681
714 775
146 348
78 621
216 314
681 521
689 848
741 797
862 251
471 321
696 19
179 131
440 732
156 657
752 115
128 282
267 313
185 412
660 606
505 347
47 657
339 208
105 207
132 94
802 603
758 97
93 408
571 532
267 726
316 490
312 787
244 50
572 772
806 703
505 782
522 24
566 860
231 670
539 706
236 812
780 121
36 1
529 606
4 267
803 664
229 586
50 472
635 621
715 568
452 347
821 445
370 515
432 72
656 442
778 19
381 685
140 760
157 140
837 505
750 239
296 106
824 345
49 587
438 763
626 361
238 575
805 79
561 708
495 344
622 400
363 474
556 846
362 713
457 670
689 334
37 112
784 860
800 832
46 709
723 672
197 432
718 473
854 750
309 476
221 402
347 55
3 31
372 364
215 828
162 31
634 542
486 545
529 413
504 575
250 698
718 790
601 35
735 583
784 515
530 476
44 5
531 46
35 30
754 593
330 387
623 91
56 236
635 584
120 610
630 369
780 819
631 508
853 493
562 236
135 220
712 522
224 714
567 602
215 448
322 544
834 72
106 17
651 212
73 770
294 174
611 201
121 369
180 101
333 742
681 811
433 864
460 656
705 154
729 47
74 178
63 379
593 168
740 371
724 812
268 145
113 350
345 577
718 524
150 522
737 830
460 297
821 391
424 653
545 280
171 90
801 233
468 521
745 335
363 596
618 103
740 203
452 556
779 642
551 56
291 416
13 223
184 305
613 608
85 629
359 600
190 632
304 658
280 520
464 115
243 554
561 454
756 140
481 662
253 160
190 16
47 202
238 230
507 322
309 63
423 140
134 612
771 438
741 522
85 677
636 672
358 324
597 585
808 206
374 188
709 35
203 755
237 784
456 215
234 237
621 128
376 755
739 274
320 80
267 748
756 375
547 585
698 272
297 105
821 142
637 657
177 839
539 757
223 466
443 800
702 191
55 205
417 265
822 208
344 217
84 571
591 102
283 760
717 51
337 665
193 101
449 713
411 459
597 633
53 167
560 226
701 86
775 246
351 724
453 166
412 8
209 474
110 491
706 826
14 170
91 550
614 539
390 152
470 458
257 522
96 288
219 268
374 121
857 196
845 438
361 728
789 569
330 370
532 163
668 17
676 758
566 417
424 427
40 21
356 296
14 795
56 233
190 429
353 175
624 669
84 456
525 872
153 326
714 156
832 509
172 635
394 209
523 289
635 34
654 118
674 667
40 729
371 573
285 196
747 380
864 830
835 860
302 459
657 143
86 616
123 257
722 516
465 716
276 571
750 57
160 551
196 543
407 38
244 163
233 118
542 569
420 848
28 193
779 685
679 864
428 801
593 622
788 529
465 535
228 686
592 731
364 259
402 242
296 645
404 1
234 417
569 125
737 596
661 643
752 467
106 308
739 698
401 654
355 865
661 54
679 380
784 514
110 313
756 405
429 631
749 135
520 445
259 384
513 48
498 392
858 75
171 725
773 571
850 599
564 638
124 714
489 379
355 70
164 582
819 592
341 695
198 332
268 457
715 780
848 684
643 305
758 814
501 130
512 479
200 547
588 323
732 549
702 559
618 865
268 564
56 80
387 254
411 654
182 597
33 501
408 147
805 638
88 434
767 72
384 95
90 99
761 294
119 62
852 737
54 591
428 454
143 814
707 25
67 360
622 443
860 501
590 264
610 149
169 505
564 552
71 654
123 831
75 241
21 398
105 418
116 5
871 258
818 177
627 357
536 376
799 523
348 860
259 430
481 427
62 172
107 476
297 573
778 371
813 270
240 390
160 356
394 158
85 683
679 183
167 342
30 438
337 378
769 595
807 377
149 340
21 599
287 317
299 192
160 584
462 399
101 621
226 838
250 655
648 400
837 287
742 867
196 550
372 436
616 650
285 764
461 305
835 747
621 605
410 780
316 343
651 760
435 4
725 685
658 845
212 623
603 425
617 798
446 460
361 189
581 117
425 169
421 387
387 514
119 796
765 435
267 543
666 701
547 519
857 676
835 541
426 565
437 514
490 11
101 322
199 153
439 95
321 331
481 179
844 72
103 737
506 713
751 643
13 425
289 342
573 251
354 126
815 790
112 776
272 212
570 815
365 480
37 157
282 862
680 254
61 254
462 38
94 340
680 450
237 441
791 809
691 616
406 106
534 517
353 277
201 394
219 37
1 600
537 283
589 344
8 649
597 813
686 162
280 493
612 860
61 2
268 224
618 674
673 623
318 153
27 862
19 590
26 363
317 563
645 33
34 124
681 631
64 838
264 688
458 3
147 863
349 415
214 438
216 358
532 5
854 558
867 872
619 364
363 63
54 479
439 432
603 591
534 138
556 797
297 486
272 444
476 620
858 161
529 545
518 188
549 499
217 15
843 836
379 333
370 776
283 809
335 357
527 868
495 555
265 263
512 536
706 115
627 163
619 283
707 608
470 728
578 686
214 548
121 64
352 491
840 635
771 646
119 769
114 85
451 378
348 90
41 181
548 667
344 638
421 522
373 18
721 423
175 63
98 640
126 794
258 437
556 156
211 146
52 668
231 847
173 50
408 557
574 428
351 45
193 771
39 38
260 759
460 778
293 29
545 419
294 274
327 321
773 9
467 825
676 169
271 848
218 678
532 791
233 354
308 770
596 690
807 327
576 738
233 869
238 249
759 532
523 213
852 423
222 790
719 369
86 461
345 647
611 348
38 315
174 345
212 769
506 490
568 209
699 800
549 65
520 779
68 170
464 391
65 157
309 255
525 738
716 341
513 798
161 22
240 334
366 796
574 343
413 269
23 584
540 572
120 188
822 187
701 757
49 237
41 357
492 38
567 679
378 551
604 10
572 315
343 409
238 389
751 123
129 773
706 669
816 825
328 766
483 500
650 531
737 163
360 700
200 54
850 49
604 53
59 647
367 745
183 77
605 61
199 734
305 32
2 249
328 673
486 282
300 263
284 508
769 643
335 440
168 656
489 243
708 19
361 547
235 543
623 840
75 821
173 380
324 174
628 123
846 585
404 273
319 159
781 216
274 587
655 441
371 615
156 550
633 516
568 340
531 318
307 605
610 479
456 405
124 211
527 97
795 402
713 242
561 93
801 834
680 55
746 522
670 29
543 774
17 239
241 547
28 547
279 638
497 207
514 620
417 169
188 684
570 29
397 258
121 669
563 272
723 437
265 520
465 808
422 825
518 134
499 545
153 250
654 649
456 296
741 344
808 56
499 849
428 367
579 549
163 269
292 358
705 557
5 642
836 770
594 825
32 221
841 184
814 95
304 397
734 516
212 669
572 711
645 471
549 351
491 712
620 783
197 796
811 545
565 246
787 287
198 290
851 166
817 264
604 248
660 465
236 343
261 807
525 378
405 202
200 368
385 291
278 53
215 560
597 251
805 855
9 474
272 859
639 216
250 715
808 381
307 171
196 40
449 720
417 325
49 88
692 433
379 97
485 65
128 554
315 60
536 324
533 280
654 644
495 32
486 774
756 792
72 79
303 520
271 719
317 319
279 136
224 657
577 180
193 704
733 507
764 741
302 768
492 84
11 114
459 496
360 342
760 431
765 190
423 163
381 739
825 659
2 176
787 50
356 107
754 560
613 117
772 387
356 391
470 367
849 56
862 336
741 221
238 105
411 660
267 791
870 564
49 872
739 835
393 566
413 274
598 497
734 841
11 218
704 480
584 680
535 45
487 748
266 724
852 148
856 591
410 853
282 458
324 492
764 717
530 304
462 599
800 324
567 811
13 398
418 68
549 425
456 163
644 721
359 623
340 342
685 749
322 438
678 646
402 569
834 403
344 423
129 272
746 167
554 230
37 443
297 57
339 753
220 110
73 50
205 757
391 17
633 184
799 783
829 328
823 790
730 295
341 330
38 558
840 591
260 4
505 556
61 844
780 624
425 325
673 629
209 535
118 313
718 388
223 147
715 174
64 44
468 748
717 849
778 684
39 509
160 543
192 220
858 444
315 411
240 459
511 448
121 100
760 838
487 455
456 673
628 864
188 567
739 32
15 116
188 53
624 347
67 288
38 53
203 352
807 442
810 789
361 58
17 592
367 847
174 823
648 273
814 835
839 152
339 325
612 526
377 707
872 444
466 37
840 668
732 246
581 141
162 69
198 522
133 36
497 306
330 616
579 615
578 17
239 388
342 850
41 190
156 384
105 622
764 72
761 623
661 814
763 295
10 432
816 486
812 784
792 613
527 842
356 577
330 594
92 671
43 477
861 198
860 437
291 224
509 180
846 297
121 209
591 474
112 7
88 395
262 351
136 789
320 491
837 649
212 400
792 598
4 252
795 336
688 214
559 668
737 4
437 857
212 499
802 668
505 361
190 767
711 325
155 158
287 119
279 842
862 198
567 866
793 834
329 608
175 359
404 383
362 840
711 46
466 640
713 443
129 374
681 311
171 835
813 457
425 219
427 414
760 121
751 680
82 551
759 600
37 290
110 399
601 292
444 539
60 628
109 532
473 789
842 643
223 782
228 119
472 654
4 359
246 755
510 328
777 397
399 814
158 853
340 231
272 255
769 675
354 349
334 826
609 648
69 831
557 296
421 501
421 424
331 666
650 841
465 555
709 864
496 338
316 307
568 587
33 464
390 730
812 195
155 548
842 223
850 871
862 742
499 410
294 829
204 415
269 140
97 449
475 64
787 790
714 826
505 218
418 366
75 701
560 574
721 530
796 170
528 786
40 498
667 677
798 870
219 539
482 660
115 84
723 373
2 37
327 850
254 216
343 673
44 374
374 236
31 641
406 30
26 789
871 693
593 797
162 811
463 643
598 49
727 793
422 728
829 748
705 554
91 519
698 478
20 199
714 395
840 591
768 337
507 767
157 227
163 319
509 97
89 235
145 287
499 38
142 799
257 318
480 691
308 306
297 328
848 482
194 287
544 89
624 178
327 780
748 833
570 728
57 659
90 546
417 60
55 559
858 312
348 466
130 656
243 770
455 218
379 648
505 394
208 600
43 535
507 790
495 549
646 24
679 207
569 223
267 623
253 596
406 601
533 536
728 775
433 310
465 284
85 441
149 292
168 192
298 146
109 265
694 226
288 500
777 328
723 515
78 103
238 484
175 771
491 30
673 395
339 265
150 767
705 299
531 344
490 300
490 70
564 311
296 851
283 544
306 477
186 728
579 423
683 226
321 301
255 466
167 66
202 317
832 379
87 834
722 576
262 339
117 825
122 412
804 748
427 581
352 612
436 402
507 246
627 827
18 10
764 185
75 438
845 378
816 59
340 137
106 601
820 222
553 413
106 828
288 532
537 639
272 444
168 778
162 795
204 179
276 440
707 350
5 679
199 292
209 538
428 658
610 375
8 291
787 113
590 202
116 598
312 731
514 824
108 675
746 656
853 493
223 160
314 571
838 512
862 519
178 761
304 787
264 655
549 522
239 611
196 355
336 851
213 321
802 665
123 675
448 104
639 670
607 80
712 572
592 701
562 769
589 866
155 324
120 176
318 359
786 513
713 593
491 397
42 421
533 164
567 108
611 334
249 345
413 88
389 476
260 78
716 849
415 871
644 535
174 89
365 431
601 549
151 564
73 536
456 606
700 150
185 782
827 434
255 712
521 115
315 781
536 159
229 423
501 872
429 146
89 793
576 161
469 198
196 13
734 651
618 561
273 275
814 227
708 196
66 700
654 725
80 318
355 308
740 855
652 296
128 212
216 175
716 156
372 40
168 577
690 258
609 90
532 551
661 367
746 198
538 872
50 618
317 404
397 184
730 176
823 329
731 510
847 575
665 347
614 832
395 775
217 132
337 220
682 125
586 27
322 596
26 716
341 342
591 737
869 793
385 819
249 243
800 224
289 592
42 30
552 436
277 240
567 613
460 720
209 517
747 2
240 772
717 52
586 780
261 54
700 645
345 76
359 272
643 648
864 156
149 15
592 425
254 630
509 185
478 717
702 696
719 413
67 35
465 124
286 725
178 113
841 522
533 327
793 303
102 256
459 251
270 522
675 868
623 312
180 572
500 353
395 690
766 806
197 702
57 482
26 234
595 866
227 255
320 148
29 422
747 831
672 145
824 818
484 575
601 135
618 229
488 485
390 725
418 586
26 474
540 51
180 262
44 406
860 363
25 360
784 772
663 55
388 614
1 343
660 601
477 750
301 436
362 691
632 779
748 657
724 415
179 31
148 222
437 135
57 805
839 840
704 629
367 563
714 367
33 846
439 510
723 740
417 212
30 177
462 777
305 657
320 484
688 811
705 596
418 761
528 384
201 704
484 567
738 669
405 771
642 843
752 836
710 296
519 739
472 452
116 249
237 779
732 52
717 36
119 262
269 118
645 813
293 600
507 159
397 383
57 510
353 280
474 535
575 120
745 519
572 860
767 808
238 626
331 83
133 793
344 401
38 461
341 331
188 319
833 56
701 17
566 526
296 167
532 342
630 404
860 673
736 226
80 101
323 754
527 456
674 871
856 712
803 669
514 462
115 474
518 288
834 555
813 601
193 472
414 822
347 402
95 554
627 174
655 422
400 309
5 201
651 332
384 53
128 25
515 587
842 504
2 275
186 286
347 378
229 761
671 575
290 765
601 388
411 383
281 282
163 285
482 286
617 866
338 216
362 324
802 676
