642 3106
512 330
77 33
328 550
123 326
278 208
569 457
556 315
320 89
69 108
158 241
225 277
309 219
297 437
489 222
383 182
453 185
511 529
149 129
368 271
454 3
410 381
391 323
627 68
344 627
108 433
225 332
67 465
483 295
191 329
517 506
511 259
48 311
78 196
439 377
398 183
312 165
495 60
420 411
128 53
395 167
485 551
430 484
373 202
136 564
531 584
427 331
201 474
641 210
601 370
586 356
552 255
520 336
315 229
36 374
281 430
472 56
338 259
539 642
461 606
563 281
548 347
611 38
110 541
247 68
268 122
423 109
377 233
376 623
461 411
286 32
130 115
87 467
305 557
467 55
520 319
335 357
598 235
394 65
66 572
65 265
52 419
306 428
9 39
340 402
382 625
365 511
97 451
268 401
297 24
388 174
342 12
531 297
247 214
294 244
144 358
508 195
66 103
554 7
74 251
408 455
233 130
255 261
512 454
593 166
477 338
271 109
350 91
337 528
305 630
61 380
277 568
574 343
603 417
349 34
25 46
420 189
107 32
449 618
486 331
73 252
27 275
360 308
366 55
125 602
616 185
339 251
42 202
525 2
618 231
35 574
276 386
120 382
418 500
289 193
120 293
376 78
567 26
385 222
80 509
181 53
51 519
235 93
78 117
26 627
279 635
558 554
378 609
225 85
398 445
277 518
27 585
595 594
610 338
105 621
136 286
605 119
94 198
143 104
246 168
88 525
160 4
368 538
612 593
554 300
327 189
175 354
63 127
237 30
396 341
8 464
558 612
582 10
99 14
113 345
181 200
227 273
135 594
100 37
476 11
336 161
131 510
514 193
568 40
222 254
380 161
75 296
131 588
305 229
601 349
505 139
480 89
343 615
615 374
583 448
385 276
540 447
75 411
640 574
382 151
185 120
312 191
415 374
136 9
534 94
289 397
165 126
417 507
98 321
239 38
127 555
245 24
359 319
367 356
183 106
439 367
157 40
558 503
345 625
443 236
77 89
564 241
215 271
105 244
591 275
282 7
187 458
31 546
67 329
191 249
366 561
547 523
532 394
315 234
377 116
402 453
204 255
625 418
525 19
20 406
294 233
412 48
374 247
46 60
370 294
358 288
131 170
178 524
484 343
190 599
102 642
161 357
556 510
171 575
461 576
158 51
346 569
31 77
106 76
69 475
302 426
52 432
527 161
313 368
504 503
325 605
434 417
251 280
216 422
212 35
355 301
17 58
159 621
67 264
55 135
96 288
492 80
77 376
240 321
101 113
357 638
479 63
246 116
279 25
259 245
380 559
261 369
75 240
435 339
226 569
366 513
350 445
521 83
43 199
116 75
244 404
70 80
467 316
127 35
340 385
279 77
233 471
378 239
642 170
509 157
29 165
601 378
609 479
393 583
610 440
16 143
201 85
222 599
332 280
633 30
596 201
38 186
604 415
356 535
517 223
50 545
387 8
280 285
419 604
226 318
401 173
460 602
189 613
490 521
250 413
482 203
545 451
320 506
156 33
331 30
187 380
574 573
319 143
148 27
105 373
344 505
477 161
396 23
131 176
475 312
588 246
514 490
55 123
286 210
88 548
239 274
285 170
137 535
244 284
562 348
588 195
143 354
356 470
376 418
3 141
88 590
386 533
370 440
588 587
581 33
492 177
238 66
278 306
600 522
589 451
159 466
578 301
177 291
129 485
640 63
625 17
11 300
550 312
98 427
256 610
459 37
77 54
102 354
360 633
165 238
374 324
636 309
556 170
531 616
586 528
37 568
545 621
226 384
222 255
168 477
222 558
513 298
543 546
584 192
536 38
362 267
293 355
575 207
456 463
180 400
281 148
257 115
126 482
498 347
26 597
113 180
512 557
409 344
460 350
536 354
320 255
552 612
609 485
176 354
237 288
111 517
367 368
631 425
139 418
61 165
372 106
276 173
20 42
517 412
324 410
55 1
596 606
612 494
448 78
205 43
297 316
559 595
615 480
377 111
255 438
207 559
543 482
89 494
524 605
263 205
304 317
137 189
213 38
40 18
47 177
634 275
492 483
228 396
320 604
438 506
331 3
422 163
484 511
589 297
405 141
433 67
458 569
187 28
539 227
619 585
403 611
150 184
383 377
511 60
270 306
565 533
308 345
53 82
145 573
378 549
72 101
547 529
601 92
488 497
250 396
372 584
296 521
125 36
187 635
27 456
298 592
346 538
226 331
619 302
261 286
208 332
386 45
150 345
136 569
131 317
323 502
258 550
312 382
586 498
306 612
312 535
493 589
430 8
209 338
309 470
624 449
91 299
493 241
1 560
99 132
234 421
565 423
329 235
94 204
90 399
105 333
223 598
212 585
537 420
280 204
247 193
10 338
492 434
510 424
351 608
487 516
319 410
296 579
576 321
140 23
9 244
288 231
131 499
173 26
276 385
229 455
509 170
82 358
535 591
72 175
556 558
48 164
325 275
100 258
527 239
213 535
415 432
123 545
288 228
502 495
544 20
307 410
189 388
126 13
268 197
187 182
44 166
277 369
372 377
558 256
547 128
148 319
559 203
154 136
430 13
631 331
33 227
30 153
547 155
166 172
283 352
285 259
450 562
627 179
296 474
435 200
602 514
451 450
74 536
518 435
548 438
123 512
22 153
23 568
239 120
30 454
403 314
70 210
233 628
389 528
459 113
18 350
626 400
90 58
293 539
492 130
334 547
642 287
631 596
145 159
73 174
544 475
487 545
617 78
462 363
537 279
475 486
560 458
243 581
447 467
477 229
597 168
133 528
387 53
481 531
143 485
62 45
249 480
521 223
489 341
517 316
551 349
159 468
97 334
407 475
158 241
61 44
341 125
571 85
109 409
547 252
183 608
228 432
377 106
586 224
446 461
539 286
99 55
112 195
320 450
602 478
622 20
521 252
145 382
336 185
148 240
436 263
137 21
52 446
59 637
27 436
387 565
80 486
551 123
38 161
572 639
570 483
591 380
93 25
119 360
209 199
532 3
461 600
597 444
403 13
438 429
449 183
283 460
600 124
582 637
284 443
566 143
215 446
522 307
470 641
599 36
197 488
612 589
377 499
390 138
511 117
498 249
231 71
66 188
194 579
183 409
379 38
551 526
483 430
190 242
360 78
209 488
497 179
434 232
609 181
369 409
298 224
16 528
226 13
74 419
524 188
117 192
157 599
75 639
319 197
170 36
274 378
524 129
556 315
360 454
428 18
221 83
173 168
542 399
112 615
107 635
92 224
185 248
112 191
176 430
387 345
398 19
81 279
79 568
525 370
380 310
387 532
324 491
57 224
179 168
128 286
161 152
441 277
331 552
467 507
272 144
141 27
94 153
237 172
79 51
473 390
293 149
279 616
639 267
129 176
434 189
393 526
272 191
92 602
32 491
398 235
634 471
261 85
623 429
188 633
480 18
380 62
166 590
35 94
146 96
201 512
216 593
395 487
73 419
378 37
267 66
271 190
536 464
274 516
182 393
507 593
342 176
12 439
56 621
532 201
6 23
70 221
615 397
639 620
173 306
588 371
371 148
560 264
611 123
138 83
515 576
33 214
109 619
10 96
597 473
229 602
495 230
112 400
626 108
309 88
345 254
390 74
401 307
337 302
361 406
316 233
339 348
378 380
324 319
475 210
82 61
169 576
223 212
265 206
251 573
226 596
184 615
27 517
212 363
108 572
59 423
95 397
128 404
66 384
13 541
525 94
533 52
27 45
263 224
251 446
154 408
399 270
380 425
76 523
77 183
385 135
605 479
464 22
172 529
337 184
359 220
277 182
203 236
226 397
459 408
200 612
173 598
171 485
312 246
365 389
428 107
455 322
517 276
276 47
95 612
230 453
189 507
566 323
32 82
78 490
489 277
391 20
165 562
436 476
97 158
222 457
197 609
136 71
242 411
49 336
313 279
79 501
75 576
114 38
15 191
527 504
399 275
455 563
126 248
397 223
337 550
611 465
516 104
468 48
447 516
315 117
84 393
549 90
259 20
127 273
142 585
66 541
218 520
461 275
57 147
429 326
629 397
148 502
433 615
549 237
421 222
285 504
546 191
594 94
211 10
367 284
595 432
182 102
242 575
376 230
79 95
555 65
491 61
499 213
607 337
449 385
558 91
247 394
214 130
487 356
139 143
639 91
507 179
192 106
111 500
335 121
594 248
118 374
240 616
519 204
310 325
521 158
348 125
483 493
186 259
206 324
402 202
347 266
312 538
303 354
327 569
407 278
174 524
584 345
429 460
481 96
74 359
185 353
415 25
203 600
216 340
281 617
542 627
172 143
455 474
429 139
332 193
349 506
74 222
140 502
613 620
529 44
268 72
329 40
28 531
639 243
161 210
149 634
126 320
134 512
83 562
9 415
44 289
210 117
442 281
550 412
191 437
387 458
440 5
430 467
468 426
642 628
567 148
619 51
400 110
562 414
604 502
118 5
80 259
54 521
540 603
222 20
329 609
477 126
613 264
593 370
622 524
355 478
29 331
528 360
373 380
132 334
171 181
270 251
440 255
61 269
216 283
288 544
181 54
602 83
250 484
453 229
365 165
638 325
496 524
43 158
193 106
491 363
286 50
545 83
305 606
351 452
246 570
285 358
624 244
440 231
17 250
391 381
347 386
64 132
199 106
289 323
211 69
44 496
118 588
511 354
483 151
95 18
79 312
375 60
555 173
222 572
354 612
242 58
287 305
121 418
342 409
98 484
477 73
270 527
593 138
170 433
220 265
451 298
508 183
289 420
287 510
281 641
411 455
630 56
117 41
473 391
449 502
232 216
575 433
100 525
502 201
315 80
397 55
377 262
238 24
614 524
465 252
454 234
64 374
221 113
414 625
435 152
484 598
367 348
389 466
230 248
599 477
259 353
531 568
615 58
523 586
514 345
127 257
510 123
630 88
167 333
2 601
485 418
556 209
123 234
607 353
414 563
119 30
273 7
597 177
65 477
120 510
180 247
124 621
301 44
67 467
376 642
425 150
417 270
359 540
504 255
250 275
175 300
304 379
306 191
556 302
25 607
169 136
143 225
115 443
268 113
267 575
112 623
83 529
183 441
426 618
627 607
250 91
264 485
469 501
607 314
93 632
279 193
57 353
417 171
154 616
283 352
549 327
265 631
213 379
361 570
354 345
534 535
435 87
377 193
519 274
439 611
263 7
162 319
359 510
422 444
484 636
154 390
320 350
378 532
86 28
459 439
372 282
331 96
300 639
220 177
270 16
145 464
22 238
73 313
106 494
114 589
419 199
336 97
480 3
560 565
30 309
293 333
590 623
360 180
552 579
356 111
595 500
575 548
96 579
150 133
362 264
79 138
394 346
166 232
348 84
154 309
392 447
641 271
359 358
450 200
226 163
311 110
595 175
16 622
111 165
112 404
360 122
541 112
467 65
343 172
80 428
412 471
164 410
31 455
57 481
12 282
575 254
392 459
360 339
370 402
435 413
163 153
534 62
196 358
58 538
461 137
323 230
539 419
571 569
231 627
339 174
199 204
428 522
20 77
218 390
479 584
92 641
94 626
634 289
341 623
116 92
49 371
321 587
147 250
446 309
166 142
482 296
345 199
175 297
276 324
618 112
266 67
110 359
50 34
580 323
14 627
346 63
355 24
581 433
205 384
99 303
458 581
598 92
137 131
388 412
454 295
455 9
362 497
300 343
530 237
597 543
221 300
537 508
256 476
298 460
149 329
52 606
267 8
630 335
138 307
37 523
602 491
532 321
345 121
595 232
357 550
65 509
139 533
306 394
298 536
144 447
222 195
342 488
134 261
112 271
568 148
84 527
639 547
137 273
25 21
437 313
502 433
111 641
323 417
324 621
310 399
357 531
594 630
308 17
249 419
288 174
567 303
632 495
139 126
125 163
146 493
407 6
283 517
578 606
223 259
516 532
590 230
352 473
149 17
489 397
368 134
502 224
368 491
8 506
548 64
600 626
557 364
563 197
171 498
160 393
46 607
283 635
126 566
465 275
515 312
603 240
377 463
395 35
243 402
472 149
465 430
64 379
83 626
576 253
413 25
578 458
632 218
383 115
73 137
321 587
380 282
116 47
102 510
81 344
269 552
424 24
271 487
402 286
402 267
470 172
292 405
562 213
554 302
259 627
370 580
503 108
219 619
154 252
418 166
527 45
7 309
68 210
85 401
495 487
26 254
16 249
17 577
461 570
168 77
486 538
14 347
577 232
323 88
483 98
185 300
74 191
608 73
332 624
406 116
468 431
370 416
37 386
350 429
245 450
505 89
345 451
435 211
614 47
298 387
76 414
44 82
536 583
86 226
564 491
341 390
211 68
95 179
385 376
607 630
183 402
76 459
142 442
27 113
488 256
431 495
27 474
576 563
414 594
146 268
442 418
589 11
486 41
121 228
416 86
215 599
419 222
347 560
21 374
604 440
629 393
225 588
156 90
508 502
41 585
127 483
360 73
425 135
45 545
295 460
562 441
348 338
21 53
187 615
426 81
345 344
473 501
289 560
590 154
419 631
28 477
403 320
549 117
454 593
19 38
343 513
479 48
208 431
100 327
335 457
407 611
159 169
469 447
86 349
533 437
337 560
271 29
169 110
145 555
634 95
592 334
607 428
382 105
148 413
431 483
228 127
451 386
295 210
122 312
558 12
106 184
504 377
212 30
486 288
584 477
382 466
169 279
251 482
383 331
184 103
171 411
229 553
86 455
52 208
124 609
151 162
150 586
538 293
548 313
512 421
147 252
244 247
462 427
18 202
115 202
236 217
612 396
127 630
208 179
127 263
77 209
356 159
153 251
383 632
563 253
410 642
436 586
178 255
370 196
456 416
397 623
632 298
376 48
285 515
226 343
135 235
552 423
393 636
31 65
625 526
317 324
457 110
267 634
296 636
187 41
409 515
21 330
171 396
378 387
268 535
20 335
127 571
115 451
496 77
516 478
602 122
91 348
232 358
340 459
283 458
500 624
331 520
311 433
274 46
109 473
581 60
165 639
562 211
448 415
288 253
182 179
374 273
527 537
630 156
354 270
545 211
183 233
88 494
597 293
539 638
124 409
55 220
406 617
431 211
321 8
395 503
118 126
133 576
21 52
89 374
253 634
584 436
156 603
287 43
254 115
612 309
524 598
528 287
504 248
429 183
187 181
43 305
306 107
238 258
158 259
631 410
250 504
203 337
465 489
311 76
604 280
316 417
236 201
61 97
381 421
211 567
533 253
161 196
359 399
454 448
15 374
216 196
236 350
464 58
129 133
65 22
412 380
438 579
512 430
608 250
208 176
107 98
429 267
225 77
597 610
457 611
342 30
96 509
311 560
566 439
50 562
460 393
299 187
330 100
616 295
282 113
402 320
210 120
586 367
197 473
334 585
373 607
614 469
405 214
386 260
11 367
179 402
117 409
589 378
509 562
604 80
33 364
399 174
483 274
540 611
104 164
553 477
60 456
235 465
28 552
14 612
276 193
371 324
533 317
634 331
237 595
410 201
248 166
374 89
372 204
631 475
299 542
241 358
287 475
112 246
384 126
215 591
250 586
273 140
260 264
403 428
148 170
628 396
268 292
416 639
495 404
471 83
235 70
440 522
476 484
125 218
541 272
166 148
215 370
219 406
565 621
124 71
81 41
398 348
332 171
276 116
574 36
198 167
37 570
620 513
343 102
20 241
373 185
320 519
487 470
215 409
449 338
411 461
378 166
98 642
268 373
47 132
340 245
298 377
104 207
179 446
240 198
44 545
382 295
421 158
122 567
567 502
262 335
320 572
433 417
503 58
79 549
189 419
83 418
85 186
556 263
563 154
460 606
56 131
190 408
289 312
333 213
171 526
479 423
387 201
197 179
191 208
18 311
558 100
87 642
218 642
262 138
85 11
34 140
141 223
480 429
466 102
573 637
559 410
417 304
542 545
414 90
42 431
401 599
531 419
530 38
350 149
107 435
159 72
506 232
295 275
18 118
376 591
44 293
290 392
528 121
295 299
211 336
88 611
225 550
387 112
587 26
193 625
460 283
55 256
514 281
530 464
330 264
344 374
488 633
123 373
111 349
29 253
617 116
221 199
23 539
310 541
497 502
456 246
75 510
501 588
148 389
409 584
110 72
429 32
127 159
75 475
119 327
381 235
480 579
189 308
179 20
162 612
475 408
44 342
198 632
421 518
330 119
459 440
191 177
471 317
267 477
81 386
162 462
620 573
330 98
238 508
117 332
410 591
97 453
222 226
374 574
102 62
51 560
433 241
95 193
489 293
28 569
36 121
388 13
51 8
111 220
515 159
551 282
108 579
25 329
163 330
261 264
391 243
113 483
207 306
261 500
265 187
467 385
507 480
367 514
522 586
318 38
495 532
77 431
556 406
525 175
598 146
566 198
259 610
612 397
205 230
186 469
348 11
143 144
422 509
589 301
453 265
270 237
154 347
599 641
42 482
173 571
627 28
58 175
570 601
572 132
120 47
601 399
57 101
543 478
610 489
68 352
111 270
588 196
548 544
126 521
315 231
449 300
190 438
406 117
396 335
249 515
382 207
203 370
239 103
138 592
137 489
634 338
366 120
243 200
177 121
514 407
501 103
597 296
509 71
49 133
319 495
446 457
56 174
54 90
243 191
613 379
612 605
75 267
14 249
466 190
370 270
529 228
304 483
456 170
485 436
235 94
289 38
550 276
143 535
297 385
84 268
54 627
162 60
251 175
308 7
296 609
208 182
127 511
596 582
613 439
375 205
532 595
174 439
160 249
332 457
565 347
82 618
263 243
609 445
349 207
451 2
173 16
116 299
459 69
170 429
507 545
565 328
429 28
57 589
276 388
335 199
24 416
106 218
590 73
20 228
279 471
229 383
418 276
614 234
345 141
594 141
617 448
469 336
476 525
282 109
202 548
307 225
253 345
442 200
417 461
427 627
221 587
367 571
221 338
94 497
411 46
637 317
493 463
10 326
345 223
367 546
128 605
60 380
307 433
511 13
184 227
639 336
104 296
264 256
633 358
110 333
335 104
8 185
567 17
443 201
240 99
37 299
61 28
37 300
393 479
312 576
64 309
201 167
604 465
422 526
112 531
149 446
566 156
562 422
104 294
555 343
392 591
574 385
550 610
42 300
446 353
165 441
593 366
539 486
120 318
370 231
138 518
34 636
605 527
415 66
179 327
341 570
207 272
312 115
171 285
414 548
638 579
347 520
234 243
364 353
493 23
583 562
472 548
555 434
432 328
431 610
586 61
470 151
332 71
197 434
356 610
340 283
478 618
160 69
150 455
421 574
477 361
494 238
198 406
603 630
23 392
597 609
452 356
49 74
427 245
439 140
144 68
354 622
43 445
622 125
258 401
56 24
51 549
194 249
245 154
236 267
477 122
165 219
478 145
292 194
389 20
265 533
88 618
444 62
352 423
186 541
181 174
565 164
12 48
412 256
201 579
455 36
632 551
254 399
54 477
524 442
496 146
264 515
53 65
577 405
420 52
303 532
225 157
53 237
204 396
424 337
264 236
372 186
145 557
584 198
391 466
571 176
543 125
49 596
189 557
290 540
608 524
430 191
613 482
359 106
168 140
442 431
376 103
616 452
17 490
7 339
313 509
447 213
633 495
98 112
409 387
9 306
201 370
496 171
210 212
276 377
352 8
97 17
110 71
468 59
560 406
329 162
272 133
306 195
559 404
238 257
80 246
563 212
616 416
382 115
560 590
423 269
597 519
217 638
589 42
628 438
447 315
599 8
447 195
134 364
530 371
620 541
549 540
111 454
246 492
568 163
371 348
363 257
156 579
253 35
620 238
472 356
484 361
295 289
487 429
584 374
157 493
272 63
323 382
516 568
164 373
20 466
10 382
81 166
318 265
132 227
434 535
514 276
185 166
496 29
526 437
402 615
219 32
609 541
345 415
398 440
145 417
264 87
156 344
184 405
608 315
563 399
207 434
32 392
532 527
352 347
253 112
319 472
75 286
302 351
58 149
134 474
412 220
562 113
403 324
10 7
177 408
214 542
372 537
363 188
246 68
373 289
318 134
363 603
435 72
592 492
152 16
256 563
235 175
607 570
430 548
576 606
313 79
438 616
547 158
94 83
225 466
371 475
599 24
435 391
27 317
173 178
332 428
30 498
602 636
357 321
541 223
285 143
233 12
49 138
169 74
152 326
539 454
158 427
477 524
175 435
130 279
544 393
64 573
181 597
498 537
276 328
49 492
403 282
503 451
351 603
524 502
286 352
313 443
136 80
257 242
514 386
521 416
137 516
278 317
471 134
143 36
461 192
459 153
473 319
603 113
279 416
614 497
57 216
229 124
227 485
366 99
161 176
446 229
49 81
545 451
146 619
418 539
168 234
49 572
484 584
42 121
289 587
617 346
161 203
469 319
620 124
417 138
231 152
366 212
165 200
20 242
108 370
138 276
603 187
137 445
60 111
497 348
55 403
625 147
537 384
466 514
439 172
583 28
256 238
239 352
369 190
593 477
559 89
42 452
207 110
186 198
220 40
545 207
374 460
353 268
133 108
72 571
212 586
598 467
182 126
176 482
316 126
316 164
146 289
547 284
399 90
481 550
129 384
114 502
133 399
60 265
506 131
193 75
74 81
541 187
206 6
27 453
132 274
549 209
495 453
493 183
543 331
90 603
4 204
395 136
602 386
400 397
516 525
472 521
537 302
640 100
308 598
485 371
161 323
579 13
133 429
127 607
118 217
500 53
352 184
189 243
569 520
639 374
334 400
184 228
60 113
260 299
68 34
601 229
356 469
173 420
256 300
317 305
448 174
357 157
289 477
399 147
355 327
520 620
85 635
206 76
106 465
306 173
498 264
333 211
90 438
562 277
95 236
513 474
341 160
630 629
636 318
133 280
2 584
258 86
577 463
161 40
217 398
144 72
19 477
214 41
204 133
249 298
301 120
129 641
279 48
560 204
365 50
416 366
566 31
384 500
425 544
471 641
232 614
2 250
380 147
222 583
279 471
170 579
522 230
510 90
277 427
225 573
408 640
297 331
28 38
120 384
513 522
314 102
426 315
284 163
461 437
36 30
197 137
540 76
367 407
97 575
191 322
506 531
319 92
151 279
61 271
20 505
150 266
539 507
580 112
28 331
548 637
292 103
131 189
110 497
528 139
362 76
460 157
538 136
180 47
346 240
249 298
34 330
563 504
195 432
615 222
52 453
216 343
487 278
532 596
133 417
92 426
424 483
582 320
551 119
298 254
290 546
551 323
233 403
185 427
193 157
580 244
541 153
519 385
363 408
271 495
114 294
210 469
135 149
146 43
267 375
228 556
278 69
168 511
471 352
295 595
441 233
129 339
317 5
82 37
344 284
463 457
577 30
283 69
110 361
43 376
93 271
221 303
339 389
171 99
30 397
626 402
561 112
31 168
116 112
136 459
327 599
205 261
560 487
330 28
137 372
335 230
574 488
532 202
234 634
301 195
320 284
597 239
327 627
406 442
28 541
190 354
429 394
614 279
170 233
238 307
537 572
468 349
289 28
582 212
328 67
531 543
595 127
227 579
464 600
538 363
147 181
149 472
84 359
573 317
596 237
211 526
636 36
232 214
637 104
425 254
102 314
154 54
372 312
564 194
201 391
556 279
571 636
108 12
353 39
260 306
207 470
121 201
438 285
346 432
320 129
44 421
374 129
406 103
373 327
296 573
7 141
210 577
135 249
520 419
287 138
14 426
539 135
558 334
351 261
56 28
389 31
380 120
91 143
223 463
401 450
394 407
591 535
273 15
141 150
433 360
219 446
143 116
512 58
381 220
318 436
179 639
398 558
48 489
632 202
241 322
10 566
18 532
458 222
546 599
372 268
316 590
3 390
637 515
447 376
24 54
101 135
624 499
624 30
277 546
231 449
225 172
373 175
61 120
396 538
8 57
163 255
579 166
2 573
612 380
306 567
434 339
59 347
127 615
376 335
518 607
141 32
136 445
138 129
565 534
24 504
522 187
117 390
284 118
321 185
498 558
41 221
254 32
567 380
4 233
4 521
197 145
552 264
521 48
324 443
513 348
305 324
466 353
72 107
470 392
223 257
239 263
409 425
294 266
94 297
498 98
107 626
242 591
179 120
638 503
495 440
140 89
121 605
441 192
69 200
515 291
389 44
485 87
468 69
284 561
365 139
16 404
54 257
352 165
309 347
599 93
76 96
181 128
58 553
320 58
42 124
280 362
167 122
449 634
190 90
485 487
161 500
248 146
47 599
242 287
235 198
379 310
293 491
437 282
401 46
339 374
102 618
94 200
30 542
124 219
563 608
637 81
465 242
159 511
130 400
155 364
598 465
605 180
313 332
462 3
309 90
377 342
66 402
542 95
301 23
245 153
630 240
234 452
413 324
253 543
81 339
196 610
162 91
148 474
422 541
409 20
630 143
362 627
544 261
11 134
283 188
286 202
359 451
585 129
132 127
603 145
466 157
112 627
247 191
390 600
21 156
551 583
230 270
499 63
462 510
128 34
629 414
235 345
154 178
405 218
236 366
294 59
522 405
617 58
528 297
589 548
384 497
488 546
125 345
608 518
144 94
552 62
439 144
406 524
253 168
99 489
465 392
479 344
87 454
333 614
40 279
451 423
66 229
326 122
505 224
639 580
317 548
641 45
624 336
568 166
503 25
586 326
348 423
601 434
166 224
337 205
434 146
627 499
306 243
620 168
466 617
37 140
454 35
184 435
370 41
601 162
65 544
419 413
256 378
136 421
533 473
625 324
550 542
113 145
142 22
244 607
570 280
104 382
314 219
174 615
259 64
134 256
540 553
600 153
220 93
574 42
497 556
297 336
455 409
480 596
431 13
492 358
292 595
97 537
103 203
509 294
198 575
481 95
417 438
248 568
462 111
609 249
24 263
584 411
30 354
296 392
298 146
39 590
30 136
484 65
270 283
290 467
147 128
494 563
565 31
488 316
141 386
564 164
6 438
506 609
81 92
290 378
237 329
257 198
396 99
262 23
313 551
421 459
610 204
311 464
234 88
138 374
473 59
470 410
428 333
309 508
356 598
176 592
284 432
80 37
462 273
633 132
114 344
522 81
547 190
545 139
277 40
444 39
30 271
449 390
536 115
255 249
2 362
131 286
152 210
254 613
414 177
35 527
452 488
608 356
36 442
426 244
413 160
215 374
430 595
121 323
67 308
504 642
27 634
285 178
133 471
81 546
579 115
431 388
602 328
33 569
59 391
103 471
550 317
202 337
201 323
592 267
630 453
198 588
376 415
124 508
243 136
411 179
250 131
498 141
458 530
642 448
278 34
276 117
350 410
454 482
90 335
106 9
77 235
596 452
7 9
317 249
144 17
359 325
148 214
466 537
34 397
343 243
430 550
360 69
317 103
550 338
437 587
278 445
179 232
254 186
172 502
366 316
518 83
572 597
228 327
424 193
81 56
436 510
537 153
510 212
187 417
481 623
361 117
425 472
280 610
15 451
469 380
56 276
394 628
163 554
244 518
104 325
573 471
124 399
623 634
610 167
340 449
79 59
497 435
462 134
402 476
516 160
145 504
368 471
421 462
314 22
337 417
346 199
178 402
597 158
393 497
257 90
235 267
80 89
634 473
222 393
306 27
485 383
530 142
143 308
603 456
330 297
162 607
427 339
366 381
429 48
235 617
70 469
241 81
557 232
554 68
557 149
27 331
463 556
472 605
154 432
350 415
18 512
311 444
140 609
114 500
588 349
474 15
107 5
28 596
236 581
595 82
19 621
344 482
467 173
376 552
536 84
324 553
527 566
286 24
532 400
456 478
38 287
424 144
291 451
97 459
321 624
472 272
602 174
111 358
346 486
267 172
501 522
14 385
446 300
341 267
57 154
102 94
372 458
169 21
198 411
519 179
240 80
70 413
190 428
49 607
626 152
398 506
165 72
309 464
344 507
452 429
609 477
159 356
578 111
553 133
453 361
311 50
440 312
395 561
97 375
458 81
526 213
586 622
284 184
444 560
48 185
346 588
594 504
301 529
546 144
19 356
504 261
338 302
572 90
152 601
