659 4747
137 320
76 551
284 440
476 442
247 490
572 302
589 520
424 248
567 162
367 454
368 210
116 349
639 185
277 582
236 306
137 25
277 523
227 561
304 354
343 550
495 566
503 76
427 267
634 334
428 342
128 448
551 243
137 182
80 65
105 315
22 552
650 299
415 217
200 370
570 194
571 57
411 414
133 178
332 107
512 101
448 639
200 651
534 647
173 613
52 588
579 74
480 570
372 547
438 223
257 1
68 480
57 478
234 189
308 566
296 160
318 395
139 517
386 324
504 211
277 207
139 197
591 619
107 614
506 196
488 414
196 207
234 253
337 120
441 644
337 388
144 306
124 593
163 161
258 318
371 186
176 510
382 108
121 140
373 278
336 202
32 531
60 577
124 396
37 217
380 25
604 175
330 379
420 144
540 329
113 251
514 288
412 237
47 532
28 420
150 363
273 493
546 332
410 321
69 98
537 100
122 134
586 451
512 346
594 44
15 47
295 528
645 358
416 33
231 96
104 32
110 28
524 655
359 585
628 79
23 505
179 455
290 416
557 454
102 143
497 427
500 443
606 486
142 363
170 24
458 584
55 219
611 231
215 310
467 494
41 142
650 530
596 281
286 146
75 387
288 223
465 129
318 411
266 459
114 87
134 223
11 499
94 621
381 619
582 189
453 622
330 443
492 266
64 429
411 449
156 351
324 272
131 641
24 396
92 448
482 225
12 144
64 105
416 445
375 338
633 168
612 614
610 96
531 326
525 594
426 332
285 90
604 415
382 627
462 473
415 595
38 78
79 413
493 494
509 208
483 134
375 87
88 637
183 270
303 359
204 69
31 488
470 286
554 192
253 356
317 320
291 6
49 21
70 542
166 578
401 649
363 117
76 450
94 569
372 48
268 575
427 610
56 237
236 261
81 141
617 49
112 559
54 160
232 124
42 397
353 443
38 57
211 425
158 615
334 529
3 254
445 81
515 152
629 91
412 50
542 21
98 653
580 462
154 463
237 506
200 590
600 549
646 151
314 144
417 299
14 71
552 110
152 407
261 121
150 13
170 343
34 578
337 265
32 142
379 269
299 230
199 240
119 496
42 432
639 459
72 304
529 275
65 21
23 636
141 483
649 621
166 334
191 154
250 223
606 628
143 246
198 341
137 317
177 178
89 467
288 471
423 158
87 487
489 420
464 282
554 105
243 371
90 86
525 339
619 123
307 102
20 504
94 156
472 581
645 561
40 273
24 462
82 110
601 571
181 57
193 75
472 87
446 561
483 622
240 442
85 546
195 416
42 599
571 514
172 208
67 212
481 90
325 562
511 577
125 32
633 317
107 97
56 552
657 538
514 548
632 250
86 167
6 128
418 229
293 589
436 359
141 568
100 118
123 262
35 247
294 320
216 52
416 271
255 66
460 420
613 432
10 40
599 327
167 9
555 111
597 642
469 390
203 220
507 325
134 541
223 79
512 90
130 269
12 384
334 472
144 287
244 464
326 494
131 144
502 26
254 440
320 374
481 522
246 328
498 379
520 372
457 373
462 238
293 473
621 626
285 416
564 181
531 542
15 3
337 169
339 591
260 658
616 81
172 202
408 10
232 579
382 340
603 495
577 236
308 190
513 245
605 70
425 477
611 91
131 599
259 469
182 518
468 139
598 291
651 657
301 535
577 334
215 520
169 133
408 128
322 261
372 579
330 137
48 592
228 178
532 138
646 54
656 106
503 246
397 147
244 349
22 472
23 236
643 502
368 391
629 31
652 342
261 633
130 308
566 9
485 90
147 123
454 229
298 40
277 96
283 277
117 95
610 352
79 452
372 121
73 54
113 414
314 398
196 621
615 515
98 45
2 220
150 107
100 99
147 376
194 429
304 310
176 254
314 565
46 26
26 119
79 450
184 392
188 31
5 143
546 102
498 199
321 647
306 421
87 452
448 280
532 93
242 359
346 555
264 44
580 601
473 310
391 308
42 230
339 357
372 225
458 521
423 119
508 380
191 246
172 639
178 356
72 71
55 69
625 630
112 197
223 236
506 265
544 199
494 223
555 517
99 5
378 173
123 537
553 625
435 376
604 612
72 327
23 438
47 299
408 159
495 282
46 652
546 589
502 380
463 49
548 561
53 266
386 486
454 279
451 229
654 395
492 378
373 514
467 420
464 526
230 299
148 275
602 34
516 444
413 319
492 301
221 544
218 606
371 323
536 473
552 182
520 384
211 233
550 18
304 354
543 533
305 31
460 247
64 316
343 128
634 486
80 506
371 608
104 393
272 639
517 164
473 377
199 24
262 89
42 565
443 584
91 399
615 550
297 19
517 639
458 143
466 537
649 488
486 404
532 98
384 389
572 197
107 111
220 368
200 261
584 294
186 15
33 452
216 329
122 384
620 579
527 426
457 168
565 594
571 437
343 606
166 255
454 583
365 15
602 216
586 527
161 423
541 504
215 409
485 648
133 445
567 311
522 16
478 427
609 390
204 292
647 21
546 442
604 563
456 546
119 34
413 280
109 606
435 634
7 260
622 139
45 530
102 566
545 579
333 147
620 188
438 608
209 636
390 153
191 497
350 620
182 104
551 290
361 327
265 367
586 538
157 631
408 258
189 605
489 522
92 449
361 181
49 569
468 90
373 658
586 64
619 420
167 510
50 179
177 625
197 104
504 353
386 563
263 574
160 403
88 562
192 449
395 552
10 203
641 383
513 220
446 124
639 264
285 29
442 462
306 290
217 461
642 254
16 556
479 487
299 567
389 143
8 124
35 17
638 327
399 143
546 496
266 525
100 550
206 193
4 511
482 531
623 117
125 638
13 256
465 623
163 506
417 481
281 103
149 259
429 200
401 627
36 318
492 136
209 38
639 212
200 462
395 474
578 519
453 242
115 569
205 588
415 273
61 37
375 210
606 456
409 659
423 96
317 255
542 177
604 522
389 455
324 435
270 242
294 374
135 61
283 340
300 350
264 13
38 639
222 643
435 282
294 198
29 263
104 571
439 359
433 479
155 408
254 76
301 200
449 435
260 383
426 211
73 31
223 110
321 96
405 96
29 350
604 58
612 359
280 392
59 53
211 524
112 465
599 412
5 40
498 575
422 265
437 147
606 1
567 267
407 623
14 436
314 269
145 266
627 424
309 26
128 520
201 239
636 140
650 292
490 140
207 253
404 643
399 350
295 617
268 43
581 281
130 235
549 274
152 169
38 461
194 165
321 395
403 608
186 45
240 17
184 98
580 240
392 630
241 28
587 509
381 508
441 510
394 642
124 546
151 472
347 655
288 319
42 31
267 228
386 506
555 221
255 475
112 646
445 353
14 24
513 46
532 605
555 266
587 330
463 389
453 150
385 81
468 426
422 75
305 148
232 200
21 486
326 132
473 422
136 138
446 300
184 629
246 390
546 484
61 350
214 513
499 250
246 619
327 8
34 632
467 577
483 487
403 461
270 527
534 406
6 320
46 189
600 602
578 139
427 290
488 292
455 638
541 41
597 208
359 283
491 166
200 626
652 254
79 574
122 612
320 127
584 17
626 524
619 196
3 386
486 142
329 592
121 210
632 369
69 331
651 212
149 502
489 141
97 567
55 218
171 26
344 95
43 621
271 313
157 584
350 642
67 19
574 498
539 198
518 259
181 510
470 329
352 610
121 448
169 487
317 340
164 312
86 206
273 8
170 430
592 519
64 310
189 638
148 68
487 317
327 8
167 448
647 171
51 109
270 219
247 587
210 410
239 607
268 164
614 437
593 546
608 656
507 137
286 306
516 114
623 183
432 130
282 72
611 332
491 222
203 78
460 412
139 350
359 406
513 314
495 446
511 443
95 359
231 32
5 87
456 627
580 229
409 514
611 360
186 442
233 388
171 33
452 309
35 151
367 547
116 202
645 627
296 391
637 178
422 641
576 219
261 148
99 10
2 50
21 499
491 565
538 313
249 330
273 283
133 639
171 248
492 467
526 439
198 503
617 619
137 185
178 49
332 276
369 645
636 41
484 467
605 362
431 195
344 45
477 476
24 299
375 168
106 242
606 614
396 215
574 184
51 403
543 383
331 252
20 307
293 503
426 549
516 197
84 200
241 213
327 576
511 43
395 269
595 341
223 642
208 448
478 258
503 361
292 174
613 311
132 557
465 557
446 322
406 182
173 298
394 500
214 245
194 260
165 129
601 40
422 460
139 240
369 641
601 313
466 206
623 598
103 81
147 200
54 552
381 226
191 426
377 56
323 222
316 487
350 568
178 113
368 317
4 388
609 604
41 68
150 316
317 563
396 463
415 449
8 447
326 198
214 355
253 536
576 568
15 578
128 193
342 495
161 345
535 421
290 575
140 91
231 456
306 278
571 372
378 578
159 45
427 24
399 20
559 315
240 226
544 367
70 226
514 230
571 389
302 512
615 442
602 498
549 559
116 460
271 494
30 82
190 456
416 240
128 627
206 367
193 91
385 262
316 550
143 227
279 444
79 546
226 333
384 427
232 151
227 155
296 568
547 137
364 303
376 491
270 234
509 114
324 235
375 291
125 517
518 56
613 248
601 490
580 636
257 464
438 136
270 75
44 468
522 407
422 239
239 33
472 399
457 447
633 173
78 99
341 595
465 605
495 58
436 67
34 33
182 471
168 451
197 522
570 60
270 333
609 160
365 73
558 473
519 184
645 596
282 638
184 398
583 19
455 11
396 488
44 578
610 522
369 459
37 280
170 306
264 119
117 280
191 15
93 50
198 79
297 131
368 480
528 602
150 323
613 546
462 308
464 65
481 484
523 517
415 33
163 19
462 590
298 652
257 391
353 106
121 301
237 488
433 416
82 582
391 35
120 504
342 235
568 164
371 83
21 126
426 495
456 539
77 405
183 333
447 187
439 567
488 327
47 261
83 129
494 125
474 266
281 157
500 189
631 211
583 651
648 1
138 96
540 215
152 374
547 599
561 637
506 389
304 205
301 39
644 135
163 458
400 443
266 552
284 237
414 518
229 54
170 18
149 361
543 301
76 83
240 636
60 397
17 364
253 317
54 548
103 216
347 503
311 264
47 246
501 460
415 381
514 584
398 3
286 593
614 13
16 505
648 386
554 316
401 147
284 454
347 386
322 34
540 284
608 586
529 449
387 284
170 552
208 220
554 145
153 161
157 168
6 456
553 211
423 295
358 47
400 356
85 62
41 624
345 648
203 214
438 241
149 607
133 9
167 338
464 630
498 621
138 156
69 343
366 492
289 375
538 29
71 622
402 111
239 87
100 93
612 189
333 412
136 465
72 614
454 536
584 604
497 374
411 217
368 117
49 656
144 239
336 525
201 389
288 91
128 39
183 80
227 515
143 14
631 215
627 78
91 204
22 239
577 432
455 285
200 156
592 654
394 579
520 594
620 148
337 88
497 519
478 64
27 620
77 309
175 356
386 576
559 59
466 128
490 262
64 342
417 307
336 151
537 196
396 497
654 73
584 491
244 402
206 581
15 594
230 500
290 268
417 189
326 223
627 157
136 31
498 204
337 485
6 214
22 402
52 327
126 287
470 21
30 16
601 44
609 172
195 550
439 611
79 416
486 46
572 273
387 62
477 64
547 482
278 220
535 640
198 313
267 8
333 607
335 586
302 595
409 497
486 499
100 216
255 585
573 479
199 300
540 327
364 79
460 293
609 647
584 148
611 191
466 595
450 141
521 92
77 270
588 214
109 29
429 364
265 342
183 115
642 374
441 657
105 553
601 54
540 525
512 491
367 319
426 157
459 599
249 187
209 488
400 629
516 170
644 433
163 478
547 145
192 640
453 296
533 394
2 65
570 513
207 278
172 284
434 283
223 334
469 84
163 521
53 330
31 348
103 193
166 650
649 9
282 94
616 155
140 617
530 50
122 77
327 294
360 102
228 583
435 37
318 249
557 22
579 239
369 22
84 534
323 384
542 256
129 150
410 268
107 591
318 229
8 644
174 20
397 401
254 173
89 571
73 298
592 651
188 301
325 271
486 299
306 20
555 435
170 616
43 587
548 360
467 555
656 640
226 393
33 479
217 122
390 290
71 633
281 258
274 257
181 411
556 138
431 451
572 252
59 267
179 606
278 646
154 274
278 379
8 311
199 535
84 240
165 465
214 98
63 487
354 243
550 561
33 632
4 604
224 63
522 402
9 141
40 473
414 318
193 73
280 391
260 15
630 76
479 184
173 541
323 179
436 524
391 468
496 395
64 60
457 586
113 117
378 464
590 443
433 123
168 364
165 427
378 446
502 197
282 16
389 256
505 476
120 236
595 267
630 311
637 79
237 401
507 614
205 437
49 637
211 216
341 27
642 370
124 485
566 57
152 607
312 308
75 83
543 11
1 166
321 637
555 209
379 402
474 583
490 522
213 41
79 205
378 61
575 502
197 133
210 659
391 522
307 466
256 191
128 257
8 100
545 562
308 264
305 433
499 135
606 363
487 25
219 516
397 445
10 245
230 220
245 620
393 551
78 648
393 516
556 400
615 94
303 574
357 607
347 507
393 294
210 531
629 81
388 18
525 397
263 95
616 159
367 349
50 444
649 443
301 197
494 567
290 137
482 299
395 480
146 129
425 8
311 395
88 39
64 612
436 637
359 44
136 66
45 497
161 345
591 113
541 425
21 483
562 502
122 608
322 578
388 399
585 40
134 324
78 508
277 165
486 287
209 621
352 564
458 512
249 41
625 441
466 645
264 368
139 37
627 112
615 356
510 192
395 295
516 472
144 444
289 629
71 149
242 74
53 352
585 301
392 202
82 198
187 657
217 636
34 496
89 648
192 250
492 586
545 348
50 340
443 338
620 165
486 202
238 190
205 163
490 597
17 224
446 514
221 315
491 254
151 231
554 653
480 386
579 17
385 628
356 479
618 316
643 444
170 221
286 374
35 116
622 51
650 61
217 211
27 48
117 488
589 322
481 61
359 400
78 395
20 85
214 637
53 508
74 222
69 359
247 414
126 521
117 581
333 638
259 32
406 87
620 68
567 21
78 618
409 472
289 494
337 267
198 185
651 71
564 2
317 630
127 489
398 554
62 71
533 320
413 590
58 373
658 276
45 387
234 454
511 523
288 188
441 137
25 432
207 240
433 175
210 211
5 607
106 66
329 290
38 82
220 95
106 529
371 151
568 604
604 419
119 543
258 559
20 282
642 226
522 67
400 383
589 56
331 346
122 311
287 470
45 506
564 150
28 275
300 247
531 555
6 301
90 263
201 109
545 494
645 59
213 38
441 142
93 423
487 525
75 114
335 119
271 240
268 609
166 220
196 348
426 201
649 516
116 501
276 312
335 262
370 547
610 462
340 43
226 167
220 300
591 206
70 203
445 648
463 263
519 659
610 286
511 251
142 626
92 417
278 79
330 299
625 280
102 617
323 327
124 194
278 56
399 347
569 496
646 372
99 506
371 360
132 534
611 273
500 354
341 430
432 12
69 50
291 170
7 265
148 130
458 425
496 198
423 57
345 410
429 95
256 451
454 39
325 57
311 166
411 303
247 183
314 315
232 605
485 549
521 632
20 320
50 167
169 124
224 513
533 652
607 440
95 53
478 420
110 440
237 172
84 483
6 49
138 549
305 274
438 167
558 109
486 259
276 306
382 499
159 256
143 417
347 237
469 166
308 230
257 196
401 651
330 59
41 120
607 345
393 385
511 602
494 648
201 421
294 583
260 104
490 54
520 177
601 641
653 561
211 562
97 264
553 427
322 245
546 580
242 590
305 404
185 450
393 385
211 338
619 122
94 101
486 613
589 428
246 234
329 109
136 77
372 341
155 345
585 352
265 478
283 221
223 467
12 267
503 533
604 463
307 38
215 133
303 144
560 548
378 540
656 513
269 20
505 423
16 83
116 280
560 50
153 123
168 475
41 11
348 645
125 654
334 340
128 636
483 339
177 201
531 484
366 451
156 522
214 171
604 640
103 157
341 255
279 508
70 631
171 417
616 295
64 601
286 502
578 110
492 406
621 363
230 638
154 385
501 20
208 97
311 310
253 652
564 184
152 285
155 322
353 111
269 416
52 554
258 281
315 91
338 277
105 220
566 570
256 59
241 463
156 551
113 408
195 328
591 347
612 86
9 306
507 588
373 559
483 283
491 138
373 481
66 129
41 632
350 296
31 590
100 497
482 523
246 17
192 177
363 455
263 24
412 110
611 126
320 86
408 463
224 432
284 600
560 324
224 251
619 566
492 370
403 314
234 648
642 77
166 345
183 80
20 595
189 283
61 161
368 468
623 243
240 247
184 451
222 59
353 492
624 186
203 368
499 88
356 481
164 173
478 346
252 149
281 93
431 652
253 451
460 216
345 351
114 528
143 646
239 495
478 203
332 21
570 483
108 578
304 582
91 433
269 654
234 201
87 316
194 339
107 305
206 452
656 630
631 139
616 210
285 434
413 617
107 634
440 214
204 395
137 295
480 57
600 54
568 27
369 413
17 128
59 533
579 366
155 202
504 111
64 440
196 128
49 302
102 140
168 306
535 615
252 7
323 503
60 231
181 428
296 197
207 354
381 126
60 187
639 215
297 43
306 144
170 355
98 582
494 265
539 21
531 442
27 194
285 86
76 465
166 371
313 372
376 345
150 87
531 440
612 479
482 259
275 303
613 372
536 99
288 416
120 159
509 146
352 446
232 427
251 49
450 216
72 166
212 221
564 84
1 516
214 134
115 488
88 379
200 624
478 139
32 597
297 192
83 300
637 625
379 540
325 169
96 397
645 307
269 549
42 581
406 256
366 520
84 454
551 595
70 369
74 412
306 23
603 40
322 581
317 41
461 641
520 208
30 506
514 610
395 208
531 452
463 548
313 198
342 204
133 63
224 518
474 529
540 418
220 202
650 536
554 451
170 414
658 510
571 164
460 307
371 331
410 485
220 63
24 213
577 467
587 452
325 401
632 205
470 193
59 112
380 612
562 201
18 212
52 589
28 511
547 50
494 297
535 365
12 210
229 240
17 156
33 342
209 5
198 19
197 256
131 229
208 344
429 226
208 480
466 235
332 353
284 477
649 470
182 1
20 410
552 37
566 584
30 115
588 227
444 437
483 226
6 342
222 86
219 429
566 25
4 549
29 598
366 330
409 547
641 80
608 533
116 514
457 456
280 386
24 65
474 158
601 131
499 163
216 370
591 122
46 246
322 75
496 28
404 556
226 385
635 175
259 403
340 56
199 272
93 222
647 218
31 588
348 182
92 564
551 334
337 596
232 659
322 379
338 66
275 216
103 561
42 361
304 33
68 503
304 472
376 291
30 59
531 378
240 274
593 442
607 270
378 490
580 352
209 570
69 483
126 171
385 478
183 340
510 562
494 155
374 211
97 55
269 627
84 160
241 328
601 500
598 630
330 170
322 191
80 391
325 516
561 361
334 396
42 185
298 535
650 323
397 398
29 317
366 113
476 258
440 417
409 30
388 80
511 361
581 590
92 246
447 305
607 121
41 300
616 649
486 258
312 224
656 651
540 14
104 9
582 196
77 332
536 464
63 387
477 643
629 568
229 68
524 487
499 216
438 456
205 265
365 168
488 13
160 20
26 574
339 260
421 416
591 609
220 653
647 348
636 616
257 516
335 432
655 175
648 433
282 193
349 646
13 177
311 172
508 647
397 187
247 470
254 178
419 474
482 58
473 458
326 70
626 1
502 273
175 490
46 108
334 395
95 657
223 57
480 382
44 218
221 291
28 474
468 98
599 291
155 413
400 480
134 18
481 635
290 307
117 647
415 103
34 161
100 567
217 580
290 260
449 510
550 128
635 11
536 575
612 31
328 4
163 461
22 295
89 622
601 516
609 8
270 294
168 370
202 384
601 491
296 42
652 497
169 627
507 45
194 111
386 173
115 548
634 447
494 374
61 436
541 11
443 152
615 263
173 157
298 425
299 593
466 291
431 286
570 589
641 104
41 367
277 466
567 562
564 401
587 624
488 468
286 583
271 242
186 95
398 483
519 38
69 636
639 499
262 549
80 243
653 431
262 581
548 480
483 452
221 62
417 361
529 43
284 452
595 469
546 334
292 406
23 12
382 2
510 296
203 242
190 196
13 451
428 213
582 562
5 455
623 73
156 144
427 439
595 362
248 482
36 191
539 58
203 572
371 364
208 573
257 398
420 581
500 188
134 423
401 138
218 364
522 373
159 289
463 95
650 362
228 338
552 107
395 406
19 417
111 538
330 19
587 401
599 427
240 73
501 640
522 370
655 384
394 155
13 197
249 314
558 128
651 103
545 39
508 563
455 270
93 437
289 20
178 228
99 418
612 599
50 474
310 46
509 355
200 521
552 100
175 102
538 478
204 423
516 364
637 311
633 71
399 573
90 577
453 188
646 405
439 36
530 400
392 379
95 591
551 646
342 377
400 220
195 603
642 51
307 272
14 592
342 412
157 83
640 609
582 626
6 361
314 535
101 46
254 195
289 145
493 282
522 233
154 57
487 447
419 446
59 432
30 400
495 186
135 476
447 57
442 452
417 407
328 169
105 233
15 45
378 507
326 551
391 479
259 530
267 329
316 636
101 656
377 596
182 511
64 628
567 157
73 635
564 400
144 320
632 469
364 2
317 341
204 359
472 115
540 390
443 196
366 196
192 394
443 26
245 506
305 463
3 377
90 566
117 544
226 401
354 241
54 322
582 569
332 394
24 213
435 118
60 141
313 252
535 96
588 431
601 233
546 604
610 635
162 378
172 388
430 525
280 136
498 202
45 170
247 379
382 22
496 442
474 150
345 349
556 584
120 498
157 6
442 418
293 255
448 464
294 529
640 574
5 478
427 360
299 15
79 22
347 227
115 161
28 111
161 583
35 592
421 502
597 514
261 541
110 360
656 403
229 636
628 234
106 396
593 405
62 324
78 60
202 192
221 229
302 33
152 336
624 225
178 214
390 90
95 499
449 92
554 19
68 522
563 485
569 148
230 630
123 307
31 324
150 562
552 451
594 45
438 559
580 267
424 310
9 518
461 457
609 355
127 329
528 341
154 438
489 35
60 611
341 90
276 490
303 168
592 238
523 22
448 443
288 212
405 607
381 206
57 642
212 494
622 80
176 427
169 5
461 229
267 453
318 542
283 273
362 526
510 536
547 609
631 486
472 376
434 193
581 142
175 133
635 137
523 151
563 33
155 16
572 422
468 541
615 402
154 628
268 315
505 155
264 476
293 76
192 378
580 424
519 406
208 494
543 71
645 98
414 451
114 637
524 233
519 132
635 13
100 243
328 604
50 243
420 653
630 263
371 550
27 230
296 545
375 490
268 360
240 22
463 5
311 327
237 170
458 212
182 558
107 161
154 156
404 574
149 374
488 171
575 167
400 522
52 115
353 319
127 592
652 589
596 303
567 484
472 366
37 305
575 143
118 69
609 521
294 409
546 123
579 461
600 630
634 651
85 327
622 522
570 614
103 158
568 11
642 32
28 330
336 254
472 453
633 73
625 268
481 163
42 400
275 641
370 250
284 106
228 246
628 139
511 382
607 419
392 241
450 71
570 438
324 34
542 609
106 160
217 586
322 569
326 597
202 347
187 485
453 414
383 73
204 234
454 463
305 498
44 95
568 614
184 544
299 67
145 57
226 361
642 547
581 620
136 434
307 322
570 411
388 293
483 591
179 589
394 483
427 90
229 646
355 413
182 653
479 326
50 356
338 344
554 570
615 31
344 573
4 566
325 391
199 459
634 29
388 20
511 466
109 81
105 463
493 597
109 623
264 469
630 253
153 524
164 108
206 159
22 210
65 657
600 575
456 574
603 496
594 107
613 354
187 58
158 331
655 266
605 570
75 227
163 539
91 637
298 297
448 319
506 512
316 98
427 424
324 23
260 258
129 213
611 626
582 420
608 577
337 553
139 64
120 301
602 521
590 240
469 378
211 626
541 178
65 309
601 388
642 512
297 111
377 559
388 299
631 336
216 308
540 6
23 311
306 624
172 547
516 293
265 378
259 147
555 634
107 149
14 400
1 310
162 377
521 549
16 492
225 542
451 105
547 474
67 505
90 238
44 257
530 309
634 441
107 182
415 524
330 429
264 641
390 425
11 562
314 337
394 190
220 497
605 418
311 12
574 400
560 618
657 431
578 283
523 336
464 278
200 445
358 463
427 400
228 437
613 193
114 659
382 644
496 638
55 147
649 280
546 549
238 195
631 467
478 494
143 282
424 653
68 433
456 146
484 335
582 438
179 347
437 560
332 584
190 38
71 179
317 268
380 555
463 351
14 592
497 468
214 572
461 592
656 258
78 481
244 311
570 423
658 634
641 582
165 19
304 654
335 571
374 541
26 377
555 617
525 15
483 437
475 415
85 73
145 565
628 107
127 391
105 436
365 397
358 181
415 313
176 402
225 201
283 250
229 489
519 94
503 342
182 630
97 267
43 552
483 322
659 262
53 415
38 70
464 48
561 219
360 388
272 584
589 207
486 158
36 345
563 191
338 85
161 86
3 514
638 138
177 289
399 540
355 436
261 159
483 474
30 184
202 301
419 131
507 556
600 195
552 155
385 230
550 197
316 553
362 605
31 190
234 81
382 588
516 642
399 651
456 428
486 310
69 245
92 228
453 32
422 345
186 458
227 388
654 542
281 8
139 622
198 372
43 579
611 210
213 350
201 321
429 27
630 498
583 62
377 376
405 139
372 242
596 598
629 242
132 561
249 270
523 98
293 217
17 556
79 230
557 279
550 327
617 172
476 540
233 193
567 637
331 590
531 578
181 500
471 312
402 371
234 576
469 526
445 137
74 523
366 631
453 567
298 410
79 114
601 623
617 160
252 599
91 123
169 271
275 639
234 328
2 119
244 470
297 340
607 370
203 624
341 656
184 638
58 262
403 659
536 12
159 129
610 560
251 119
482 177
409 57
504 411
486 400
532 123
80 479
493 594
96 174
590 279
464 299
192 518
298 69
530 109
197 132
9 99
251 491
276 659
199 120
62 25
171 594
459 251
413 292
185 160
117 426
438 232
65 630
91 15
39 272
123 235
403 442
644 305
584 260
305 434
32 18
111 513
611 569
104 17
512 599
176 628
17 614
512 393
236 254
407 274
525 181
160 579
622 144
225 199
56 181
632 398
198 83
251 150
651 7
166 503
605 652
124 274
606 635
7 182
229 65
107 405
245 266
324 207
62 548
405 428
380 30
166 578
112 68
68 415
74 544
569 331
536 33
604 135
319 262
627 199
326 75
255 570
651 579
428 53
119 485
132 499
514 297
69 277
365 447
32 90
331 601
420 518
285 16
304 256
277 272
106 254
346 361
164 648
591 244
353 50
69 484
200 234
433 268
510 138
366 194
538 37
135 610
207 71
625 510
637 554
433 84
459 119
444 623
419 375
518 112
76 238
595 587
471 368
506 632
157 213
166 347
560 611
297 107
23 573
269 659
119 42
83 578
472 178
193 231
204 51
653 591
288 240
518 410
260 364
382 68
228 548
414 129
499 362
546 173
276 155
173 394
508 566
312 631
396 504
513 599
206 506
530 493
397 40
243 656
56 625
65 283
165 130
411 315
492 298
488 108
104 312
153 263
529 465
234 265
620 87
516 167
592 38
311 330
78 554
637 133
171 353
415 646
483 478
301 315
427 129
74 530
92 226
445 621
342 19
226 303
106 393
121 349
431 330
508 325
308 292
147 312
358 133
135 487
86 101
254 525
174 436
617 52
221 578
45 239
455 347
655 189
119 656
619 550
326 119
526 285
62 325
597 71
457 383
558 194
484 152
60 309
239 17
12 459
594 57
350 389
55 345
577 174
341 188
64 319
617 241
603 19
565 192
90 15
575 647
208 399
450 267
359 30
283 371
140 528
427 489
258 481
175 486
306 167
326 21
485 283
262 429
302 167
272 43
181 187
341 389
585 131
307 596
471 590
307 611
458 385
440 367
206 266
505 164
433 482
184 569
105 445
338 58
612 610
411 444
448 92
484 26
534 132
621 345
373 268
607 482
652 40
190 509
305 346
13 389
168 197
299 583
293 288
641 556
549 392
341 338
136 165
363 10
607 635
6 320
554 613
143 546
304 643
47 608
329 371
649 148
219 599
71 511
227 363
408 428
407 400
106 542
216 120
203 164
95 208
135 648
472 588
186 116
571 543
376 551
254 17
39 472
615 421
635 182
435 35
609 182
434 366
375 301
137 229
116 231
437 251
530 560
179 367
328 402
251 44
293 156
60 643
280 326
56 566
507 490
600 109
324 26
474 350
326 611
579 442
493 8
344 16
567 174
34 546
575 595
589 520
403 300
503 23
625 210
588 125
40 180
544 15
205 358
17 530
620 595
623 106
254 307
432 161
481 117
359 48
53 288
567 455
240 410
129 516
271 368
640 311
547 176
636 92
186 652
273 457
239 237
562 492
195 645
305 327
103 4
375 466
602 282
572 493
344 41
350 614
408 641
576 295
158 205
386 343
508 658
140 399
546 354
231 82
650 187
408 404
501 434
210 96
368 122
588 363
473 589
317 221
571 545
515 380
401 552
63 249
203 513
647 400
518 530
481 509
368 541
253 521
626 115
616 334
236 196
37 50
126 6
581 37
202 89
68 602
640 441
502 494
294 142
235 464
12 367
313 31
559 217
551 526
331 159
511 219
355 548
579 480
205 500
168 406
588 235
659 221
16 501
55 620
642 600
424 305
308 388
336 207
605 538
73 587
38 584
146 392
124 376
212 639
217 379
385 456
265 36
17 280
536 383
551 171
323 627
475 282
355 462
489 611
341 213
539 378
448 336
421 223
53 632
202 580
3 238
376 267
273 45
198 461
79 89
631 53
56 446
335 63
560 475
14 241
339 204
270 439
192 31
2 555
314 204
475 316
93 502
582 366
546 120
167 276
519 138
329 227
235 4
289 135
130 613
27 120
158 296
558 1
326 560
555 639
415 370
606 507
523 528
524 62
299 342
337 470
479 6
37 366
320 325
152 101
278 179
221 87
474 119
87 452
330 641
83 396
3 30
555 526
209 419
587 508
102 264
629 232
581 6
249 241
641 401
653 259
579 214
657 393
332 84
496 314
377 579
50 379
608 604
245 157
364 483
316 117
88 285
659 320
601 249
560 582
649 205
182 220
418 490
264 402
573 101
56 290
20 105
321 279
361 217
435 65
41 403
492 439
339 491
99 281
391 310
203 32
515 36
251 273
525 515
326 91
615 381
32 286
138 352
564 498
569 650
214 261
393 357
40 73
188 138
5 231
447 518
262 302
554 513
227 71
368 552
472 634
274 504
260 63
507 164
560 68
154 425
328 199
122 367
271 620
504 586
191 292
444 453
245 338
617 471
61 636
364 532
610 637
28 210
40 535
25 251
602 489
16 271
28 448
637 609
408 134
535 251
425 320
355 10
309 312
133 21
288 496
553 238
125 580
99 164
107 434
66 50
263 392
631 291
180 260
551 239
393 427
489 469
87 184
131 47
495 263
68 434
410 272
323 534
503 421
38 610
506 414
311 110
457 593
52 636
193 602
526 238
369 356
358 107
191 140
465 338
402 532
112 463
144 435
337 646
507 26
248 354
439 558
115 236
143 166
523 336
108 390
225 129
397 582
546 587
63 351
576 116
223 29
579 18
115 256
316 273
282 563
278 372
114 44
260 256
209 123
243 628
164 467
408 560
42 294
140 415
645 56
182 519
395 412
189 161
320 504
86 253
59 363
624 483
59 224
80 267
658 633
546 162
93 294
374 445
588 165
200 573
220 381
84 267
445 272
79 105
116 164
357 486
179 632
309 237
197 40
155 506
325 42
8 417
335 33
202 574
197 53
487 69
85 223
335 529
494 65
633 262
229 641
399 59
614 48
295 462
399 449
308 64
142 626
132 477
311 333
391 507
37 530
575 121
404 561
650 238
626 275
151 506
257 549
564 522
249 199
324 647
299 283
362 441
560 493
569 211
477 611
59 513
133 285
633 536
187 623
115 464
550 576
310 458
466 214
320 55
64 295
353 362
229 55
454 129
199 15
651 16
626 50
528 99
645 501
635 483
117 401
287 7
317 248
464 434
461 435
140 524
381 492
538 609
198 643
389 396
658 380
411 624
81 279
374 67
432 349
549 548
90 177
206 59
76 321
492 537
407 632
53 128
464 242
388 314
226 117
50 535
149 113
151 229
43 524
295 126
214 496
14 614
324 530
13 399
191 505
276 249
477 640
376 592
222 415
246 99
184 607
285 332
371 435
560 65
300 507
191 165
343 515
119 7
386 443
405 228
288 333
477 416
313 504
659 186
571 557
596 95
504 221
426 526
656 637
590 607
484 121
112 167
288 541
484 14
324 541
552 263
214 21
19 178
525 19
15 88
227 610
182 382
483 607
248 479
584 489
426 61
262 189
538 549
70 363
562 394
244 106
656 109
127 327
286 303
656 300
390 223
562 571
604 385
170 192
515 405
21 592
465 282
121 344
171 501
358 384
235 253
490 543
13 268
210 298
570 206
249 300
428 462
522 372
187 32
215 353
436 235
285 553
169 57
548 650
558 557
27 444
461 168
327 473
435 536
111 345
393 11
296 161
473 158
184 311
500 398
5 587
285 600
480 105
657 20
95 207
576 432
650 377
599 318
190 374
505 611
370 239
274 6
51 398
474 235
49 314
284 364
242 568
616 62
13 265
393 419
471 309
191 461
338 442
430 179
156 587
442 526
477 56
183 527
453 657
413 153
311 38
169 552
257 125
266 270
389 658
340 511
618 182
623 607
623 394
127 431
632 568
608 449
275 131
627 68
128 381
531 91
418 351
294 15
475 211
595 515
520 586
366 479
109 330
78 383
375 204
154 658
423 102
447 38
544 414
105 323
135 288
413 204
638 359
530 106
569 117
620 430
44 638
560 463
619 637
186 334
493 651
332 256
93 430
294 636
495 50
300 630
337 364
485 627
63 7
73 632
124 344
54 478
633 613
592 242
429 577
75 420
560 331
513 330
624 141
166 325
440 447
314 456
583 281
518 590
5 142
365 659
195 494
633 148
78 565
390 506
135 116
267 35
446 431
17 62
571 493
387 4
280 41
459 514
632 628
96 636
111 112
635 305
257 608
105 334
166 494
181 300
261 99
645 48
529 2
420 92
494 458
406 425
498 205
591 122
174 27
98 595
450 385
240 47
644 344
381 461
489 213
412 91
311 398
449 491
51 209
234 545
8 640
621 157
496 552
279 321
231 28
256 21
64 496
378 49
491 410
161 321
622 573
63 584
311 511
67 361
371 301
557 378
592 519
187 428
63 117
90 604
455 345
276 519
492 654
219 635
404 379
607 19
292 10
254 520
321 267
231 273
164 261
205 334
99 284
49 215
373 652
10 370
269 180
513 574
398 488
629 429
435 647
61 96
242 315
615 214
581 498
138 396
410 342
71 508
625 430
374 650
422 35
12 342
215 524
567 264
5 537
33 91
176 94
187 417
60 453
282 292
291 419
339 352
412 61
511 30
490 225
20 564
260 342
557 126
206 465
389 521
342 422
612 517
167 139
586 537
591 208
169 534
279 159
226 31
220 78
371 50
613 42
613 213
383 163
338 589
627 68
450 620
141 54
477 307
192 55
184 124
574 4
309 193
162 534
534 381
263 246
83 217
287 347
81 11
509 419
251 476
138 352
436 278
58 565
236 249
271 419
24 185
74 332
29 235
518 215
268 432
112 350
648 50
37 381
371 198
451 621
14 588
625 102
517 23
318 93
582 588
163 606
425 236
589 453
122 99
319 389
531 430
79 171
480 427
551 191
624 342
464 289
581 81
42 90
414 359
182 336
599 655
593 364
231 175
468 5
273 439
393 455
209 472
626 340
550 169
531 166
163 646
454 84
378 496
174 132
506 7
119 97
3 53
112 544
538 580
548 151
11 593
606 219
57 224
211 606
392 393
112 554
379 217
290 97
364 115
539 211
121 657
307 434
361 71
630 239
302 170
42 312
103 299
182 159
522 392
416 565
125 179
112 155
396 401
562 100
167 441
621 287
91 580
373 451
650 654
31 292
475 383
603 578
22 125
388 543
169 456
100 293
634 211
448 22
263 2
433 429
443 394
368 533
625 81
635 615
386 317
558 201
40 153
430 61
589 470
255 98
266 355
42 551
565 141
573 480
143 346
249 585
391 616
110 357
348 396
623 74
54 522
586 93
15 356
465 603
477 60
352 83
66 394
286 283
534 510
103 17
196 3
253 238
619 14
594 618
410 210
344 115
72 270
207 397
277 323
652 95
35 655
488 100
389 114
34 575
623 447
591 470
450 496
49 409
509 294
19 570
503 362
25 226
631 543
275 560
517 578
654 551
573 482
303 596
336 218
211 435
460 22
225 607
70 285
109 15
303 19
518 6
355 395
288 549
10 188
406 587
493 298
501 316
600 455
563 587
324 114
362 435
135 238
383 515
522 491
530 166
161 40
482 167
434 421
56 96
261 462
23 94
100 175
409 351
629 312
589 604
78 603
380 212
181 414
379 44
556 249
520 57
288 653
535 373
414 590
468 15
392 143
420 143
317 169
145 598
133 75
194 210
329 573
421 509
327 140
204 534
40 375
591 638
20 466
4 86
48 471
411 92
613 171
234 582
340 379
172 472
105 365
333 85
590 94
245 257
545 101
132 236
475 374
215 147
491 218
232 190
340 642
281 605
154 515
179 145
545 350
616 301
55 289
385 644
34 629
553 230
70 336
118 197
361 643
343 503
512 226
33 192
208 314
448 361
480 626
505 365
627 113
317 334
53 42
629 398
322 522
279 44
509 396
240 521
31 234
364 542
459 397
386 7
362 174
20 182
452 176
198 419
600 514
93 304
207 63
42 528
236 632
571 397
368 462
258 51
36 622
592 146
11 318
464 372
492 483
205 595
310 402
354 250
567 99
554 114
161 247
293 48
219 516
444 239
318 43
289 6
316 221
151 637
191 614
1 334
89 205
269 399
258 622
300 476
61 505
241 532
93 533
580 311
389 16
201 359
369 489
364 25
362 166
2 552
432 313
226 520
517 146
570 426
108 522
242 480
367 482
352 459
8 583
422 48
599 622
406 308
104 421
333 117
239 645
320 11
610 197
182 467
342 404
545 101
266 127
580 632
261 273
432 268
196 505
315 446
119 373
95 533
445 79
649 24
375 620
345 325
468 527
444 150
271 329
251 536
107 482
160 367
406 591
286 254
88 601
40 207
625 134
80 410
523 70
86 239
341 430
215 150
608 658
610 530
638 512
58 86
335 218
452 81
149 390
334 548
642 26
95 607
470 174
9 334
554 94
224 236
176 438
37 124
89 646
306 67
499 363
152 485
580 256
565 381
645 551
269 627
228 363
226 38
536 234
371 83
639 246
318 466
25 354
241 424
651 546
490 250
294 626
481 201
532 202
186 75
122 464
302 484
341 650
13 226
14 95
516 259
64 322
594 69
215 358
60 101
189 202
2 134
168 135
334 351
647 171
77 110
286 30
245 626
21 257
192 34
3 49
603 377
22 538
97 236
236 468
648 76
10 301
209 488
435 194
491 423
364 567
184 649
249 428
615 580
337 459
613 650
159 556
368 180
86 464
68 322
583 367
397 592
8 258
73 95
451 215
517 467
433 41
456 22
120 64
601 456
522 206
447 332
414 466
511 499
270 230
161 194
596 210
437 256
119 161
350 221
375 518
28 149
210 484
481 329
199 423
126 61
280 572
392 34
378 554
533 299
436 345
144 24
206 233
279 635
45 628
197 420
138 224
220 347
359 41
17 557
115 453
269 395
17 1
428 46
207 612
655 294
609 140
317 466
24 596
442 68
216 638
139 354
513 10
352 213
51 368
110 165
472 379
211 488
31 639
533 548
243 529
182 192
320 151
658 343
87 440
62 613
70 512
618 582
521 311
446 571
330 208
388 143
586 598
282 268
229 467
468 124
336 301
315 307
451 624
301 189
56 362
454 436
214 412
359 387
374 456
609 45
4 337
498 241
587 431
161 467
238 628
590 573
580 557
220 372
521 520
212 229
534 6
5 399
418 15
126 443
471 76
487 474
64 636
56 302
408 216
110 645
495 40
211 415
248 82
438 110
254 650
649 439
307 305
178 376
320 615
160 442
342 298
256 405
275 622
359 334
489 468
630 324
159 492
391 407
574 169
168 479
470 157
258 429
461 87
145 432
353 615
214 35
254 122
92 180
84 450
513 225
569 135
548 68
627 590
474 193
411 293
12 532
449 580
301 562
318 98
334 323
53 548
9 617
321 100
137 404
201 301
628 421
436 169
489 55
99 614
247 161
248 569
34 348
489 645
250 458
83 236
121 447
435 130
56 96
540 193
151 393
145 431
154 232
599 294
286 349
560 184
162 148
93 195
147 233
491 49
32 574
284 463
13 59
592 68
465 125
571 615
517 368
386 322
599 636
616 537
637 516
61 139
315 465
644 461
38 475
509 380
41 444
184 364
154 427
432 618
551 654
226 60
14 263
382 265
240 649
142 528
505 513
318 471
318 613
583 356
428 85
76 121
528 570
484 23
338 567
292 229
214 517
600 227
121 322
491 12
311 284
539 467
138 508
589 107
461 512
114 540
596 190
1 117
411 485
450 89
44 393
629 257
251 569
484 23
542 626
34 504
251 224
622 40
383 551
146 184
55 260
64 303
101 376
419 511
512 520
252 555
253 221
153 155
441 288
177 323
254 521
167 504
396 440
195 119
331 341
613 385
600 329
28 352
45 98
203 556
269 106
451 522
326 255
17 418
542 505
392 137
366 210
292 103
649 139
532 320
479 486
357 71
155 36
422 510
445 276
406 54
34 508
575 11
104 244
429 645
89 161
433 454
371 377
208 360
515 81
332 645
218 340
56 372
375 129
222 160
56 279
525 89
127 92
100 230
335 180
527 423
340 611
529 362
328 77
374 494
468 46
479 26
385 186
49 411
625 581
223 22
200 88
421 327
179 172
208 166
351 386
240 343
338 109
356 317
497 70
152 616
426 282
642 462
120 342
525 85
264 88
417 463
486 490
441 316
313 301
481 316
27 62
658 364
481 6
333 629
387 136
586 464
417 568
267 188
561 443
584 165
530 341
628 8
482 61
634 136
361 456
451 388
169 101
403 301
417 76
271 144
211 197
608 280
416 526
467 317
309 391
134 490
384 102
497 517
473 471
652 175
578 95
214 398
506 616
351 264
33 621
407 554
469 7
485 536
532 293
504 181
335 637
11 370
390 159
228 204
282 531
378 200
626 243
250 472
199 600
76 542
213 135
437 333
141 262
209 325
206 53
505 193
342 168
562 72
326 441
275 607
313 304
459 279
546 360
402 397
611 130
279 164
264 367
496 56
281 356
380 138
60 537
330 401
45 544
473 22
325 399
281 637
44 391
567 241
91 310
637 353
91 568
516 6
586 4
61 207
359 93
656 70
281 326
471 636
210 284
657 187
23 589
164 377
320 383
270 62
