922 1505
99 14
101 446
422 760
269 148
699 909
380 772
130 894
158 431
636 515
108 182
836 43
677 20
173 637
136 425
599 855
755 698
896 856
249 395
721 518
542 497
532 28
347 661
921 532
169 635
152 304
844 66
375 598
113 547
312 276
49 911
236 803
714 209
764 68
631 562
613 278
137 223
305 511
911 304
120 158
44 299
489 887
392 863
590 504
515 8
807 563
24 120
472 765
356 313
832 64
875 551
342 117
773 674
627 761
55 774
24 126
150 541
118 542
509 708
151 102
715 36
692 738
183 241
580 539
582 517
602 534
145 49
678 23
723 382
784 805
233 835
37 410
453 154
57 40
889 208
169 681
243 860
524 425
179 209
69 760
726 699
399 870
747 182
893 575
563 782
486 823
722 522
310 253
675 367
320 642
574 488
428 844
425 30
374 631
238 443
496 69
219 922
45 71
181 43
646 771
824 209
671 651
758 87
9 510
453 328
257 132
843 713
81 374
770 454
110 113
2 606
182 248
633 226
319 842
268 70
690 197
306 439
875 141
525 884
678 83
317 41
242 238
781 322
639 628
803 748
768 805
459 55
158 170
308 504
89 603
573 778
799 906
322 780
124 846
741 830
34 135
870 275
400 728
596 116
461 477
864 306
387 400
361 572
569 668
154 685
349 726
541 253
710 890
110 861
814 878
768 847
91 743
228 518
548 823
634 114
405 575
420 819
80 808
469 677
581 650
439 35
453 85
316 268
53 453
235 894
409 80
846 527
851 151
122 476
80 755
618 484
435 115
409 515
28 905
297 608
632 735
643 190
848 64
486 900
516 720
899 2
827 822
528 755
79 678
337 158
538 32
669 51
174 155
593 201
137 889
836 796
729 584
64 682
647 549
687 241
346 663
242 250
591 798
111 669
581 447
826 196
506 572
246 679
727 866
879 891
860 820
765 695
482 856
454 206
482 219
446 855
909 716
210 577
619 320
323 277
794 226
472 377
826 746
133 658
689 117
626 655
15 496
427 524
457 908
729 44
232 281
898 219
74 214
795 720
561 224
74 433
477 545
837 380
396 48
115 163
192 769
845 234
370 377
757 855
362 592
898 622
872 874
840 51
193 740
770 753
69 871
263 546
493 178
31 889
253 174
157 472
20 107
706 417
483 568
349 872
265 325
571 242
304 516
292 496
362 167
326 430
115 617
81 636
822 112
630 152
313 814
651 332
920 434
776 508
108 231
457 372
583 134
642 886
677 11
487 116
206 840
574 348
562 682
89 461
821 718
640 211
637 369
570 634
830 424
247 15
682 732
415 342
865 134
333 647
172 847
763 405
764 442
753 404
201 841
892 100
665 610
338 379
56 908
119 885
437 365
6 196
202 420
537 144
581 897
819 780
821 687
263 690
206 121
199 434
67 169
561 759
778 899
244 861
884 362
823 426
754 828
621 34
353 263
205 11
237 101
819 163
787 159
852 98
307 157
532 373
325 170
238 208
174 481
146 163
842 46
588 701
902 286
762 332
576 45
371 840
173 267
80 38
453 38
135 759
194 694
237 546
892 474
753 143
60 898
306 901
49 921
708 28
313 547
388 888
619 758
806 792
102 913
829 582
56 69
418 249
763 682
794 732
262 652
902 321
655 285
328 704
284 141
759 596
687 224
589 384
59 500
253 188
491 187
769 546
283 292
823 123
80 722
882 341
452 862
689 184
252 122
915 563
262 780
264 27
81 853
438 168
430 718
383 26
10 258
600 292
549 528
415 628
327 402
74 806
369 763
96 621
912 88
261 252
867 553
306 54
483 743
249 18
566 631
72 575
888 699
866 543
304 386
276 658
816 350
542 262
218 637
882 207
752 249
486 725
801 791
778 389
639 132
434 282
790 533
884 756
309 856
404 640
319 679
376 212
134 23
474 379
659 461
614 488
737 177
318 615
74 173
109 712
304 571
100 172
181 89
33 518
22 464
235 341
248 638
580 410
660 159
788 424
648 479
18 462
684 335
183 757
536 319
574 867
889 673
144 176
762 204
693 783
667 33
229 21
699 837
430 464
101 295
888 748
802 11
316 591
373 498
425 908
816 76
881 783
777 102
64 644
306 756
532 78
788 789
98 592
703 555
134 831
878 99
685 757
137 78
425 509
575 877
495 496
58 481
384 862
582 447
583 915
280 193
99 174
87 224
765 817
779 4
725 734
130 487
596 266
564 98
775 244
80 375
740 137
855 229
105 542
676 687
535 61
907 633
262 71
856 133
887 712
136 718
551 266
310 224
531 874
349 411
223 428
813 68
593 773
297 697
393 78
489 33
138 474
665 400
572 626
560 565
444 695
360 72
66 669
296 625
648 644
113 899
178 32
44 770
804 368
572 302
445 138
334 611
639 76
116 317
730 675
881 251
475 346
322 541
120 645
243 768
395 383
772 572
414 815
447 324
289 96
625 761
261 37
449 6
140 592
322 869
344 308
225 847
653 547
465 772
297 735
645 691
223 494
340 665
415 814
66 703
15 690
541 276
754 96
309 922
687 630
868 137
15 171
61 667
745 553
544 147
393 267
838 615
760 283
357 280
175 450
60 189
246 629
492 77
752 800
76 516
535 50
680 549
248 768
321 98
426 893
244 818
237 187
539 102
470 1
382 672
451 469
860 696
203 458
772 32
335 876
576 870
31 333
524 278
179 873
375 632
843 646
528 157
833 172
286 380
172 695
157 622
242 94
395 472
551 273
504 914
254 157
889 284
517 490
589 723
440 69
433 388
714 66
572 652
237 858
137 408
658 293
108 899
387 530
449 43
830 58
62 161
242 28
472 758
546 138
559 91
206 97
479 26
162 128
677 398
91 814
805 749
184 18
753 598
548 307
669 483
364 730
644 605
786 221
441 437
387 105
527 620
201 111
645 362
239 428
759 329
319 669
183 530
687 14
234 340
320 902
822 684
737 571
394 628
792 862
142 256
44 697
875 272
807 626
633 123
131 497
480 477
244 662
112 36
703 345
375 101
352 274
812 167
845 311
822 714
251 42
75 294
738 55
594 650
680 304
773 838
829 358
392 178
125 532
213 828
876 587
34 306
860 873
500 810
261 399
629 511
468 731
833 311
786 504
39 571
835 839
487 741
274 906
24 426
515 236
331 497
850 364
802 788
342 407
703 603
833 410
191 407
246 129
745 109
660 783
680 573
727 272
419 106
255 471
532 798
706 862
372 634
332 279
527 673
713 307
353 623
744 572
107 68
728 852
204 466
740 911
144 573
260 590
678 543
138 287
446 872
227 845
583 586
201 187
364 913
521 745
641 371
394 776
466 227
705 697
720 550
686 863
200 51
559 878
621 696
270 144
645 524
94 333
187 294
547 551
312 174
373 59
572 794
834 115
126 644
839 846
271 630
814 499
681 450
482 407
224 751
579 896
353 672
335 567
72 881
223 411
132 623
469 703
494 380
845 648
101 762
571 400
497 462
4 283
912 485
690 241
341 346
242 693
123 576
366 194
535 588
633 694
289 179
475 810
587 425
535 687
292 183
192 789
673 195
149 662
679 838
8 98
289 249
818 440
853 261
661 465
877 371
264 243
550 738
158 242
241 693
6 560
903 198
426 653
420 575
420 177
518 455
302 835
732 197
352 662
486 90
232 440
489 495
710 144
311 895
385 579
693 390
216 674
615 670
432 113
350 880
317 867
412 646
807 221
842 236
910 433
354 219
900 870
714 715
91 130
688 475
708 458
892 29
237 613
726 697
753 153
682 147
126 199
792 10
420 739
274 407
278 655
654 283
602 445
76 692
574 791
272 387
354 241
443 619
853 247
393 683
399 180
857 552
378 754
590 825
599 863
338 876
623 69
264 302
513 339
99 164
235 370
578 589
638 98
285 597
344 705
385 771
884 320
428 367
179 95
270 777
63 607
758 685
675 128
92 293
466 218
484 729
615 139
395 331
236 707
5 608
517 389
484 506
736 911
872 915
112 219
797 174
853 661
887 605
788 84
897 359
330 458
165 22
596 587
352 860
399 384
573 915
801 162
526 614
178 504
634 289
722 537
491 653
275 483
363 168
594 338
554 1
823 747
23 525
411 402
490 838
814 140
858 692
301 462
383 478
43 95
795 792
659 363
550 11
873 913
206 544
356 787
545 256
611 595
808 128
102 375
43 915
514 6
684 842
495 145
426 565
267 298
435 3
688 90
41 638
80 274
287 463
138 859
747 777
531 632
904 633
85 52
653 626
85 415
546 580
587 49
222 853
374 684
883 139
774 29
804 881
330 168
422 467
133 246
349 691
877 330
401 67
409 160
693 494
574 316
151 238
392 400
196 765
162 156
9 13
212 812
893 541
85 420
113 217
665 462
908 648
819 414
714 306
573 484
799 224
827 55
489 324
454 684
166 615
839 174
655 156
91 626
696 176
151 809
420 816
348 405
569 244
847 360
577 525
872 481
749 804
563 343
206 95
105 399
737 49
573 470
205 691
201 900
866 351
814 364
272 267
796 840
539 720
306 221
323 255
702 177
164 342
519 369
464 623
768 279
700 446
776 904
214 82
909 186
460 829
549 760
173 450
677 739
276 88
38 626
342 739
802 506
186 426
902 650
155 775
34 854
298 809
863 540
918 877
725 483
783 379
320 62
856 103
800 209
190 865
834 560
709 741
171 895
273 150
650 427
3 683
386 328
597 326
895 620
308 697
180 169
181 500
230 115
630 135
323 819
106 263
456 842
81 626
814 353
804 569
807 834
357 298
267 31
623 240
650 9
14 858
205 223
463 462
337 170
624 687
66 729
55 550
649 136
281 568
516 190
243 429
101 599
726 368
630 455
635 385
491 676
320 695
898 782
262 340
57 885
105 123
720 159
700 474
322 58
119 866
248 389
372 376
66 175
771 695
657 483
185 225
237 533
25 240
420 286
580 477
249 712
599 74
870 404
547 298
461 693
241 736
160 640
190 225
842 38
25 577
521 209
829 785
769 854
102 267
217 681
743 493
470 447
566 446
850 190
771 416
911 117
230 148
756 419
372 703
484 424
385 110
632 292
894 507
251 102
773 467
782 621
66 358
145 659
831 100
877 679
515 865
795 744
90 656
268 489
464 752
912 849
861 649
246 861
233 496
40 111
68 849
731 161
284 903
820 192
80 774
898 623
744 798
472 833
531 768
427 73
597 444
27 563
170 272
529 431
795 568
541 862
495 378
101 806
358 26
104 466
799 79
194 648
877 665
558 513
510 90
613 212
533 667
803 730
16 409
238 838
83 807
806 605
290 12
488 647
37 619
218 863
698 411
588 680
182 251
298 719
340 911
9 900
655 839
707 699
353 23
614 435
857 525
145 224
536 633
898 572
329 222
540 132
632 205
839 841
483 215
638 822
231 674
827 913
590 612
689 48
662 409
511 596
39 655
847 575
365 822
252 722
121 792
881 781
102 798
699 585
118 442
512 348
193 417
366 810
106 161
858 795
569 446
468 635
178 420
287 571
319 539
398 468
436 356
354 537
259 130
227 376
572 767
751 792
261 195
680 394
355 643
266 29
194 761
663 399
258 56
47 604
622 444
149 135
828 502
699 164
660 32
540 337
798 396
206 164
590 913
557 22
661 850
50 854
716 741
331 51
796 405
682 495
877 831
629 782
438 433
23 203
464 590
539 367
64 773
530 681
763 192
703 530
147 780
461 862
598 819
912 471
302 700
71 284
608 727
143 151
238 193
354 729
811 892
174 902
742 703
660 611
1 440
218 147
298 706
87 1
603 104
500 10
803 570
293 516
375 463
667 640
655 98
446 571
95 619
550 865
428 288
581 428
727 826
602 130
609 688
159 317
792 658
354 700
333 646
294 707
214 38
452 869
163 898
545 285
622 173
227 155
460 835
610 264
738 290
422 453
55 580
769 874
315 201
652 675
874 23
460 166
88 911
140 278
914 684
562 614
856 817
796 393
729 484
685 573
773 212
103 855
791 871
807 211
177 536
885 157
586 450
322 701
467 489
56 458
278 645
177 212
567 79
632 374
562 422
52 440
633 154
372 529
130 256
767 307
819 758
491 510
285 812
288 779
406 371
343 683
94 547
922 660
625 660
139 264
159 190
703 820
371 153
454 501
436 299
835 361
162 403
870 446
320 264
331 753
634 673
513 727
297 541
493 922
278 631
291 464
849 72
389 297
252 843
825 715
247 737
153 408
245 101
881 564
364 289
394 75
39 13
830 364
553 400
391 858
136 681
399 90
780 788
387 109
736 289
824 60
132 54
467 376
182 425
46 573
742 467
676 808
479 583
249 137
88 639
72 251
426 499
341 283
364 755
420 177
121 321
264 280
402 730
656 612
260 729
262 79
273 15
887 780
625 241
916 712
908 94
69 411
592 409
721 61
241 218
265 389
566 528
697 46
363 458
657 622
264 24
729 536
39 721
393 663
39 415
481 24
508 549
462 205
63 261
293 331
478 557
747 122
190 521
195 580
56 879
307 319
902 113
883 46
833 381
737 900
795 295
1 408
871 463
640 11
751 10
341 306
594 193
455 783
714 677
468 797
633 775
222 641
887 182
714 826
590 528
803 491
822 831
898 770
399 616
780 227
653 226
533 325
419 93
213 238
770 681
112 508
561 361
254 553
570 46
456 238
573 364
728 473
273 731
348 671
452 206
4 183
459 564
535 905
656 747
220 531
533 332
117 171
692 398
724 340
443 285
605 94
677 410
594 27
218 19
725 670
252 728
880 711
369 492
693 131
344 913
661 877
350 805
153 147
281 904
514 723
295 224
844 49
633 515
75 879
562 827
654 813
661 639
629 107
208 400
265 579
418 4
