281 4481
230 78
74 36
88 100
66 235
94 2
136 172
34 41
43 143
37 71
259 203
265 40
224 182
199 232
46 132
21 144
233 250
221 25
128 27
124 193
104 60
194 239
231 69
122 115
53 281
185 31
202 168
70 267
191 110
59 236
83 79
98 34
171 160
181 17
29 147
51 132
206 86
212 278
278 52
111 49
51 137
202 252
146 113
238 55
64 15
9 146
217 230
21 106
231 202
245 259
67 14
232 114
99 5
110 218
56 62
267 230
198 29
42 185
142 121
239 205
136 89
193 194
160 213
141 110
133 104
210 41
117 3
154 57
7 105
117 185
8 102
133 47
253 175
231 113
14 30
160 272
119 71
26 278
125 166
229 100
269 281
140 227
2 136
126 131
82 242
34 90
185 9
136 156
25 209
111 161
238 112
275 75
182 19
195 25
27 265
247 14
264 106
83 107
83 50
237 164
133 271
95 36
121 73
33 145
281 266
24 237
96 140
154 119
159 190
267 185
173 232
40 279
179 245
104 261
13 60
144 145
172 238
22 11
29 178
278 151
4 143
230 100
2 225
218 160
133 45
186 147
277 67
267 174
31 90
154 166
272 139
30 162
218 174
14 247
193 133
239 197
275 187
138 276
130 197
277 104
242 23
93 237
90 78
252 120
9 124
4 122
104 156
125 41
172 138
129 83
270 86
121 106
115 258
100 244
174 219
190 134
241 124
212 49
201 182
10 52
148 14
173 93
11 17
133 182
277 261
107 108
189 69
213 22
46 154
107 61
91 15
36 51
138 247
222 181
270 232
74 259
87 246
71 97
104 203
121 223
25 69
172 213
137 103
234 24
98 59
84 31
197 119
204 53
207 144
75 196
217 148
173 22
236 243
119 181
165 81
245 31
149 135
243 127
237 195
151 177
95 234
207 10
195 129
186 120
272 260
157 208
250 49
71 46
133 31
226 139
111 190
169 101
43 130
228 122
43 97
140 261
172 65
270 85
35 174
47 25
276 203
74 244
93 268
131 226
17 198
83 128
106 252
70 272
100 16
235 266
235 93
245 126
280 75
52 33
91 221
180 85
266 96
170 77
82 19
21 98
216 104
67 164
197 137
277 15
275 72
122 229
164 208
196 4
2 89
36 92
29 57
176 13
152 187
212 233
47 233
173 262
178 81
267 93
217 262
230 53
175 71
281 180
278 37
183 121
125 60
212 276
117 229
130 268
257 61
62 22
135 76
126 31
156 111
246 215
215 194
267 108
106 108
7 226
144 31
65 110
91 119
228 207
189 76
35 165
259 96
28 235
171 153
107 169
106 71
102 39
107 87
269 212
194 117
156 179
148 63
130 238
181 76
5 211
275 39
94 258
122 48
270 116
154 157
221 67
258 259
173 186
89 103
221 47
101 241
194 163
90 273
185 165
277 114
158 50
252 134
13 141
245 128
136 121
68 202
220 168
93 248
256 38
29 22
261 270
57 142
78 49
168 84
167 123
84 166
172 177
141 184
36 105
154 13
67 221
215 128
107 149
94 205
186 246
68 165
234 247
148 153
137 157
78 23
280 161
30 12
56 171
38 214
275 191
227 60
130 2
29 78
150 123
124 178
210 191
184 4
157 174
156 135
49 75
157 170
236 29
182 133
199 219
189 192
128 257
93 99
258 121
176 249
85 19
268 136
51 171
139 49
63 136
184 234
211 182
123 7
210 23
262 127
241 169
160 210
267 94
27 85
57 202
176 264
62 162
119 113
51 257
3 236
112 186
189 164
210 153
170 138
175 150
107 257
161 108
27 269
202 53
73 100
96 248
82 158
128 200
112 21
18 114
98 252
19 128
134 228
280 145
207 15
136 155
271 138
263 139
126 183
191 40
124 6
6 205
163 256
247 116
118 106
229 216
76 89
62 51
158 61
195 84
75 49
238 188
29 219
45 154
243 78
193 85
83 40
132 87
14 97
202 255
202 272
189 119
80 250
169 237
152 205
162 69
95 119
98 123
179 265
276 264
61 29
190 266
68 40
194 205
259 237
178 21
228 85
139 26
176 149
104 170
72 266
80 9
226 177
131 123
160 249
228 63
277 137
170 187
18 83
110 119
38 6
139 265
213 278
132 230
268 236
241 182
62 39
190 6
215 162
128 217
252 198
121 248
176 9
276 193
91 104
30 252
232 169
235 5
7 209
234 116
5 194
16 66
232 205
71 8
209 40
224 179
237 63
268 131
194 262
166 4
84 37
255 157
205 50
161 53
100 237
169 104
272 26
11 64
73 81
71 281
244 136
178 41
40 165
14 234
268 21
79 194
57 52
69 104
224 72
156 43
27 166
269 17
34 280
203 106
202 116
105 6
251 124
47 133
130 183
208 117
203 5
29 259
179 220
81 121
10 79
5 36
86 116
175 242
114 97
66 157
212 12
163 23
136 51
278 107
233 204
223 154
208 93
254 228
32 177
191 41
97 195
200 24
29 93
266 265
31 173
141 84
185 22
230 162
72 226
268 146
272 52
141 198
144 236
268 17
131 177
58 69
90 99
93 242
33 200
225 187
91 207
112 275
70 60
278 141
128 265
128 118
158 268
157 20
223 143
160 195
38 59
264 251
157 198
53 189
116 119
217 206
45 48
42 114
107 38
97 76
21 224
193 178
53 192
40 117
53 41
30 214
99 135
25 97
51 77
127 166
195 63
214 239
110 255
195 216
11 10
11 155
75 45
51 250
236 213
85 131
95 238
63 193
91 87
8 142
5 135
149 199
197 81
280 25
54 193
82 65
44 215
219 241
260 111
210 56
166 136
186 260
92 248
14 183
176 21
166 180
278 33
221 35
114 219
182 167
253 264
73 138
39 133
97 140
86 148
196 251
3 100
71 94
190 84
118 207
228 2
229 224
35 168
101 148
228 1
156 199
106 229
55 145
203 151
126 7
18 40
257 143
263 47
236 171
253 73
219 199
74 166
265 231
52 207
97 279
207 95
38 155
165 92
141 86
85 266
93 225
25 191
86 6
79 163
18 51
77 236
91 274
244 197
223 14
122 162
135 171
256 172
44 139
106 26
224 32
10 158
256 157
68 183
4 146
64 144
196 264
222 129
256 184
44 39
39 166
200 173
55 174
187 221
154 134
246 220
165 97
96 262
96 5
163 99
151 68
243 188
50 183
35 147
208 202
186 246
86 104
138 263
120 166
202 115
18 8
176 24
104 272
4 199
276 166
140 268
75 224
175 125
248 51
113 174
252 17
138 56
244 117
160 205
1 80
161 141
210 56
164 33
169 167
73 163
51 54
273 126
277 166
92 243
58 46
135 29
186 115
207 148
231 86
194 74
7 196
214 217
251 97
91 138
263 5
143 156
59 134
123 177
18 56
139 75
101 115
226 5
229 152
275 21
79 29
94 208
225 26
266 194
122 198
174 227
203 35
224 103
168 65
279 27
243 259
224 62
93 169
190 163
162 25
183 82
54 118
8 278
144 274
32 107
190 205
52 234
81 117
178 248
23 18
116 265
276 59
169 210
69 77
215 72
101 239
153 154
76 2
273 219
117 147
44 149
193 219
224 274
177 121
82 200
138 40
183 255
98 70
184 8
269 240
202 89
197 196
84 272
197 199
51 156
64 95
23 98
155 246
90 173
85 14
91 64
53 274
38 273
185 63
122 173
144 42
103 59
79 186
50 117
103 100
272 8
36 13
106 32
259 37
205 185
50 137
91 225
252 251
216 156
155 56
170 17
220 272
75 17
176 247
134 121
189 124
251 224
260 198
98 79
77 144
263 249
280 72
193 251
41 250
248 37
25 136
53 86
126 128
226 143
216 78
105 123
43 198
189 21
114 128
99 190
271 204
281 111
117 192
203 281
160 11
36 26
146 89
235 113
58 179
98 273
98 202
115 140
241 22
3 74
149 224
105 261
146 227
213 263
137 135
104 139
145 139
6 133
227 240
245 126
260 184
118 76
228 74
216 187
218 102
208 2
49 187
148 275
118 252
254 94
74 111
239 54
239 90
123 198
176 248
18 202
84 94
148 157
28 53
93 87
278 142
88 45
47 77
38 7
170 10
100 243
243 180
139 201
111 261
240 129
227 257
49 30
69 196
28 219
90 244
147 209
104 235
253 274
153 133
280 42
142 221
126 227
120 264
269 72
243 227
200 189
44 248
60 113
4 210
173 94
172 39
21 118
115 116
110 267
248 231
150 231
170 276
18 131
258 5
203 62
231 121
92 117
88 151
71 214
79 243
149 93
123 12
210 237
127 38
65 216
268 214
165 279
50 25
129 150
29 173
211 102
12 21
218 222
13 7
155 214
249 22
25 214
33 76
169 1
113 75
216 222
8 223
62 57
247 32
48 275
204 258
95 215
120 31
279 255
160 152
188 251
15 54
183 171
130 193
171 84
268 229
25 275
170 209
173 135
240 221
251 162
39 188
218 1
60 215
97 220
208 3
189 65
57 213
235 186
124 269
110 71
135 226
82 185
118 58
143 180
28 23
60 215
83 183
274 16
280 54
66 1
84 130
180 15
83 207
139 48
37 90
242 171
35 42
75 152
100 59
173 250
205 74
183 6
99 17
21 97
71 86
220 154
215 242
11 139
167 149
187 203
238 147
216 272
30 9
265 252
190 279
220 113
195 121
118 12
261 262
108 173
189 169
45 246
129 55
103 15
45 131
217 125
119 151
238 272
1 222
242 33
61 181
145 255
143 263
266 122
85 215
13 273
103 181
79 231
77 24
87 245
154 146
88 273
15 44
105 139
107 65
171 168
245 157
264 230
138 249
193 64
24 48
179 126
228 257
199 146
280 4
109 153
149 196
267 6
82 213
267 188
277 279
74 83
154 57
31 134
147 223
197 12
270 94
138 58
193 178
46 191
23 154
185 14
192 12
19 273
224 127
179 62
124 95
144 277
274 174
129 262
238 168
273 69
103 252
249 14
148 13
47 13
167 73
26 77
208 44
191 273
12 88
53 135
182 196
253 16
211 224
277 10
110 269
78 54
81 45
191 71
58 237
83 66
151 108
265 77
274 174
192 4
261 244
261 4
1 232
142 53
174 138
185 125
248 262
179 170
149 211
240 48
8 41
113 158
148 219
77 263
111 268
266 213
72 87
58 195
38 200
90 53
179 274
20 268
255 40
156 245
250 115
11 257
155 246
133 145
183 51
126 135
160 234
66 232
39 247
268 199
165 76
252 185
69 113
171 165
152 168
128 120
1 261
95 279
67 69
265 91
243 109
225 121
184 132
194 65
97 23
263 103
98 75
6 8
187 18
172 57
28 141
176 28
243 112
148 28
23 131
118 265
82 184
227 265
35 140
48 254
162 30
76 101
227 204
109 133
64 122
189 91
105 207
241 66
160 108
217 182
238 176
7 38
79 234
145 236
215 192
208 218
63 2
160 9
48 268
141 111
232 171
43 55
219 2
243 98
232 178
121 189
73 128
68 274
203 54
228 136
246 154
195 150
279 73
158 168
183 140
278 256
153 162
29 90
163 113
187 114
10 27
144 205
277 53
197 198
107 266
175 194
138 211
185 258
2 185
144 26
166 263
281 37
143 151
127 148
264 155
103 115
23 246
38 141
140 234
57 88
218 73
123 197
2 27
16 127
211 1
275 218
106 275
255 90
267 223
237 91
219 181
205 242
145 242
224 127
36 281
214 95
195 179
134 39
205 272
165 257
114 158
193 219
274 8
28 260
230 106
192 168
6 116
251 273
199 193
241 77
34 174
13 71
194 269
109 240
259 273
215 92
272 249
152 265
99 21
85 47
127 276
56 255
233 25
88 151
60 48
69 216
63 81
5 256
192 113
214 169
227 270
102 218
237 254
43 54
116 250
224 242
244 279
57 38
146 145
30 47
192 98
262 254
20 109
70 211
221 2
222 9
271 165
68 260
110 245
95 201
29 55
5 26
235 42
13 98
71 182
131 10
163 226
153 113
14 82
175 15
145 183
127 29
250 194
7 201
280 101
120 27
279 125
176 74
166 30
171 79
212 143
88 216
87 240
47 223
164 221
237 150
123 205
178 214
240 27
134 239
250 95
265 89
219 1
162 227
31 174
147 242
35 76
176 244
158 222
185 40
3 263
31 125
186 51
181 145
77 156
225 168
250 50
257 30
51 137
98 81
30 244
41 64
38 58
150 195
121 53
76 123
35 230
90 62
280 112
48 198
267 272
84 235
164 59
106 214
38 203
13 190
7 176
253 45
75 244
81 195
16 280
159 173
228 90
76 226
201 124
265 186
237 67
263 119
249 87
174 128
132 28
36 138
203 130
24 119
93 228
155 108
226 156
122 14
245 197
239 7
162 222
192 241
130 15
201 220
225 94
66 75
121 101
54 166
231 78
3 42
147 281
272 91
155 235
104 118
273 184
124 277
247 158
236 218
14 155
157 238
90 222
154 211
165 208
218 237
127 220
120 273
219 233
205 215
186 27
52 19
52 17
14 140
174 91
76 188
88 232
267 177
15 140
229 21
189 165
257 34
227 95
148 164
169 71
221 73
220 272
214 271
130 228
252 146
160 46
175 247
120 160
266 257
141 213
277 48
97 94
81 42
30 70
47 198
140 267
112 78
99 44
190 229
113 2
216 273
48 109
80 9
110 64
265 251
277 102
17 215
37 221
256 66
9 144
105 272
130 216
68 70
101 100
140 214
101 74
47 271
24 126
279 134
190 104
103 27
205 242
241 181
57 148
32 200
252 22
171 186
212 83
6 153
222 61
254 138
107 85
161 232
206 13
263 28
238 131
75 199
213 34
221 269
24 252
30 275
273 42
22 46
247 150
198 30
210 12
167 158
97 46
231 21
182 55
48 261
185 122
178 117
279 241
227 21
211 98
137 45
140 281
90 228
149 129
257 200
141 142
199 79
30 149
99 53
203 269
32 106
233 52
64 72
11 10
215 221
107 70
107 88
193 38
35 60
167 10
102 149
275 19
227 23
9 167
75 211
154 229
159 228
280 222
18 9
73 232
72 180
144 178
109 55
58 143
237 224
276 57
214 269
199 159
133 207
44 49
260 39
277 137
267 276
200 3
126 273
77 197
13 220
217 121
274 106
229 58
223 128
271 210
45 148
184 251
191 232
229 71
69 207
56 63
126 59
31 240
135 227
252 196
162 91
188 277
38 258
53 260
104 42
30 148
189 213
241 221
5 30
11 74
237 189
259 204
89 8
162 65
77 132
260 80
64 8
76 225
266 128
203 88
12 75
78 200
129 37
263 134
66 115
207 144
22 26
66 111
34 227
175 233
200 277
31 264
3 229
207 268
199 251
198 210
44 275
251 15
30 232
148 218
188 196
204 210
221 269
162 96
57 178
47 98
15 201
203 18
148 128
4 65
221 43
274 106
36 86
120 188
36 109
125 224
23 47
275 244
157 278
181 55
16 228
153 31
147 74
171 136
44 16
43 106
59 158
211 94
243 173
1 121
281 248
63 23
136 179
108 11
17 7
66 155
234 60
27 222
133 197
200 18
213 242
123 113
241 53
206 203
225 48
42 66
14 227
88 149
247 195
2 105
44 67
259 119
249 5
60 100
43 101
118 97
184 240
209 143
134 64
200 181
105 266
37 173
195 185
138 232
186 242
275 94
220 112
61 66
13 3
231 236
243 47
138 43
255 281
19 230
186 218
130 133
44 166
24 81
192 4
31 97
245 147
190 25
100 93
213 236
218 163
190 179
209 47
63 182
169 81
131 196
18 102
47 184
109 71
264 19
74 136
238 160
124 270
185 224
81 239
20 17
120 209
37 47
97 99
71 107
180 43
22 39
267 68
64 94
261 170
235 176
24 192
178 271
180 204
55 102
161 74
241 281
1 277
169 221
94 81
169 115
123 190
276 231
100 59
43 202
228 278
97 93
188 274
82 209
38 136
29 198
209 269
39 52
106 50
114 41
130 1
156 95
191 150
44 132
50 210
52 277
206 148
89 235
263 170
4 142
148 32
59 75
142 97
249 247
146 81
6 118
82 3
54 114
276 97
245 44
25 15
163 72
5 251
148 109
262 151
251 128
182 28
203 165
247 12
130 235
93 259
194 174
261 247
6 97
62 92
141 210
106 22
123 110
114 271
219 94
140 30
64 164
57 108
47 145
119 19
221 211
119 133
226 98
98 73
37 160
164 177
211 270
40 52
221 276
41 281
88 23
29 151
28 208
100 197
72 219
215 11
148 52
144 93
273 241
7 28
242 171
46 171
159 208
65 98
202 228
221 131
250 249
124 119
176 223
35 89
160 91
99 150
143 84
84 257
167 90
126 127
260 13
140 260
220 46
200 263
273 139
235 84
106 77
202 123
142 236
211 143
46 152
11 30
235 217
128 120
26 253
89 127
265 70
106 45
115 147
149 229
4 102
31 232
21 75
74 162
152 3
23 39
154 157
68 231
92 37
192 240
8 122
86 114
191 33
281 147
179 271
95 24
92 248
255 235
41 47
115 193
173 260
231 168
135 141
117 69
19 28
27 150
149 235
263 182
109 105
170 129
217 106
152 27
73 126
103 236
14 217
270 186
38 62
73 172
44 31
82 62
181 232
211 172
185 35
72 136
139 83
264 74
189 135
224 103
102 168
57 115
104 46
143 264
230 215
277 273
87 78
53 268
28 264
158 54
17 71
189 278
153 172
193 60
25 258
4 126
145 61
82 90
229 224
72 177
280 67
168 86
267 62
72 13
44 71
190 183
141 97
179 12
110 214
195 257
190 198
224 176
100 25
265 47
90 55
65 89
245 74
16 230
136 210
85 21
280 116
204 139
54 224
273 164
156 28
139 65
226 205
240 167
71 66
214 160
243 120
248 206
36 105
278 171
33 204
191 31
38 236
11 91
179 126
96 53
153 77
240 97
281 41
264 70
106 38
229 67
280 38
115 34
142 234
46 17
156 237
47 35
33 181
248 211
25 63
264 177
139 64
116 261
104 221
172 209
258 119
118 98
279 232
132 263
26 177
279 181
255 167
57 7
66 146
59 90
208 164
109 188
228 224
9 50
163 180
101 262
141 218
78 138
10 51
242 35
228 239
57 43
248 236
172 32
100 231
245 150
113 72
179 182
14 188
74 176
86 174
156 68
233 75
48 84
126 8
118 195
89 16
79 55
251 86
69 42
49 60
277 120
239 178
256 145
93 150
72 108
147 263
59 64
29 265
189 36
101 225
247 239
22 20
208 114
229 118
278 277
20 274
239 258
12 213
244 104
205 157
211 193
138 111
256 166
94 5
44 36
71 9
274 216
29 42
171 257
1 168
94 20
160 174
277 13
229 81
116 275
238 168
186 94
120 3
102 213
130 145
90 43
276 205
258 146
246 270
244 88
156 180
108 157
72 226
169 142
26 126
135 105
135 163
40 254
7 141
27 259
127 116
20 245
39 119
109 126
108 72
214 105
251 163
104 164
230 114
25 97
240 159
201 216
163 83
189 169
223 215
270 192
173 8
155 53
250 105
179 199
176 234
22 268
238 125
151 186
239 175
2 39
175 44
96 180
126 190
68 60
178 101
74 186
97 126
277 201
146 194
219 98
215 47
54 182
197 82
262 213
83 142
230 126
237 128
252 205
36 161
106 214
103 179
241 199
146 236
241 11
271 20
231 46
67 127
227 105
208 49
37 9
32 108
257 111
235 69
34 112
229 139
44 173
36 126
213 181
203 15
33 192
34 264
238 223
109 25
47 35
74 206
166 228
32 264
57 108
52 90
219 122
228 105
14 105
72 68
128 275
82 160
27 116
142 106
180 92
131 226
249 46
273 256
273 146
239 49
253 132
261 33
95 50
260 108
154 50
176 281
166 99
160 193
214 143
17 113
77 270
180 44
34 14
19 149
1 99
39 96
72 18
128 166
67 229
116 221
278 133
62 5
231 63
39 164
48 55
118 124
167 139
167 42
275 27
190 276
248 228
90 38
88 59
204 154
6 38
216 125
170 278
129 119
182 167
124 229
64 83
71 230
64 80
271 57
229 22
174 196
249 263
233 55
40 278
51 168
34 266
12 45
104 140
6 5
149 129
75 212
54 269
2 117
67 272
15 14
12 189
51 103
170 3
280 52
280 49
219 156
157 72
200 260
54 205
106 202
176 23
132 229
10 133
187 199
246 201
212 100
108 105
202 120
107 42
13 228
91 73
225 247
145 144
67 198
190 15
241 207
37 91
277 46
65 182
244 29
225 16
128 174
243 171
12 191
213 147
138 145
220 81
233 206
66 18
245 98
155 204
23 191
136 19
78 200
42 163
70 266
21 40
159 263
210 12
173 264
159 152
250 220
74 201
144 140
219 230
79 215
152 101
125 6
242 44
47 3
207 116
110 69
155 268
173 207
280 64
189 280
57 158
218 131
200 203
112 260
151 190
194 21
132 37
149 93
203 195
218 251
29 46
38 184
156 211
232 277
116 262
117 173
261 53
145 180
255 256
158 247
6 70
109 137
229 257
71 151
170 130
243 40
18 281
65 173
52 15
10 167
277 126
181 256
20 44
277 116
18 154
81 23
65 189
2 136
164 72
128 175
202 89
214 61
88 121
233 262
135 84
148 253
209 170
70 228
214 65
62 73
60 142
219 248
172 220
102 177
133 229
70 176
159 125
236 247
245 29
69 222
112 216
35 162
105 104
108 160
11 232
193 275
11 159
165 72
102 60
205 172
252 222
50 96
19 138
182 47
206 245
159 264
280 162
87 225
270 88
235 122
161 147
116 172
147 122
243 91
182 8
262 275
230 30
212 248
167 113
136 215
199 13
197 17
125 141
5 212
217 249
91 205
83 262
71 205
66 161
228 73
264 221
144 13
152 110
21 106
246 77
23 100
273 62
116 44
243 169
260 211
102 184
135 82
96 58
270 98
127 62
80 67
205 215
60 157
78 165
121 154
29 62
269 90
20 226
133 262
114 112
33 215
137 168
138 232
67 127
171 194
30 250
102 76
26 161
232 103
44 194
98 72
98 85
4 117
30 259
220 266
212 253
41 67
262 178
140 170
146 29
82 17
279 183
93 23
62 166
248 228
202 64
142 18
272 268
134 20
245 195
127 176
8 167
242 269
186 224
158 174
252 81
32 91
106 124
236 9
132 202
237 52
108 220
69 98
206 44
240 169
238 85
186 246
93 147
75 278
212 74
12 182
278 44
115 102
9 69
110 140
113 188
33 220
126 224
159 173
109 117
184 66
43 88
153 258
76 69
96 6
266 108
188 262
151 21
82 1
212 33
141 43
63 15
104 30
239 262
203 66
220 105
254 104
192 248
80 268
36 176
273 20
125 21
281 117
164 204
117 218
78 99
260 140
114 83
170 71
186 91
136 248
37 232
70 198
273 56
233 9
171 94
133 33
216 91
39 261
207 256
58 25
234 197
138 158
85 50
186 17
185 152
176 258
63 246
175 54
143 249
62 155
62 36
188 119
126 68
99 175
42 156
199 117
194 178
117 121
227 21
260 253
172 155
230 234
242 123
130 103
90 33
100 274
69 129
235 36
196 52
210 237
49 250
195 84
146 30
204 91
50 183
63 179
134 139
139 256
268 83
187 19
182 22
210 29
256 246
224 149
16 21
197 266
216 280
253 245
45 63
137 227
248 199
124 223
56 104
197 165
186 102
184 87
123 112
115 220
76 181
87 215
201 2
199 258
124 170
64 10
74 200
78 163
240 201
104 138
146 142
21 50
86 46
136 50
158 93
270 75
115 75
8 157
200 48
134 165
60 39
174 256
80 251
261 38
12 83
17 157
67 161
206 152
206 184
201 82
118 189
280 232
106 129
107 24
177 82
30 236
120 203
52 199
14 31
79 25
114 95
23 22
255 70
173 22
253 215
103 212
246 224
4 70
72 234
216 248
34 245
44 277
166 95
36 21
126 114
45 81
51 190
102 147
259 116
168 73
49 113
3 13
55 7
205 126
240 139
215 115
102 258
233 109
195 269
129 39
224 15
242 274
204 185
140 182
19 149
254 67
261 98
203 158
227 126
2 27
265 217
142 208
35 93
36 229
203 6
109 146
144 192
138 66
95 119
89 113
110 184
22 89
1 66
246 69
191 90
96 16
148 237
224 182
171 101
253 93
229 203
238 91
114 217
157 208
178 87
40 6
271 184
217 113
249 24
181 158
113 276
16 260
73 239
2 86
181 96
20 128
18 99
219 131
34 217
57 53
22 219
181 134
121 117
246 88
140 269
88 94
105 103
195 178
183 38
105 205
134 124
51 151
222 111
281 97
46 179
150 191
117 172
43 79
7 131
167 269
118 96
204 64
40 117
241 222
278 64
268 130
29 37
122 250
271 244
189 158
141 180
67 99
70 233
178 200
205 186
187 164
123 233
227 162
191 187
225 187
92 211
35 244
89 156
54 78
118 242
236 101
140 144
199 210
218 251
141 245
156 23
86 230
250 247
140 278
32 45
211 242
80 173
173 77
227 250
37 187
46 137
169 32
177 220
249 237
189 109
200 186
131 5
135 222
93 274
218 125
37 148
208 239
39 99
158 107
191 36
13 236
172 181
267 190
242 77
145 149
185 64
53 157
191 187
98 125
21 34
249 181
23 18
261 185
116 137
10 148
172 22
226 185
44 211
217 4
129 80
275 32
266 47
31 17
75 128
142 96
3 232
118 149
249 97
52 207
76 61
73 89
206 140
116 91
70 51
95 198
253 88
72 80
257 102
96 174
71 237
111 196
30 228
63 278
166 237
45 83
17 241
172 64
99 129
154 10
21 90
50 273
178 244
194 276
187 9
168 99
87 278
13 116
66 199
236 232
154 122
33 12
81 46
75 22
16 229
154 36
37 203
151 56
7 63
51 193
71 60
10 281
57 146
115 122
63 192
195 216
33 228
228 236
115 144
99 131
91 253
8 128
16 158
183 23
221 75
57 133
135 67
255 33
54 212
277 116
122 191
173 277
260 242
232 93
105 172
65 195
143 73
164 1
230 66
146 11
263 202
267 116
110 240
271 163
170 267
120 134
18 12
129 277
95 202
211 199
93 276
236 235
190 241
77 261
25 222
272 130
143 99
87 94
57 77
257 69
62 95
202 229
172 197
43 93
249 83
185 85
160 261
274 120
57 254
267 278
86 115
262 26
202 75
205 120
50 273
23 267
35 224
215 207
139 99
18 229
23 202
33 183
181 25
21 79
120 129
76 47
244 56
72 6
130 119
125 21
110 147
7 268
89 63
193 69
3 210
16 25
253 48
207 275
196 69
73 157
198 148
46 2
45 240
7 175
77 254
195 29
119 43
15 49
228 207
240 230
258 255
255 229
145 22
64 182
214 136
180 130
125 225
254 170
184 102
186 102
74 222
130 34
107 144
82 53
192 163
2 168
136 98
238 122
119 21
22 51
279 202
22 123
268 275
134 12
95 161
114 10
101 85
43 207
229 247
102 262
128 103
272 106
200 228
227 160
90 91
211 134
232 175
120 68
27 132
4 29
87 14
129 171
56 178
241 145
279 222
272 223
212 96
264 281
165 142
213 255
71 142
230 145
35 68
54 184
41 57
212 250
70 182
140 249
201 222
112 40
162 225
262 215
163 244
57 46
228 269
142 140
129 90
3 5
280 56
188 163
113 241
131 24
141 270
272 61
53 225
223 214
169 204
271 50
8 169
95 77
156 78
217 126
9 61
253 7
117 1
11 71
241 142
217 223
253 208
2 24
274 225
80 161
270 192
210 119
79 146
196 76
65 131
43 73
191 14
203 149
14 213
61 254
73 278
195 168
46 39
191 161
105 112
41 216
22 92
53 223
80 90
17 144
220 59
217 253
72 261
243 208
192 23
180 107
142 217
274 29
97 25
189 201
137 71
135 281
163 29
223 242
119 81
227 180
140 4
151 53
264 236
261 17
258 1
123 241
59 238
111 155
262 18
197 240
212 173
82 93
202 23
176 162
103 121
60 84
248 53
137 230
7 239
246 106
81 210
188 140
166 17
136 270
157 52
70 87
224 151
179 267
15 196
270 241
159 49
43 125
224 21
73 72
101 161
177 182
89 83
163 255
222 17
243 97
68 31
184 134
24 81
119 38
119 108
120 277
279 5
120 63
148 34
134 249
194 152
272 2
76 153
256 16
169 59
112 79
212 14
212 77
218 49
115 178
279 76
173 276
80 11
57 228
44 32
37 238
183 27
81 258
179 55
115 189
236 69
267 8
82 197
85 141
88 41
37 85
116 51
203 196
61 101
265 228
256 20
26 157
169 106
257 189
2 213
96 79
281 205
86 205
243 170
64 49
210 224
257 168
274 20
82 177
243 188
246 217
207 271
216 94
218 191
124 61
122 219
139 245
265 224
168 227
236 73
275 6
138 92
173 254
111 254
149 73
2 236
8 208
67 65
143 3
97 266
63 61
46 201
24 29
266 191
255 220
263 91
226 120
182 117
92 135
213 82
207 214
36 56
264 225
244 248
227 59
75 131
119 243
50 142
271 157
51 87
219 156
19 163
117 42
121 50
176 175
131 224
231 8
122 55
232 84
21 19
142 218
149 261
179 40
244 11
196 14
97 133
11 238
137 127
279 100
176 16
274 148
239 65
278 202
119 228
4 263
88 269
199 236
248 97
275 52
107 31
65 45
164 198
1 19
43 279
118 60
136 234
49 94
17 45
14 136
114 141
117 201
128 157
155 217
253 271
268 201
21 175
245 26
91 245
44 257
85 4
158 220
237 207
155 95
251 11
72 84
151 30
3 278
187 281
55 281
270 41
201 132
215 164
157 148
251 43
123 54
46 280
115 124
205 112
60 17
122 132
100 272
3 225
110 189
224 164
189 55
204 231
186 261
113 185
127 82
227 91
258 114
212 215
237 259
45 138
275 166
269 216
156 114
159 265
21 225
270 51
279 192
123 25
171 236
209 139
159 154
71 259
267 2
192 64
102 78
202 218
85 31
152 240
144 152
65 7
95 53
180 92
86 22
117 99
99 167
79 257
40 150
76 148
274 109
212 94
186 255
153 270
4 146
70 271
16 257
277 111
151 17
44 237
38 2
177 136
11 255
235 50
123 29
197 115
138 250
50 42
223 44
154 69
189 65
58 47
41 176
157 191
192 42
269 72
167 164
207 177
138 160
68 102
189 106
59 168
75 231
51 139
275 204
207 24
269 106
70 28
123 68
60 157
233 171
228 118
53 276
136 32
155 203
257 185
150 34
71 66
106 121
205 99
167 253
246 154
201 34
23 42
102 205
40 53
94 267
12 270
104 147
143 258
191 241
3 59
274 196
125 99
35 171
39 43
142 3
38 184
37 183
226 261
107 32
42 216
43 153
38 31
138 137
63 97
139 244
90 53
210 30
210 99
191 95
83 36
132 266
195 34
52 174
140 159
47 23
93 89
176 253
242 32
108 23
251 246
266 182
140 195
211 68
135 244
4 217
279 136
202 192
169 95
207 150
95 253
172 29
60 189
281 143
62 107
165 32
71 272
213 52
27 266
243 162
228 246
97 67
100 140
100 268
77 25
136 171
277 150
200 178
57 199
162 119
25 45
273 218
158 204
270 185
30 231
65 99
195 3
165 137
266 106
123 61
253 101
73 248
250 272
267 148
32 147
108 179
33 99
115 33
145 226
217 174
17 123
115 54
248 121
190 232
227 154
134 198
96 207
7 187
39 115
54 70
262 3
248 136
102 205
168 88
272 103
103 8
67 217
184 34
57 92
107 2
87 241
41 183
8 170
88 46
4 264
239 265
267 205
242 87
251 129
16 242
73 118
91 140
54 274
15 110
207 121
234 12
203 116
194 210
5 124
256 8
106 213
114 91
259 74
19 71
44 34
154 117
152 244
98 47
78 235
279 3
197 231
137 119
188 50
47 192
15 144
41 120
198 277
53 176
70 71
88 236
228 241
194 221
45 133
267 122
86 264
247 2
55 102
120 242
274 8
276 7
152 158
127 68
154 21
85 65
214 172
19 160
254 55
222 17
187 49
261 115
154 226
116 50
47 77
134 162
207 128
169 77
4 137
268 280
157 194
63 212
208 205
214 180
259 154
39 164
45 18
278 198
86 235
248 255
153 223
135 79
69 22
278 195
281 264
194 279
19 98
210 226
21 142
124 279
137 162
162 181
22 281
221 107
77 29
80 229
251 214
149 38
78 146
74 200
251 109
198 269
207 126
213 227
267 179
225 245
182 228
145 45
69 84
151 145
235 72
93 204
128 83
83 205
228 156
123 198
107 39
27 32
6 82
100 114
102 166
78 2
235 64
47 23
270 39
167 223
111 101
145 238
184 227
3 253
224 125
11 49
6 38
203 134
242 22
248 62
29 167
63 264
230 232
5 218
271 13
159 223
237 145
179 262
90 181
233 155
147 86
204 275
123 248
128 206
269 217
267 140
102 171
122 50
122 249
267 234
103 267
175 58
130 195
161 61
217 236
215 205
40 260
199 4
227 168
209 56
103 194
195 204
83 158
253 46
125 80
121 228
188 137
127 36
50 7
219 108
84 275
32 123
254 72
126 41
239 176
219 60
211 133
263 12
9 234
181 257
155 20
203 61
280 171
219 171
19 156
279 102
149 29
224 244
100 191
126 57
208 64
239 137
38 220
272 169
14 171
144 168
32 188
228 30
78 165
201 219
162 40
40 152
68 263
238 9
15 82
188 222
145 78
24 206
68 193
219 80
178 105
111 85
174 264
4 180
25 222
60 64
103 211
254 85
167 262
222 91
10 4
77 277
81 101
201 271
135 138
192 31
84 22
238 257
127 83
155 151
147 56
56 249
108 28
175 275
131 115
207 140
242 2
258 41
225 177
154 78
156 64
109 239
208 188
56 176
271 52
168 259
107 223
226 214
250 243
49 99
199 255
80 159
99 56
42 232
195 243
229 100
193 28
150 99
83 44
211 257
212 188
82 153
256 138
245 217
186 62
257 2
142 135
223 39
176 106
113 212
67 60
153 259
88 21
77 12
65 129
269 118
159 192
112 133
171 75
191 76
137 166
200 120
142 141
158 36
246 270
89 155
172 242
132 101
262 50
112 168
179 222
127 179
256 239
153 145
32 62
62 10
69 261
129 211
243 129
88 50
117 177
204 130
137 177
230 240
227 184
127 247
124 95
144 221
52 15
85 84
199 269
93 267
91 64
38 175
192 126
224 150
21 269
280 165
228 238
233 130
206 40
96 20
183 158
71 39
84 277
79 72
212 64
162 275
225 55
27 69
121 176
212 231
16 52
237 86
8 188
57 56
227 275
75 251
152 268
131 235
106 209
148 36
115 151
29 58
48 178
249 168
72 21
117 211
72 196
15 79
102 194
257 171
188 50
140 181
160 271
257 265
40 124
19 154
274 170
211 40
66 20
49 260
40 8
189 111
203 45
32 23
81 7
35 268
57 17
167 58
129 142
41 168
107 182
41 100
70 93
262 258
113 30
236 152
37 267
105 239
153 136
103 233
142 138
61 40
277 69
97 124
53 260
10 159
160 173
258 71
266 81
170 220
110 248
213 146
233 36
226 227
171 170
21 155
26 81
194 144
273 133
267 44
234 119
202 236
10 21
25 117
101 37
178 52
3 110
197 77
145 264
22 158
152 165
31 20
88 66
163 79
40 272
122 274
109 165
228 241
27 94
200 127
130 96
20 132
47 58
208 34
40 72
191 34
236 63
53 165
251 57
243 10
47 206
2 278
213 71
238 239
164 279
208 136
216 227
109 263
4 159
15 43
72 47
76 149
109 251
33 78
27 117
87 73
42 211
70 254
281 149
53 6
146 260
264 80
206 214
184 209
91 198
93 162
244 11
30 194
261 185
272 6
20 200
202 61
130 271
156 252
138 209
99 125
187 81
46 111
14 230
161 227
146 96
108 232
106 260
144 85
163 134
214 182
53 134
85 24
123 240
275 102
9 216
68 196
15 113
148 151
61 151
97 49
246 46
280 70
147 142
154 151
118 86
51 12
61 258
35 25
217 151
126 225
208 35
262 65
271 129
215 50
121 153
221 85
40 61
154 186
203 149
55 162
77 229
173 137
205 49
162 263
41 129
49 249
6 29
32 276
280 88
167 119
241 107
203 122
167 198
150 211
189 46
91 107
274 105
243 40
153 246
21 36
217 192
3 222
221 157
216 61
244 101
180 45
49 224
167 216
264 158
145 171
203 78
119 196
182 80
77 177
168 220
212 226
131 56
166 70
212 223
130 16
165 151
184 214
217 69
271 199
68 257
211 270
53 48
26 77
250 102
95 259
41 25
203 13
203 210
205 256
151 53
271 158
46 173
213 262
83 202
179 150
19 231
262 72
278 6
271 88
231 84
66 113
231 268
125 275
197 48
249 189
223 80
188 268
95 119
90 19
162 110
11 181
59 272
94 55
277 83
143 226
8 50
180 80
36 23
73 74
70 163
105 135
242 11
121 178
130 53
197 133
162 207
32 221
197 125
117 34
49 101
102 179
150 281
258 28
146 172
101 215
53 205
191 137
58 31
156 187
206 71
161 86
119 193
25 157
159 265
33 208
84 134
228 76
256 205
103 120
218 45
177 113
250 86
91 26
239 246
54 163
159 214
249 119
248 115
276 126
98 27
175 24
2 121
99 167
43 61
104 87
79 58
178 164
148 203
245 112
98 249
112 154
58 231
120 173
225 87
112 93
261 135
217 101
75 157
109 117
217 54
46 14
111 223
20 258
268 264
212 84
73 42
237 131
114 199
22 180
4 256
114 265
233 49
207 26
206 157
266 264
211 30
120 40
252 139
17 238
244 70
164 35
111 242
165 67
159 28
246 163
3 79
269 235
250 36
102 16
192 209
280 121
238 118
161 51
98 19
130 60
88 135
94 40
96 101
229 254
251 194
258 95
114 87
48 82
245 273
98 156
200 219
118 280
55 120
49 275
261 20
53 190
155 269
230 92
211 177
64 181
212 164
275 44
92 165
249 56
156 188
53 197
125 12
195 21
132 85
14 234
228 189
143 101
176 214
192 106
109 97
128 163
102 121
48 194
127 138
91 1
44 143
40 10
277 234
153 127
161 166
80 107
196 64
49 91
277 82
38 227
178 7
108 122
127 279
157 254
135 247
96 179
231 258
188 226
211 60
195 213
67 116
38 105
179 209
195 174
9 74
119 28
80 69
149 48
66 24
143 200
112 81
220 61
57 250
129 109
151 42
40 59
157 200
163 177
127 199
69 258
272 29
5 193
220 276
83 4
142 225
46 253
147 107
156 204
75 3
154 225
167 194
126 42
235 7
60 204
206 128
22 38
279 26
73 218
144 155
63 4
221 108
256 87
215 253
9 131
255 162
198 140
197 42
23 274
48 82
196 95
51 217
256 49
85 47
108 228
43 170
73 263
120 170
68 53
142 199
25 115
203 222
97 241
263 242
233 153
43 270
247 216
48 63
106 255
109 213
43 274
225 115
256 63
3 165
238 144
206 262
101 250
203 39
209 26
280 3
178 164
272 267
222 161
48 46
134 280
101 176
272 44
9 88
229 135
95 185
120 19
7 62
268 51
100 37
77 222
39 254
227 153
81 167
32 129
55 166
127 155
183 240
40 34
47 268
168 141
13 129
1 142
191 110
193 132
146 269
195 185
83 141
56 164
149 87
11 203
94 260
199 277
218 238
29 106
66 38
88 201
166 88
62 75
197 254
49 62
83 243
88 165
225 266
170 93
194 22
137 7
123 55
125 60
134 276
7 42
32 95
242 39
182 22
114 221
275 4
124 199
246 211
206 32
195 94
247 230
239 102
236 80
279 202
262 132
196 269
173 227
205 256
266 105
278 221
167 113
66 9
31 153
219 236
184 255
171 149
204 128
251 281
50 90
202 30
63 116
140 77
185 63
52 11
10 48
231 176
2 15
185 32
9 245
109 193
219 280
60 264
249 152
263 17
242 183
170 23
141 28
100 44
91 151
54 100
40 126
117 41
263 20
196 271
265 23
24 44
144 84
26 235
77 130
93 37
155 262
183 14
9 124
180 222
274 75
163 155
42 279
195 23
141 232
135 247
255 159
9 240
84 157
193 160
128 5
39 1
108 221
137 116
63 35
56 178
232 60
174 273
58 210
137 198
161 114
5 134
114 136
215 197
134 250
198 261
254 236
104 80
17 240
38 202
117 216
221 67
276 113
182 175
165 37
214 44
150 218
19 263
72 233
20 47
201 60
26 15
137 129
218 277
211 97
197 169
31 260
235 148
214 258
41 97
14 96
263 5
32 281
110 226
75 252
