529 4166
475 28
450 172
73 256
199 37
121 376
180 41
445 259
313 296
493 121
237 95
450 267
338 197
417 331
299 405
397 367
155 130
181 75
88 254
117 73
77 237
448 257
277 151
302 376
446 265
284 469
147 520
206 271
187 94
72 485
285 255
110 439
384 290
300 258
330 416
330 194
439 249
450 503
186 9
349 102
273 419
357 206
196 34
476 383
443 334
125 514
376 234
424 230
311 510
275 427
397 75
91 306
110 327
279 295
335 415
183 395
91 11
71 287
360 334
456 60
454 367
44 300
72 254
317 169
235 62
382 102
136 473
194 246
270 260
327 392
145 510
257 22
520 114
95 137
447 21
196 372
388 239
142 246
493 458
201 198
519 53
86 442
312 66
158 369
325 484
231 256
251 274
278 28
387 372
164 305
180 359
463 354
385 391
386 135
320 373
119 96
425 204
8 524
269 481
363 381
223 380
107 473
124 171
501 510
330 135
72 509
281 5
120 452
396 292
57 502
135 175
68 346
378 392
340 433
343 489
71 36
126 178
296 249
348 267
230 464
188 88
230 468
93 349
390 275
427 233
247 32
407 101
165 42
279 504
262 93
251 332
444 376
296 526
412 431
263 428
365 238
515 66
176 394
201 353
139 99
56 172
130 250
273 294
291 338
56 23
217 93
355 132
255 437
444 137
338 178
35 174
415 337
239 377
201 439
516 127
8 359
298 454
79 357
5 156
166 376
179 382
468 320
300 510
227 215
117 36
179 468
525 380
275 234
14 262
459 317
388 254
146 473
494 11
300 498
482 252
132 131
421 70
237 191
50 251
192 483
73 157
421 68
323 482
88 124
214 333
440 389
57 372
332 337
169 102
306 121
141 437
39 32
293 62
9 130
312 517
83 384
144 290
238 254
29 112
377 242
445 74
101 288
445 219
96 84
108 401
520 248
95 29
279 174
91 74
303 189
61 172
360 205
461 68
245 276
180 92
518 411
165 405
169 396
95 264
266 202
451 256
236 16
72 514
506 478
58 279
137 435
238 496
110 485
351 141
232 317
232 7
198 183
411 366
49 292
101 314
280 338
356 515
141 427
286 117
375 131
182 299
36 419
265 461
375 86
72 77
189 90
83 386
272 280
10 107
359 426
420 109
234 33
411 374
460 483
490 92
84 143
390 435
32 126
366 193
527 224
269 187
100 138
359 371
205 368
477 34
264 154
142 285
187 339
129 433
293 406
524 376
335 385
69 366
297 434
346 81
445 401
54 15
10 413
173 214
38 436
247 89
61 175
373 34
301 288
466 64
164 247
226 498
102 294
122 185
515 254
266 217
125 106
231 134
518 403
134 343
310 167
218 157
129 377
506 429
135 229
279 86
475 504
370 364
56 278
335 41
2 71
257 127
177 274
47 481
464 497
81 31
450 298
187 49
145 479
264 67
178 13
468 439
517 308
273 359
373 395
399 374
465 442
287 428
186 121
167 436
88 34
466 8
119 123
57 50
388 107
116 36
120 54
262 423
149 321
252 521
186 437
152 438
136 439
123 108
30 289
15 433
110 480
440 228
390 283
277 248
390 180
71 296
233 332
189 168
123 440
475 96
134 98
4 269
323 126
376 352
202 390
255 311
341 481
9 201
22 72
235 411
251 305
177 271
423 152
438 333
378 171
428 511
268 218
250 61
343 412
199 15
273 240
325 400
191 120
387 212
192 92
409 229
184 372
499 393
523 195
196 158
365 410
139 419
98 175
479 228
58 464
242 117
174 354
516 151
260 160
150 238
251 345
467 221
188 436
85 497
417 67
126 252
477 51
141 361
226 406
59 70
340 88
502 513
441 275
451 487
434 71
196 471
415 133
163 389
355 247
357 30
100 269
68 47
319 525
195 331
401 40
187 528
127 159
298 354
220 219
312 124
76 507
66 491
426 15
350 38
48 493
67 147
232 135
510 338
130 175
455 317
214 113
315 341
58 84
481 278
89 263
188 165
27 253
126 452
54 262
490 101
13 343
248 31
477 228
368 393
189 81
181 402
193 282
529 37
152 481
101 241
1 289
192 28
328 104
266 382
365 13
482 164
356 516
195 90
214 349
270 189
429 237
62 408
518 377
232 457
115 332
168 432
91 359
459 419
462 511
58 84
524 10
248 350
526 229
226 526
48 495
186 264
202 34
142 507
197 373
434 99
492 388
1 53
4 246
258 252
227 315
335 221
112 369
357 424
384 54
207 219
335 179
482 324
212 410
88 196
41 521
294 3
166 294
55 169
10 100
207 236
201 12
244 99
168 71
522 338
440 516
27 246
165 508
356 164
389 443
359 429
221 123
431 173
203 272
341 212
158 18
234 359
345 477
457 299
19 237
108 245
10 134
277 174
113 103
337 288
332 482
187 23
75 404
195 64
462 322
275 91
126 509
236 258
243 479
27 48
186 450
293 195
55 40
156 483
459 279
28 261
232 1
71 93
404 52
157 123
374 218
213 286
513 235
14 227
185 357
274 370
277 37
352 118
393 294
387 322
43 414
53 274
414 123
154 75
175 310
198 335
527 197
91 511
219 421
524 403
35 268
30 311
92 381
216 484
461 73
276 504
274 115
35 474
238 188
20 199
284 4
320 69
516 197
366 205
88 360
78 122
414 108
220 292
275 222
246 207
81 308
497 354
423 2
86 447
506 105
432 260
424 222
115 410
418 480
86 293
97 479
201 298
373 207
60 119
428 93
112 296
400 79
436 80
80 521
313 56
412 215
103 306
223 217
187 428
484 59
191 367
324 178
135 168
385 195
73 70
74 184
152 260
262 59
340 128
50 439
500 462
441 389
25 134
392 527
32 346
56 9
500 167
503 105
334 145
86 193
1 159
376 153
419 424
211 16
338 47
241 95
295 152
483 320
286 346
317 104
478 160
429 448
326 402
340 446
17 425
425 17
371 271
485 47
481 166
378 289
529 89
171 294
241 124
400 313
256 188
203 205
134 102
439 246
290 249
478 93
461 373
426 89
114 381
135 381
334 299
456 333
387 97
413 414
221 284
513 476
258 187
467 391
75 377
423 365
96 371
457 343
214 140
431 114
521 352
281 112
121 207
444 295
304 114
495 311
184 479
44 441
452 298
89 526
145 511
148 27
352 392
370 352
2 271
252 522
94 3
104 1
210 334
295 300
235 48
397 418
526 227
330 448
524 418
231 139
187 379
482 325
241 322
464 29
379 186
22 259
189 441
47 185
33 341
271 267
388 138
155 171
151 271
405 146
476 423
71 449
272 23
244 299
131 178
327 297
364 135
26 339
363 388
310 395
200 51
448 374
504 389
332 125
131 523
57 393
416 128
312 158
466 26
243 384
520 357
151 141
491 492
266 324
351 46
505 337
96 210
497 70
70 299
510 516
293 38
166 495
481 477
440 417
289 153
271 66
509 208
206 258
171 471
368 521
516 131
328 398
340 295
467 196
381 235
498 460
272 134
425 10
397 335
426 473
488 484
9 254
162 2
511 119
259 137
110 33
267 224
430 77
306 155
60 473
389 28
403 447
478 298
456 132
420 139
391 165
409 400
418 358
188 187
476 446
323 373
265 60
383 166
452 159
107 298
102 282
113 291
515 377
376 228
508 266
366 370
217 33
27 105
390 214
78 123
446 187
282 182
33 136
134 272
81 27
40 499
308 152
260 293
528 422
520 294
158 143
450 374
175 476
266 351
476 130
261 179
104 13
360 136
464 280
194 16
306 234
301 84
172 347
163 487
240 469
251 184
83 171
345 44
433 397
395 379
526 442
28 416
454 175
23 389
241 216
191 18
236 491
417 408
308 367
365 334
306 402
518 388
359 333
219 262
516 400
427 299
312 241
186 236
202 208
411 443
210 388
247 233
136 134
111 444
500 262
35 277
450 23
451 279
142 140
327 128
326 11
427 108
38 83
131 27
77 328
469 73
187 502
305 322
106 202
23 393
250 58
456 170
396 164
448 9
91 32
452 416
358 136
524 396
5 125
422 81
239 148
470 425
120 245
218 12
234 27
404 483
400 330
124 267
281 358
62 371
177 513
257 5
436 251
400 440
162 79
521 401
226 248
83 345
492 87
357 196
114 18
466 513
348 60
37 99
204 98
256 380
398 512
385 304
21 255
214 498
334 521
156 346
239 162
518 112
305 500
12 322
436 312
456 495
348 25
486 233
67 336
101 50
191 70
233 191
354 353
183 510
169 208
6 117
196 117
421 483
129 214
389 440
140 142
258 481
98 277
18 433
377 67
411 354
452 114
16 64
466 514
44 421
192 365
9 175
481 429
128 396
113 303
306 40
444 351
520 328
414 324
232 262
178 429
402 100
13 417
479 265
401 309
472 380
144 480
25 412
380 468
278 279
241 371
318 156
508 95
483 392
419 501
440 67
187 313
482 199
516 432
250 175
211 193
25 142
143 365
24 309
303 88
375 14
245 163
485 223
45 226
402 463
513 99
529 171
198 268
156 185
170 406
359 168
385 170
96 314
5 119
94 522
255 107
238 417
379 247
461 391
119 181
374 5
496 15
202 235
487 173
191 150
318 145
5 487
240 105
491 145
514 55
138 239
478 375
127 114
92 374
504 527
342 348
2 308
150 519
329 423
163 307
43 480
451 363
225 162
467 502
306 452
344 230
161 292
75 74
192 483
448 166
267 47
300 55
354 236
44 470
129 522
247 171
473 168
320 168
116 258
140 209
180 483
438 340
32 300
414 223
40 119
175 306
165 475
360 305
497 403
32 97
396 278
54 126
233 374
80 135
418 6
343 68
276 39
407 94
125 78
104 164
196 278
469 147
10 299
239 507
488 270
390 141
19 230
53 38
390 132
172 278
454 302
345 516
340 10
80 464
87 183
414 70
248 353
216 257
438 454
21 183
195 410
111 529
427 163
37 287
82 208
36 322
509 380
308 106
389 387
356 476
357 240
16 391
379 18
434 287
472 455
257 453
122 367
452 19
316 488
306 184
482 341
505 462
507 283
38 154
457 394
100 71
420 431
461 270
235 365
343 493
77 70
416 199
223 338
4 326
83 96
509 36
223 485
284 201
25 321
354 268
501 240
338 392
457 56
132 162
208 474
126 284
331 328
269 340
453 273
136 6
155 116
357 378
387 111
365 411
432 189
150 190
215 274
368 142
330 499
90 8
231 2
291 32
330 347
158 253
406 294
45 31
196 402
408 53
512 243
463 201
218 399
391 432
144 229
360 473
515 450
480 3
238 28
350 38
374 507
77 250
271 122
68 466
310 262
518 292
292 239
280 509
424 141
199 38
156 29
297 457
265 34
459 503
62 279
327 222
257 191
259 314
99 326
251 408
58 26
170 349
51 449
116 475
376 314
512 319
129 67
33 181
100 492
470 161
241 54
170 284
244 428
69 342
224 106
220 68
447 177
204 498
412 106
443 46
206 212
364 121
278 396
301 378
145 241
325 173
295 494
456 325
392 311
138 402
416 144
257 121
320 247
89 519
352 318
35 344
316 398
464 381
51 236
16 196
263 340
368 344
92 81
140 270
392 64
143 65
207 186
185 314
432 60
303 41
377 337
384 480
521 318
331 42
340 346
24 74
472 391
417 34
259 343
304 121
406 233
501 84
418 473
397 107
3 486
463 167
293 317
117 284
421 234
325 232
366 136
92 308
313 295
129 42
109 432
478 301
451 450
384 126
393 38
19 182
310 481
348 73
55 251
356 475
484 468
493 320
390 55
415 173
350 14
215 245
232 163
16 153
399 187
65 49
11 83
231 321
350 49
393 404
87 7
136 41
261 100
148 121
470 33
293 290
46 294
321 64
244 337
3 113
523 67
162 320
465 392
111 285
227 291
159 100
297 81
141 344
180 288
464 121
107 14
197 152
95 305
2 338
112 4
450 421
70 398
211 5
47 109
76 274
399 234
373 166
101 300
296 281
374 17
188 480
30 171
418 440
475 419
248 373
422 169
51 278
353 49
282 400
157 357
144 26
377 303
507 478
390 273
16 234
76 519
501 421
476 176
332 209
66 50
52 274
5 419
23 358
467 304
228 410
448 158
222 82
247 515
30 423
45 361
128 120
350 415
11 297
61 342
292 442
179 343
187 183
19 209
327 272
299 341
152 217
498 160
86 3
145 115
425 189
263 339
308 399
224 319
482 72
447 244
513 96
374 170
66 392
165 179
135 464
520 73
467 275
233 23
277 377
454 489
37 187
298 131
56 309
236 325
167 154
39 150
36 412
107 101
275 58
67 196
521 57
55 246
331 287
268 395
451 508
354 274
165 438
404 8
217 111
119 170
51 157
320 86
40 213
503 101
270 40
296 49
412 137
294 529
424 348
394 132
327 5
405 278
443 66
72 446
492 190
87 13
347 193
415 386
192 175
273 461
214 355
509 96
491 273
95 172
92 276
303 205
280 494
482 509
347 25
213 309
214 86
109 31
65 310
203 256
484 475
503 168
87 483
50 49
13 460
220 420
206 310
95 273
274 48
39 407
388 38
187 72
439 82
419 503
391 92
229 345
354 519
512 440
472 348
488 271
278 495
162 271
62 43
330 122
406 368
529 264
193 186
123 102
267 12
76 444
103 91
259 243
80 28
154 338
375 428
80 439
180 28
180 241
70 509
363 263
135 362
526 327
334 119
428 387
446 290
301 20
381 30
262 247
57 202
56 431
101 451
127 280
478 307
308 334
73 141
67 523
502 380
320 93
285 6
479 202
295 250
8 462
279 56
180 335
258 22
23 145
472 149
211 207
242 518
11 102
129 394
95 417
31 202
509 102
207 458
90 288
178 413
8 243
469 187
364 513
524 386
128 253
322 338
459 350
327 256
451 242
120 333
130 466
5 109
39 527
354 128
285 318
328 292
32 267
265 395
250 46
39 164
298 147
501 227
496 85
483 205
327 389
324 456
326 328
351 151
325 175
65 396
493 392
159 311
129 210
176 165
256 214
328 24
147 300
38 430
171 307
105 497
166 428
210 491
13 32
112 337
522 493
519 272
355 464
53 484
145 229
119 187
229 234
526 376
320 350
276 490
127 167
458 293
381 138
41 393
485 469
516 478
432 505
7 257
440 60
527 371
75 117
28 303
137 340
465 456
161 211
416 287
164 131
366 15
56 407
194 327
346 180
62 35
156 69
291 382
128 289
223 202
192 37
291 328
163 227
254 323
224 456
397 175
374 233
189 429
110 383
226 242
349 288
276 291
356 354
143 270
113 152
258 91
504 19
418 138
32 458
247 256
171 114
430 15
347 405
443 243
45 456
485 394
1 18
471 143
371 85
412 270
23 140
360 527
474 248
451 506
492 168
19 134
282 448
148 99
110 378
128 155
304 83
335 91
101 276
233 258
147 431
528 486
357 358
270 301
393 191
64 142
358 82
275 426
316 210
311 426
58 439
367 148
308 488
238 195
234 257
453 168
158 451
124 514
66 393
72 245
370 136
387 198
217 448
411 4
128 508
216 185
417 53
119 196
11 356
177 31
399 100
514 27
337 108
327 190
287 399
434 127
321 78
112 8
526 522
327 124
500 13
96 175
381 214
157 178
357 333
525 226
433 509
40 27
404 366
216 161
22 437
288 342
514 399
137 510
178 463
105 148
263 516
109 430
200 265
79 343
69 390
40 288
369 395
101 243
231 104
191 40
11 478
381 524
134 304
292 311
238 396
245 287
169 354
187 368
89 265
182 473
441 8
18 281
402 119
310 419
222 287
245 232
235 97
13 155
400 304
465 424
486 181
181 125
321 368
280 196
419 248
140 331
255 473
398 443
62 494
119 70
252 364
88 486
247 417
112 433
191 363
328 464
330 295
375 121
449 125
317 339
159 243
456 413
502 324
113 351
288 232
420 10
66 295
283 99
182 181
2 159
14 116
93 131
411 255
251 330
166 354
455 325
383 381
524 356
491 108
177 250
126 383
46 507
148 115
76 116
295 77
275 96
193 154
226 390
408 476
506 45
88 432
156 257
70 150
399 32
44 362
68 169
216 113
146 150
228 8
266 309
401 327
404 380
480 100
240 146
363 3
506 237
434 132
493 504
281 363
322 325
195 389
280 197
288 213
134 302
220 186
82 407
512 272
257 249
159 283
394 308
286 370
15 190
288 294
480 356
443 59
467 109
447 217
92 522
429 225
81 436
410 162
313 179
221 357
428 379
110 292
157 395
449 487
372 207
251 109
33 165
168 499
60 401
503 151
180 189
163 261
95 359
209 195
9 429
22 223
65 447
301 8
100 220
494 471
214 3
366 33
167 320
319 226
508 292
163 158
267 112
418 149
258 414
343 53
100 151
275 165
68 46
488 167
53 453
424 266
455 48
85 408
367 403
420 345
481 369
290 219
481 494
367 525
378 496
48 478
117 109
429 500
470 387
454 522
310 135
45 22
182 130
429 20
319 151
271 475
440 276
426 405
113 208
40 79
255 304
511 150
203 481
90 61
192 399
157 327
443 495
508 359
394 314
149 500
465 206
232 162
481 128
353 64
122 180
458 376
483 439
312 157
177 401
4 369
270 160
166 500
125 144
329 306
245 264
63 496
469 294
128 420
208 268
270 329
447 198
491 400
107 273
343 284
460 346
439 201
506 75
487 417
5 286
193 249
21 42
215 276
122 130
167 329
184 223
444 101
421 405
287 314
464 101
384 395
233 293
382 209
367 339
413 159
411 392
407 431
434 409
178 26
9 131
142 508
353 56
79 31
461 152
345 182
39 515
47 272
279 215
267 432
340 150
377 222
13 255
439 233
450 403
258 245
320 186
223 144
242 88
490 489
239 305
141 278
78 504
336 356
189 73
45 529
223 422
8 22
463 446
254 383
320 511
98 110
168 320
40 196
194 1
155 432
92 82
496 169
56 89
311 32
162 143
347 171
35 354
192 284
57 445
453 163
213 21
60 167
127 99
362 320
415 303
9 294
385 292
462 227
380 31
258 12
173 75
182 523
215 160
277 272
75 200
221 288
7 280
241 449
166 74
26 51
163 34
344 18
112 64
245 492
94 502
290 53
364 259
46 365
418 109
107 280
95 115
38 417
394 65
336 30
138 361
397 301
181 211
105 293
61 349
42 470
109 331
522 259
60 354
94 265
462 517
15 343
102 368
230 282
432 352
312 357
183 179
128 151
176 19
230 24
155 271
493 263
388 486
308 448
97 401
499 346
175 513
159 63
351 176
345 253
527 127
80 497
92 523
118 54
329 134
77 483
404 41
3 262
313 310
496 196
497 465
12 459
235 171
521 56
133 336
96 130
249 175
97 340
485 1
181 284
134 257
24 324
84 26
373 183
335 126
379 89
62 177
18 296
134 10
139 266
345 234
396 381
195 279
507 466
67 158
220 516
202 243
311 285
55 470
255 389
66 420
478 127
67 495
210 201
291 135
466 423
368 119
274 349
398 251
286 251
196 292
237 397
322 334
468 376
274 193
236 340
83 500
253 466
252 462
137 330
67 389
223 221
295 496
41 163
4 326
200 199
88 436
66 196
241 5
43 514
513 65
324 383
351 364
319 73
296 242
402 150
101 411
157 395
377 197
344 381
309 330
366 184
237 219
379 264
223 421
248 522
485 359
375 93
193 164
166 275
192 354
211 80
236 368
261 399
351 392
37 447
192 403
101 428
92 266
162 101
158 197
93 429
26 255
309 5
418 474
66 397
85 277
476 107
431 207
506 39
69 329
485 261
202 372
475 80
109 108
496 53
304 376
268 116
101 47
436 305
307 501
172 392
35 118
285 252
325 261
291 180
377 246
440 49
89 386
445 513
280 198
36 370
44 303
272 144
137 178
449 443
465 407
92 500
525 377
222 107
424 299
286 271
332 197
107 420
369 22
190 119
219 225
488 50
314 230
193 237
194 428
151 129
306 242
415 301
405 424
407 300
193 479
41 524
462 147
201 301
484 390
206 490
401 480
10 502
496 518
209 160
417 146
76 193
175 490
280 50
171 473
349 364
422 177
145 355
110 133
442 65
309 119
341 497
69 350
469 36
338 464
511 225
397 57
204 42
334 483
91 504
426 227
125 106
403 57
460 512
189 159
363 497
277 174
251 133
523 506
484 119
441 252
130 95
309 334
136 429
74 13
190 287
239 315
392 112
158 109
95 346
267 457
100 331
102 351
250 411
114 204
316 341
455 446
435 21
37 41
236 426
54 426
183 292
527 361
191 155
256 285
287 523
528 173
111 416
310 360
85 424
350 400
235 62
103 141
399 455
497 105
352 337
317 321
416 314
153 77
255 408
148 12
188 462
501 85
349 281
444 220
491 51
406 513
113 509
440 511
221 407
402 359
2 190
151 417
290 90
280 16
284 214
343 259
146 314
343 281
382 45
500 130
95 164
113 523
459 23
291 150
217 164
509 218
140 446
421 429
6 171
231 76
171 45
334 316
145 148
68 313
508 354
443 389
517 26
383 446
365 460
383 52
94 362
56 20
278 476
449 70
433 150
145 74
510 266
176 442
200 30
225 178
384 454
37 158
480 206
391 102
137 31
153 17
392 208
37 456
470 272
312 160
208 243
20 189
508 195
101 178
225 112
142 395
37 495
339 303
171 516
404 94
17 343
111 195
337 463
437 277
205 219
223 412
249 242
387 14
436 274
508 447
173 120
99 209
401 438
511 359
424 172
452 228
514 349
422 108
282 117
171 273
122 393
472 370
105 116
384 327
390 362
32 33
268 130
28 140
38 325
498 249
496 207
476 267
27 155
374 95
271 15
368 393
194 310
20 85
425 403
411 72
22 442
420 290
359 447
429 396
29 184
431 311
390 164
48 203
319 208
298 376
9 136
239 518
232 259
73 443
448 271
515 470
499 192
17 328
110 445
511 454
415 412
236 62
363 70
265 152
278 33
314 73
484 24
378 186
69 450
99 303
191 400
243 161
63 259
275 488
490 256
412 162
455 118
224 288
188 488
226 252
307 10
111 261
349 488
233 417
196 118
191 386
518 220
333 367
479 79
112 226
121 523
388 46
428 82
333 402
356 345
440 133
355 337
393 174
83 412
378 278
529 39
134 304
45 254
457 310
119 39
7 239
349 181
72 34
262 404
435 404
220 132
7 361
468 186
5 21
68 382
85 383
207 6
158 252
259 85
32 377
124 354
402 259
5 473
292 53
135 513
456 141
115 249
501 369
434 505
177 288
145 261
142 351
266 86
389 311
486 208
158 396
32 347
125 353
290 416
405 424
186 119
35 300
367 6
456 59
298 419
133 442
150 61
50 203
146 439
513 419
433 458
285 464
275 410
74 35
83 479
459 269
384 280
355 8
286 68
66 370
486 515
69 423
46 118
96 508
343 79
397 246
7 152
497 68
348 41
103 431
306 348
486 160
98 168
170 166
20 10
438 5
394 331
51 512
426 29
325 505
425 358
298 363
325 366
182 365
255 399
142 73
355 88
486 239
255 127
404 275
452 313
279 317
114 329
86 327
144 197
89 355
25 173
189 349
9 370
501 50
239 429
122 380
516 79
89 242
521 280
303 230
379 52
17 279
168 102
76 98
86 164
453 110
337 112
246 132
481 217
498 506
116 90
356 102
484 444
130 262
510 432
492 359
271 295
109 438
184 500
6 269
135 458
378 258
356 94
176 307
97 144
70 212
21 425
101 504
127 230
237 107
449 515
253 190
280 361
414 463
331 419
202 252
135 51
296 490
460 472
55 28
402 124
26 422
336 126
184 249
143 207
142 62
192 394
251 471
12 135
192 130
340 393
168 261
230 464
222 161
193 63
188 381
502 213
274 95
126 244
343 268
237 485
329 428
136 366
156 464
287 347
64 97
527 231
145 227
481 366
387 460
215 361
312 187
361 372
282 486
86 411
11 322
153 339
7 289
491 478
223 248
296 73
131 80
90 275
306 42
427 480
501 428
311 283
402 458
125 470
414 526
351 424
105 504
20 111
50 297
60 272
15 142
344 462
221 433
207 313
261 421
263 20
319 45
302 191
502 214
131 174
526 269
384 102
243 191
528 292
487 374
350 502
515 480
434 522
170 427
306 431
318 39
237 424
399 9
85 159
9 3
332 322
271 186
423 300
376 421
62 121
53 198
93 38
148 313
347 317
526 439
5 102
477 241
525 134
37 396
292 361
398 410
153 455
382 362
225 16
41 73
136 93
270 228
446 417
327 263
521 323
488 312
424 436
340 206
356 163
389 118
310 257
527 463
499 379
82 194
394 122
54 529
1 323
14 447
527 127
496 305
450 455
403 131
148 213
124 503
162 512
407 472
26 404
192 524
40 273
505 221
182 29
7 182
138 21
99 135
463 382
226 383
307 100
301 241
99 424
214 261
193 407
203 218
68 181
529 107
453 291
114 421
319 121
74 243
457 488
378 390
340 74
31 433
489 331
460 59
12 460
319 204
337 308
208 404
488 523
298 198
284 411
90 389
2 479
103 458
224 267
319 351
340 136
254 87
466 501
145 264
431 463
254 239
28 461
113 302
455 197
286 525
79 162
385 80
111 487
325 122
224 430
472 350
36 512
223 501
483 367
22 385
87 275
410 114
522 309
202 447
506 488
230 55
120 85
450 18
358 245
139 368
145 81
504 496
379 198
467 333
35 275
188 438
20 384
338 13
163 11
246 139
498 475
193 404
346 430
208 174
145 133
328 77
213 303
43 63
287 297
182 108
42 156
16 62
10 354
74 172
364 106
98 119
52 77
309 397
506 517
358 122
120 156
198 120
245 240
498 2
7 466
110 365
92 441
426 101
265 286
59 415
391 156
4 229
233 100
413 209
87 28
330 522
499 314
428 215
341 183
3 134
119 428
498 210
340 394
310 75
466 156
277 115
311 280
343 14
379 13
10 252
356 126
32 326
440 459
327 38
113 329
171 231
228 140
228 354
4 324
215 257
479 491
371 261
242 500
61 407
513 70
446 339
512 477
451 422
193 248
459 92
48 416
110 62
26 337
415 346
131 100
73 397
62 443
444 90
200 504
283 499
361 515
96 343
249 17
22 442
265 267
320 99
153 429
160 495
236 361
311 154
247 383
337 95
83 251
500 69
12 254
39 372
239 134
501 275
150 309
187 201
362 506
299 515
193 245
480 428
392 48
368 110
217 175
520 299
212 491
154 224
2 192
66 27
325 354
301 262
133 487
249 282
251 335
267 443
366 4
128 229
367 283
125 54
244 115
139 456
76 292
150 393
484 2
420 66
142 191
114 62
465 150
343 502
484 396
415 320
399 329
335 23
82 459
76 326
361 214
39 223
292 504
87 246
505 506
99 118
483 528
495 205
148 308
177 418
174 62
209 359
178 330
381 259
260 243
371 91
456 409
100 218
383 186
251 146
478 136
50 432
134 15
423 69
109 71
486 69
448 165
427 96
495 65
355 12
307 512
418 20
179 517
24 348
490 274
493 438
409 329
127 330
130 21
398 238
91 354
93 9
306 519
421 58
370 33
69 147
15 273
482 193
260 506
328 220
37 78
445 446
407 358
33 323
378 430
348 255
41 440
51 346
430 471
403 57
503 258
520 304
1 472
284 48
448 82
54 485
159 498
188 352
327 7
462 491
436 280
4 263
190 370
80 406
98 269
463 71
314 453
161 314
182 231
361 101
312 202
372 258
170 346
396 283
352 328
32 45
78 351
307 55
191 173
460 288
229 180
145 13
419 305
326 72
7 474
488 105
146 330
149 102
462 16
172 284
130 203
328 524
340 105
49 1
278 295
288 506
262 432
305 151
523 417
9 316
361 496
421 293
83 40
182 15
371 353
85 501
342 412
495 152
517 330
152 52
95 226
344 356
128 119
294 437
6 302
224 154
56 431
233 454
257 414
256 99
24 340
386 365
223 138
303 526
254 241
364 348
466 178
491 380
83 42
75 404
343 298
344 185
515 48
110 242
248 365
127 272
175 299
423 184
436 513
180 160
11 14
295 477
507 43
114 60
84 188
251 213
272 381
398 257
428 294
499 463
445 412
521 406
182 201
61 404
184 27
351 195
41 432
458 334
474 358
181 344
333 431
27 75
282 211
119 497
291 404
430 206
286 208
83 467
408 459
342 379
485 479
360 525
381 75
117 325
432 297
455 235
198 268
310 266
479 215
233 27
89 449
233 374
443 102
99 322
31 227
487 515
176 317
298 27
391 414
138 80
181 63
315 165
330 411
430 66
96 450
409 184
156 112
344 70
213 442
178 243
455 451
15 101
25 312
443 415
512 51
281 163
429 66
327 17
476 15
398 42
251 277
12 406
388 356
262 387
55 226
416 510
147 431
81 171
529 311
372 512
361 124
145 48
505 259
64 452
60 461
280 310
209 79
502 383
434 235
28 488
460 443
255 394
131 336
351 131
433 510
429 264
420 360
311 395
89 161
104 464
409 171
244 404
249 217
257 469
238 71
427 484
514 469
348 431
62 486
32 494
466 247
228 356
78 326
221 482
273 112
417 152
282 131
26 1
134 70
469 371
140 153
326 440
92 460
129 469
416 476
433 352
194 448
494 271
244 502
223 303
84 110
455 152
241 267
468 161
123 407
3 50
346 328
276 225
45 404
164 461
351 68
70 15
515 351
285 16
323 294
105 193
404 346
344 431
84 282
62 522
475 380
42 78
178 105
302 10
508 253
470 329
320 326
130 92
147 201
423 256
495 527
448 369
344 49
57 214
330 118
522 62
498 35
140 462
139 228
258 433
480 198
20 57
311 149
464 244
350 357
500 102
142 205
470 272
254 313
272 370
430 264
432 185
298 358
434 223
56 162
443 323
147 462
379 244
397 314
487 217
457 105
69 133
361 127
173 144
398 13
361 133
231 16
217 59
236 227
115 185
140 224
331 72
73 45
468 173
318 472
101 246
47 485
165 408
83 337
22 267
349 169
399 51
501 87
425 207
313 326
178 239
20 295
310 93
126 35
52 444
506 152
160 340
424 111
5 293
447 342
30 53
511 216
419 482
302 315
475 401
111 124
110 131
418 206
10 15
240 61
458 4
529 404
130 423
301 134
502 218
262 2
57 243
4 476
511 92
261 457
492 158
367 388
288 255
380 297
56 407
145 300
197 144
174 326
353 261
246 325
478 507
113 322
8 117
268 518
208 315
232 487
472 69
132 18
111 299
101 482
176 245
253 372
175 213
484 527
474 200
109 209
493 9
1 500
441 55
276 435
369 507
179 99
363 311
116 473
80 3
212 42
248 464
413 209
464 154
523 408
140 102
403 103
426 404
74 337
245 136
243 85
113 421
499 475
518 401
205 384
403 417
425 437
138 95
117 72
248 110
266 387
527 140
277 424
330 137
18 45
272 260
445 384
468 201
117 456
72 108
98 475
311 522
382 236
88 285
307 122
181 360
296 179
286 43
389 402
179 406
233 237
453 465
407 178
136 523
420 208
418 517
469 199
297 321
434 384
393 528
292 44
145 58
222 430
416 397
89 381
61 321
88 300
256 495
477 179
275 154
386 479
142 325
149 438
432 369
79 295
154 157
339 298
2 347
514 417
215 73
56 62
181 143
361 436
424 308
401 486
248 257
435 389
368 370
84 271
210 478
352 150
106 477
448 107
295 219
310 296
292 365
357 259
295 188
165 189
282 353
145 529
80 51
176 235
420 46
292 416
524 114
37 416
62 271
522 356
489 89
438 38
454 265
296 219
239 248
407 520
71 339
306 466
176 268
171 382
314 462
56 95
363 92
510 424
149 289
37 424
377 474
249 301
525 15
306 234
49 500
11 435
309 316
372 271
371 329
123 155
262 178
36 95
56 16
305 520
304 341
415 467
72 134
239 67
464 331
300 301
310 205
396 412
47 137
253 376
47 194
424 11
229 305
383 244
80 373
334 207
45 272
278 494
297 344
429 98
114 199
186 210
403 368
92 237
505 132
399 338
325 80
348 25
384 201
55 250
361 176
243 405
447 520
370 1
334 56
414 234
41 70
230 443
438 321
466 200
239 122
324 35
201 142
375 371
130 216
407 490
391 120
152 95
110 308
95 230
363 509
250 403
365 479
104 60
58 40
46 296
478 369
330 149
298 491
307 214
178 184
490 39
304 112
134 200
420 15
430 40
310 150
443 146
416 17
521 473
372 354
26 107
193 143
256 277
104 349
490 281
3 450
107 93
349 27
293 26
41 509
65 351
129 507
283 331
310 61
274 469
414 87
46 394
229 88
141 332
436 102
400 226
338 293
318 473
319 81
498 146
60 350
283 505
114 36
93 211
413 154
150 297
240 511
161 468
70 89
270 292
190 456
517 314
219 93
258 8
489 13
470 336
362 223
311 476
46 190
157 458
343 93
12 53
74 173
520 459
261 48
222 237
290 525
21 509
88 65
303 364
78 243
170 226
466 267
488 511
456 115
226 270
523 237
322 68
409 100
313 456
463 321
479 223
317 287
202 191
351 292
25 215
5 194
441 257
247 186
25 174
88 250
443 81
487 22
464 153
437 248
80 370
39 345
64 142
102 52
333 453
343 144
454 135
125 152
391 371
338 203
15 425
452 244
505 409
53 440
349 489
474 215
330 512
30 180
441 132
231 244
371 361
174 295
495 85
234 143
456 42
345 257
466 55
288 228
463 340
454 69
86 398
283 202
168 313
381 79
231 399
109 72
17 69
153 511
154 386
440 80
427 256
123 150
310 410
378 30
7 302
99 93
487 168
294 125
267 462
519 497
331 98
39 347
166 508
115 106
364 25
185 49
67 95
198 163
504 362
193 511
451 78
74 408
32 154
319 299
86 308
266 416
192 92
20 144
70 134
250 220
475 221
268 12
315 466
175 77
85 154
58 6
18 447
200 49
71 518
347 157
83 400
359 61
491 379
521 347
299 241
37 31
248 305
43 350
28 4
426 428
473 270
434 490
187 104
9 44
409 143
200 278
13 346
339 290
511 330
107 280
357 459
98 391
21 456
211 364
459 107
263 402
376 167
149 349
57 473
393 465
86 379
214 414
195 23
490 176
139 383
243 282
313 340
143 333
266 354
168 511
247 430
170 94
383 105
229 439
48 92
375 450
471 375
334 452
184 82
99 322
464 128
390 247
254 3
367 519
143 5
287 390
221 456
270 74
31 498
512 394
377 144
314 105
518 435
27 172
516 441
280 450
39 456
484 292
459 321
68 72
112 354
248 332
67 517
192 413
273 174
278 120
105 378
224 93
70 250
52 56
162 118
293 516
45 34
279 290
141 133
148 252
487 396
370 340
170 32
11 442
205 75
32 309
452 255
189 522
292 27
364 453
460 443
226 504
263 504
51 403
108 199
125 381
381 494
507 21
525 517
463 517
62 494
83 301
7 271
80 298
84 443
221 15
144 446
305 406
208 356
280 102
341 191
269 192
156 246
528 467
21 461
241 398
213 324
169 219
381 248
516 465
478 523
479 408
226 41
284 433
183 350
321 523
12 60
501 483
93 500
207 429
218 448
297 430
242 466
119 93
500 421
344 235
414 80
113 111
121 184
330 303
4 438
84 331
284 55
71 163
341 278
62 30
512 359
246 224
82 152
103 368
43 447
74 457
526 186
354 117
156 470
207 476
378 290
277 449
344 135
82 472
199 144
501 181
289 217
404 370
368 293
208 198
210 68
441 523
254 52
426 196
521 103
142 157
392 206
76 523
340 473
465 9
87 223
505 375
226 379
2 381
458 526
49 139
64 489
448 104
11 344
300 318
234 441
261 96
433 336
405 30
280 127
38 153
349 329
315 362
494 103
213 423
99 48
348 479
7 266
53 333
80 139
437 313
367 169
196 270
291 387
300 357
514 124
510 120
453 82
481 417
184 480
310 70
527 128
19 4
393 387
123 260
526 31
359 363
515 341
103 276
199 189
104 183
313 400
89 236
481 41
439 451
520 7
307 518
134 325
308 314
183 218
360 495
248 189
328 233
317 430
295 515
90 398
484 189
55 43
211 322
83 120
244 390
126 337
378 47
133 472
147 102
160 506
67 194
481 394
426 268
81 508
253 486
376 207
461 431
250 142
223 119
49 253
508 174
61 143
7 509
86 153
397 245
129 250
226 81
430 122
135 510
100 388
254 263
381 501
480 417
114 489
7 162
213 301
122 60
231 129
355 316
281 222
347 197
471 43
64 371
481 198
138 367
372 178
416 224
150 366
427 263
326 220
211 325
521 332
171 222
247 525
324 528
217 457
511 474
287 45
315 238
242 239
391 401
417 278
95 37
430 308
86 13
528 296
124 306
414 294
314 132
76 108
446 79
35 427
23 108
471 124
345 499
363 523
370 37
58 251
73 274
30 158
287 344
240 197
120 124
278 433
255 353
327 171
219 148
68 241
256 325
152 387
295 301
380 135
337 437
173 409
182 202
353 255
332 63
451 186
515 141
228 339
467 398
28 85
253 55
127 48
522 514
129 293
364 51
100 59
223 295
27 211
434 68
13 283
305 250
256 291
390 483
416 327
138 230
198 390
71 325
225 64
309 353
356 459
190 243
304 412
324 117
409 229
184 208
298 489
457 24
37 317
293 452
430 431
152 415
78 9
526 302
72 92
442 428
21 418
457 112
88 251
228 496
266 199
175 351
474 418
374 510
206 138
219 422
355 157
94 432
165 90
521 237
181 220
451 518
108 378
100 195
415 114
162 468
312 123
289 256
11 449
23 3
57 241
212 198
397 305
101 33
395 92
56 46
311 506
34 205
141 449
400 26
34 32
280 132
470 39
175 480
275 197
270 118
225 481
316 92
43 416
440 437
294 495
270 391
258 90
66 398
10 252
211 359
70 490
490 10
316 451
277 377
119 333
494 343
284 280
221 113
482 448
21 246
413 77
423 458
166 276
326 175
527 323
320 68
284 68
