466 68
21 345
234 5
395 320
367 82
337 35
316 319
303 445
434 429
402 80
340 4
77 309
154 218
201 367
340 271
133 107
250 150
452 13
150 376
329 51
458 199
85 303
47 383
281 14
345 216
94 215
219 166
53 372
383 249
269 252
54 397
359 299
80 340
308 230
249 166
276 236
360 356
72 406
268 352
420 146
101 43
356 316
208 408
221 121
191 19
372 240
416 260
72 29
133 375
254 378
74 59
147 433
410 215
373 211
96 322
353 197
364 242
42 101
184 262
217 374
277 123
147 226
382 214
250 45
119 34
422 192
92 98
155 32
308 57
