986 4200
334 886
112 903
432 779
503 415
70 244
872 970
20 370
249 929
93 499
541 235
392 534
199 715
354 487
692 227
115 304
126 150
891 237
66 336
29 270
452 99
513 337
82 234
706 33
177 501
233 717
735 624
953 635
54 22
135 448
248 937
453 76
100 357
312 853
395 341
137 846
141 649
197 910
883 902
942 761
118 188
491 853
513 159
501 269
180 338
716 130
288 182
205 388
240 516
254 634
558 390
494 698
741 392
324 339
9 279
113 127
169 305
979 383
166 195
651 345
234 380
176 522
263 82
611 503
300 566
838 857
658 345
271 412
438 594
750 447
574 564
275 444
570 955
827 735
851 193
782 99
573 957
620 537
53 932
741 352
511 593
910 182
639 882
295 91
191 746
239 467
323 513
910 595
183 452
343 47
645 826
145 919
797 466
171 551
411 912
604 624
518 229
805 858
125 114
650 315
859 888
483 884
116 407
492 986
560 536
47 906
376 191
838 874
359 711
438 769
636 743
406 855
971 913
726 797
40 390
814 600
979 310
497 797
418 690
796 680
240 842
599 317
735 153
204 107
863 641
577 512
99 983
82 83
611 807
582 352
898 409
951 891
420 164
403 838
555 212
531 794
756 831
124 504
983 29
312 859
669 888
86 469
586 167
552 898
676 835
263 587
257 228
193 676
93 595
229 647
509 759
157 278
604 968
483 302
11 496
863 381
99 948
850 387
817 117
298 506
951 561
794 909
788 689
598 582
297 827
242 507
301 398
486 606
82 968
908 92
179 784
174 278
447 37
664 965
153 961
186 805
535 980
727 38
682 339
321 680
867 563
889 869
662 388
191 743
72 800
536 250
597 710
527 745
448 892
724 601
569 909
419 805
604 848
843 1
200 177
383 768
441 285
352 805
672 542
263 743
355 799
695 653
224 923
114 671
531 837
973 113
461 108
917 767
955 475
767 856
354 163
339 794
447 690
612 821
246 875
279 302
389 675
657 612
612 770
984 156
620 673
268 782
780 198
562 748
375 45
319 728
207 657
535 356
360 849
190 307
737 170
609 827
845 279
154 470
750 151
327 383
823 296
866 318
195 144
767 569
188 99
310 394
755 845
451 129
707 342
137 159
512 447
687 72
427 840
243 190
692 569
274 231
864 154
250 72
297 31
641 484
129 652
579 884
510 44
714 918
87 850
778 598
311 478
669 737
33 613
927 427
195 214
657 760
367 906
534 365
638 876
550 767
541 143
366 65
874 93
684 960
942 476
274 954
655 644
705 390
271 347
816 167
560 188
927 629
795 176
695 447
65 259
227 605
103 294
371 976
386 757
651 43
934 626
11 304
284 715
693 256
75 522
422 336
411 64
666 220
239 375
666 5
633 594
312 735
887 384
426 974
154 778
30 789
418 40
107 701
456 799
956 232
37 93
568 447
157 247
666 97
621 47
790 955
342 115
405 242
200 830
917 56
622 947
844 53
986 950
455 158
465 126
389 203
218 658
649 76
607 31
861 241
765 664
898 121
778 316
64 977
848 981
46 185
941 592
925 642
257 393
799 721
220 890
625 437
561 976
215 181
20 89
124 486
752 35
606 245
52 670
923 601
366 671
785 320
276 723
663 234
817 476
657 50
81 295
189 641
284 403
524 5
193 647
491 944
383 798
890 136
481 528
737 846
212 535
867 189
960 544
423 492
721 93
542 801
387 432
157 373
834 680
377 728
42 569
387 424
381 290
560 563
817 12
125 731
248 5
919 221
250 57
415 672
149 956
188 238
401 345
610 936
726 688
677 768
959 765
893 353
68 168
915 586
179 741
330 129
448 951
349 697
709 763
85 858
434 272
797 536
318 122
187 746
809 565
229 483
343 135
835 112
5 466
698 183
220 729
13 667
395 362
80 118
826 852
677 962
825 487
213 845
608 400
604 132
666 832
317 23
668 165
134 672
332 533
557 552
964 569
920 372
632 701
191 174
566 867
837 405
367 63
263 676
164 866
510 830
413 826
852 782
692 687
468 38
234 726
291 899
308 224
284 642
925 475
517 504
355 367
908 424
429 872
801 295
453 26
138 865
553 691
661 259
391 830
984 326
569 288
238 578
213 224
921 151
400 451
357 754
817 966
879 948
852 396
256 318
421 95
885 676
785 559
636 877
104 633
905 672
622 844
951 834
81 886
985 480
350 355
936 869
36 530
830 887
925 787
219 62
881 117
439 679
377 88
569 480
422 189
853 57
47 817
890 127
418 590
309 768
646 946
352 682
489 195
582 130
981 502
191 875
320 629
269 398
418 539
877 839
728 445
895 774
964 500
602 395
792 910
864 451
869 229
834 74
423 132
203 119
633 95
695 655
723 963
66 842
516 645
694 257
103 304
44 768
505 645
177 310
271 54
463 841
971 310
914 109
441 130
228 776
224 624
146 648
601 211
503 818
557 898
776 660
215 819
441 422
179 319
731 151
75 207
6 59
219 621
855 361
751 784
838 676
422 983
338 724
208 542
555 764
156 344
139 72
864 282
493 744
302 238
895 376
146 602
136 66
236 5
427 688
788 278
378 223
275 417
648 184
660 216
649 815
261 490
887 826
473 393
286 774
332 882
852 180
497 1
245 434
5 373
136 495
353 513
419 329
631 81
214 304
984 564
821 947
67 721
786 241
815 85
29 849
668 880
42 178
582 974
612 289
63 449
783 415
663 215
445 307
983 360
312 981
923 146
643 4
568 442
932 99
229 960
947 896
555 2
776 839
677 103
141 739
551 625
855 227
541 313
235 538
672 248
234 311
96 876
16 365
33 947
463 949
623 423
859 191
424 350
731 803
452 871
555 704
509 424
632 64
438 568
303 812
815 536
136 612
127 839
977 159
799 453
122 435
876 682
328 15
45 72
817 198
645 88
603 855
511 248
620 650
815 922
177 345
173 14
957 299
852 649
160 367
115 281
801 692
664 830
707 410
902 239
607 262
326 223
130 538
172 750
890 688
685 80
734 560
782 406
560 647
68 719
27 183
701 530
874 378
373 296
787 976
535 109
251 860
331 381
114 204
144 17
891 530
96 341
791 877
746 365
240 814
97 954
10 500
497 585
877 572
881 380
561 131
488 514
4 521
894 805
724 739
821 331
970 619
671 775
211 430
841 450
257 937
418 954
450 616
553 43
201 149
422 464
279 909
977 970
443 586
789 869
40 623
213 23
943 585
499 168
28 353
617 973
6 736
642 157
366 208
199 268
356 620
731 336
245 423
320 389
22 122
271 61
446 483
772 403
81 284
570 797
339 888
485 344
340 140
500 705
50 401
674 107
722 121
443 966
543 762
369 267
883 341
29 44
526 800
446 308
786 717
118 138
619 304
183 958
444 384
378 493
784 753
599 520
575 55
201 820
518 271
100 414
612 128
160 839
630 307
160 429
38 966
268 358
283 152
31 726
535 110
920 333
564 235
554 153
289 456
972 807
429 773
922 742
602 783
594 245
104 753
375 141
732 344
200 717
495 918
158 44
41 92
78 306
326 333
458 316
788 443
824 230
917 462
971 533
258 280
777 361
47 854
203 480
211 402
210 706
35 70
451 75
161 230
83 188
562 540
503 363
685 341
295 615
802 967
161 761
261 640
136 9
209 338
190 419
442 102
826 476
171 978
253 33
221 335
220 782
576 424
847 274
466 155
591 969
823 453
744 785
794 879
495 16
918 685
435 373
488 962
551 360
954 505
392 876
541 313
672 130
736 532
106 216
388 696
198 912
850 941
413 658
535 907
673 467
307 809
541 794
487 793
855 156
311 260
45 851
572 716
683 24
949 788
239 52
199 138
666 62
781 92
719 329
12 108
497 319
618 740
814 118
546 683
273 559
644 318
423 918
735 119
941 400
608 881
153 806
32 818
868 812
909 302
843 623
409 55
643 41
794 172
846 354
854 133
614 214
152 738
145 588
857 787
1 180
681 154
986 712
673 867
240 596
870 96
920 293
150 576
35 646
747 880
701 317
26 328
530 865
79 376
467 637
864 467
817 558
322 518
971 9
398 224
306 281
21 239
275 859
516 309
518 276
891 232
592 618
261 823
497 339
900 963
678 777
145 508
50 169
39 35
177 138
258 184
120 967
124 97
839 639
107 72
616 11
5 910
629 265
448 827
305 64
505 982
840 649
205 890
817 931
924 695
770 883
580 592
863 703
688 715
57 496
488 375
507 492
986 837
756 447
379 75
510 883
758 66
545 963
657 78
609 296
772 393
192 68
984 757
770 387
187 529
882 675
605 104
180 604
940 936
64 34
712 276
916 483
341 475
161 11
254 770
306 39
864 199
794 563
955 578
949 156
808 844
830 426
948 23
731 603
660 794
637 385
771 268
570 813
742 730
823 697
215 830
438 92
731 245
654 699
524 318
556 345
176 399
472 825
124 216
143 783
712 481
870 198
749 453
25 206
884 549
903 801
393 354
892 825
598 262
537 136
579 107
182 456
207 356
982 330
571 139
815 984
619 698
196 381
852 220
587 451
768 205
265 862
558 859
700 857
134 939
6 414
747 876
572 953
245 567
985 517
705 813
515 40
226 412
122 91
333 410
243 802
614 508
678 873
82 93
744 903
733 451
330 493
340 901
460 584
184 160
115 888
972 331
629 211
742 751
3 776
174 933
591 490
156 970
376 237
77 133
153 511
584 185
18 625
99 179
223 970
338 39
872 25
369 514
923 812
966 925
601 154
573 205
345 729
189 720
965 953
555 132
477 840
316 196
478 116
374 402
100 413
440 673
437 808
888 373
335 868
13 935
723 586
842 769
328 732
502 306
400 70
139 876
611 156
86 103
960 161
504 761
574 646
447 24
169 50
397 504
619 111
154 355
696 9
137 37
740 341
45 153
112 871
731 723
41 518
527 702
678 44
476 953
391 624
977 560
673 89
77 306
199 230
362 597
239 201
335 680
541 379
535 354
952 279
90 694
498 318
409 189
64 884
844 454
521 834
27 207
624 103
214 524
333 576
134 273
776 469
654 32
549 202
87 514
182 177
221 381
196 331
272 259
228 129
713 450
962 739
359 301
544 572
824 876
849 958
850 340
440 517
73 690
421 160
218 304
38 140
685 233
471 956
492 400
98 218
850 761
658 910
75 215
495 600
792 60
571 357
399 712
874 472
416 10
631 335
15 668
176 401
900 348
370 107
450 169
324 313
631 684
924 407
898 134
21 406
193 293
762 592
707 351
765 824
62 409
860 77
778 49
477 691
99 549
798 548
419 823
562 752
222 499
860 134
632 582
241 825
875 16
132 595
367 896
134 428
318 7
206 109
55 683
501 153
933 14
700 67
837 275
818 72
475 692
893 121
287 147
945 863
851 90
173 231
985 306
360 18
312 566
814 69
950 328
221 598
342 623
664 880
599 496
951 88
889 560
208 189
408 854
754 272
645 926
204 345
246 564
362 557
831 189
625 496
218 548
107 559
872 770
452 484
967 119
273 869
678 182
760 787
737 527
73 395
466 276
739 711
541 802
970 87
692 310
582 910
559 688
482 444
472 934
630 452
754 902
37 147
786 796
933 536
336 19
931 503
983 385
916 239
201 899
326 594
910 907
517 483
609 13
926 782
648 569
935 117
187 673
263 972
482 209
521 519
916 167
36 912
552 951
164 454
565 191
61 488
112 578
970 422
292 910
905 641
194 555
757 380
242 33
365 425
241 588
944 170
754 681
783 319
347 649
474 911
839 535
114 652
814 98
775 119
709 693
759 902
950 529
984 205
561 64
629 503
651 288
673 121
968 171
141 328
819 615
940 374
851 68
39 678
853 814
796 575
222 270
192 185
798 877
91 74
941 720
576 307
709 950
427 691
135 270
720 655
884 376
42 450
443 769
141 11
298 638
585 519
609 478
406 420
369 496
195 323
917 472
331 640
436 460
46 272
729 765
628 328
154 670
777 298
154 619
308 451
958 594
671 580
86 90
701 454
288 597
478 906
82 510
559 517
969 604
490 413
85 132
740 926
503 232
926 656
552 247
120 225
543 492
804 330
284 220
485 273
816 962
192 898
187 751
130 170
70 620
284 154
453 726
782 955
659 721
326 225
669 147
449 913
638 955
256 623
188 740
895 18
417 101
617 604
553 746
475 622
81 758
478 533
497 273
203 858
695 528
96 79
376 246
6 28
902 261
650 104
15 559
809 431
361 439
48 913
198 522
548 967
982 727
215 194
13 418
65 409
647 848
488 37
796 493
752 711
753 117
814 767
377 338
900 737
776 947
663 676
185 913
358 868
653 572
75 368
3 828
776 352
689 965
90 498
471 841
911 926
957 738
408 50
778 321
786 567
970 165
944 856
91 315
737 743
887 513
812 591
56 602
644 447
580 733
944 753
289 868
692 948
322 113
11 113
136 498
381 119
662 41
974 752
57 426
211 645
640 36
250 696
339 595
156 621
44 801
387 332
385 92
981 408
892 693
222 41
205 304
847 866
344 834
334 401
961 544
59 615
281 10
26 620
307 869
254 350
385 342
383 769
135 378
878 40
84 113
769 288
417 629
856 462
179 203
862 841
448 623
171 728
334 196
63 640
766 18
691 165
359 88
933 493
465 825
235 250
639 17
240 69
645 109
531 525
13 108
380 460
432 550
201 468
448 952
121 227
969 812
391 342
601 40
834 767
864 82
30 218
786 957
287 147
79 519
671 91
328 752
252 462
316 453
929 763
418 751
691 102
278 96
443 878
135 291
658 700
74 688
917 860
658 905
20 439
139 392
231 169
158 483
630 473
637 274
937 756
38 343
857 316
438 314
207 274
306 567
675 81
268 308
940 627
914 661
767 67
67 12
923 224
196 566
398 534
541 50
303 578
392 861
595 532
876 802
507 195
382 196
964 351
503 917
679 430
294 162
198 360
173 134
583 70
401 682
603 941
731 607
235 824
481 829
369 371
346 876
267 429
773 244
779 289
175 174
420 170
335 320
529 209
155 813
278 556
508 582
212 940
202 446
777 682
977 848
66 336
737 333
765 523
576 259
513 452
432 634
323 468
953 851
676 122
379 655
379 886
938 292
541 153
738 332
537 728
881 602
765 631
636 543
855 914
802 83
81 935
716 404
119 385
956 496
208 349
165 288
936 116
579 491
957 32
524 507
759 418
810 240
750 460
782 320
89 299
402 857
936 131
274 68
217 932
563 424
294 429
711 243
247 6
435 905
37 660
425 498
91 248
737 542
409 532
861 199
533 276
70 482
109 45
251 27
976 515
451 283
646 863
228 594
868 364
512 905
38 638
416 128
587 854
372 698
399 246
896 633
224 667
816 34
712 768
60 701
297 212
686 644
89 913
939 658
290 464
278 29
803 395
157 403
262 230
802 363
475 712
9 400
392 527
433 805
308 493
520 306
406 907
949 494
833 603
854 824
80 145
853 584
540 711
689 801
940 504
177 130
229 874
530 323
414 664
141 423
858 362
729 278
282 393
473 816
10 340
356 777
187 910
375 726
634 77
242 289
580 121
120 511
8 351
535 123
717 675
545 588
739 287
567 34
382 54
850 391
95 219
181 281
142 257
20 477
35 950
467 615
84 288
827 91
639 375
901 71
751 459
658 503
448 239
239 829
980 102
233 88
22 115
71 851
74 778
43 108
741 509
424 824
498 952
616 838
340 530
908 793
691 580
11 152
520 249
682 513
52 616
302 73
730 372
923 505
164 965
613 606
189 738
444 687
704 73
538 745
305 460
551 9
741 264
848 962
214 543
190 266
172 491
338 603
565 963
122 430
643 436
49 534
187 194
922 890
267 175
649 273
634 901
969 90
866 830
65 94
88 254
359 947
447 398
563 25
76 386
156 719
821 204
954 710
398 889
315 366
77 665
340 413
580 322
204 161
853 269
254 642
224 612
602 670
712 178
396 787
266 551
221 788
457 188
511 854
778 826
921 855
504 274
969 785
297 186
946 163
454 213
804 380
527 121
63 252
298 161
740 265
711 961
67 869
850 577
438 642
118 372
212 324
347 194
122 643
81 769
507 535
684 26
616 912
146 678
865 146
540 618
410 265
294 178
835 846
755 287
203 574
658 414
897 19
309 721
363 389
503 572
625 888
597 254
813 445
634 691
590 187
25 701
153 318
879 2
177 349
288 379
922 647
494 535
367 504
957 730
893 473
17 233
77 613
189 889
759 822
296 64
710 320
467 863
637 359
566 516
409 853
596 46
513 792
580 880
309 550
325 903
725 341
838 503
655 40
405 130
861 700
193 584
721 659
162 74
719 727
589 141
295 886
187 808
691 468
403 702
720 429
320 160
471 171
662 827
210 768
956 84
184 851
370 904
523 531
977 944
960 281
98 268
869 972
777 275
156 881
976 577
323 310
736 495
480 113
336 392
880 7
475 765
857 546
683 96
779 375
53 752
358 838
721 240
824 512
514 681
406 504
271 431
515 708
925 696
522 962
101 117
969 278
882 839
525 280
636 317
654 688
770 25
540 505
952 79
30 480
759 435
685 731
865 901
154 506
610 675
481 413
791 165
392 388
18 916
667 355
247 37
57 718
749 596
236 715
674 265
896 148
402 594
878 968
508 45
487 819
421 670
933 913
834 338
315 553
268 683
908 216
719 964
933 184
275 183
898 948
149 807
109 550
116 688
234 325
732 720
845 166
105 792
92 939
143 108
207 410
791 128
625 523
793 572
706 81
456 319
42 604
827 838
856 644
539 103
968 972
822 827
839 927
632 633
581 476
740 787
886 544
617 226
769 423
499 190
504 954
509 247
274 51
99 143
695 339
245 676
325 768
218 177
708 551
809 4
41 265
791 628
808 421
853 590
545 68
482 62
723 4
309 10
742 109
152 450
447 98
828 473
866 59
352 289
610 174
293 352
140 785
979 948
907 547
253 465
614 734
229 53
439 239
62 195
347 902
644 495
13 187
670 878
246 35
181 557
896 175
908 50
959 602
699 879
162 951
59 478
401 287
530 541
525 293
735 573
208 95
82 909
281 751
800 228
487 682
784 396
856 407
147 828
22 845
422 184
810 481
363 912
469 892
466 8
886 215
580 108
11 363
718 979
815 233
221 315
915 706
413 486
127 559
30 836
418 451
721 241
633 97
166 804
690 333
811 590
249 106
399 259
469 130
940 297
362 862
314 290
581 726
478 409
298 507
259 715
957 979
657 306
778 524
123 481
857 635
84 119
740 482
80 910
611 33
909 675
894 236
666 190
663 157
599 960
663 559
391 336
253 61
641 44
287 465
525 845
113 310
665 554
792 744
478 118
478 400
494 385
337 174
277 13
330 577
972 7
149 78
44 401
827 684
445 127
850 671
673 962
980 351
529 487
109 708
307 586
121 502
673 457
675 651
171 707
241 845
415 389
922 458
491 762
843 637
590 706
23 276
681 17
627 911
205 437
633 213
724 753
715 112
912 403
762 784
811 16
642 239
106 578
696 299
55 552
935 645
271 958
622 653
676 262
578 880
400 224
795 138
678 523
249 305
627 25
791 452
728 446
392 536
725 790
834 780
355 782
140 328
455 761
682 144
725 273
726 138
198 534
275 578
758 226
584 100
250 388
551 679
536 645
228 274
448 75
755 504
559 894
831 27
371 527
171 109
501 598
934 401
145 223
680 902
150 277
703 399
367 956
779 604
614 21
877 75
783 348
578 355
943 125
84 327
353 254
137 853
851 773
955 697
697 648
314 846
627 30
946 7
985 738
312 612
460 890
388 257
251 668
313 208
792 98
236 158
351 75
712 903
847 681
315 557
342 330
118 968
360 77
676 60
814 1
374 976
891 761
246 843
144 260
64 935
358 2
794 410
76 520
29 624
902 45
882 257
375 13
927 734
89 318
495 604
21 868
593 911
345 540
767 488
502 533
437 859
236 932
970 13
465 700
338 380
745 233
339 133
245 967
568 35
298 76
638 318
646 933
930 4
486 413
491 1
647 629
561 882
277 247
596 741
946 933
823 704
179 863
538 125
545 807
847 842
883 200
862 542
146 507
247 632
919 439
334 579
82 895
176 358
155 473
800 114
419 338
520 299
902 759
125 460
580 971
18 178
873 879
421 32
101 667
663 34
119 699
314 888
607 192
947 761
664 463
576 785
502 797
97 418
570 910
579 851
596 42
482 190
462 514
291 830
878 26
948 590
339 552
210 232
512 672
598 974
950 396
192 462
194 609
733 117
889 597
713 499
638 208
390 801
423 382
644 315
407 606
904 448
859 816
381 384
203 978
74 854
387 265
330 581
575 76
399 477
375 125
677 26
35 769
529 457
164 186
473 273
493 391
422 365
908 802
451 812
496 524
680 882
490 711
178 78
488 279
256 862
105 635
590 139
417 132
298 282
317 770
554 512
862 677
578 783
195 42
311 690
267 692
287 756
416 167
535 605
445 493
481 549
141 84
390 557
215 687
838 233
172 108
446 48
486 38
532 680
79 842
85 346
547 74
803 664
240 54
283 684
546 763
934 388
548 337
944 464
725 497
398 897
306 844
944 792
881 191
187 661
47 272
708 295
345 525
661 286
280 943
671 527
421 618
914 670
657 871
147 97
83 544
7 389
401 652
882 983
843 82
658 591
55 379
587 399
605 261
386 884
905 70
424 339
688 53
710 60
625 856
156 708
116 851
798 218
516 693
903 74
774 574
366 829
654 953
929 273
227 329
858 834
398 984
874 787
50 598
846 675
169 16
98 284
866 895
204 97
601 120
859 90
693 238
620 62
204 563
334 133
593 206
966 692
891 555
493 940
166 54
330 335
757 427
320 338
37 523
137 637
344 9
429 738
246 62
800 152
326 147
972 918
54 653
624 646
221 818
600 89
573 631
423 344
760 444
681 796
669 519
149 26
527 577
764 475
638 577
328 964
425 313
597 181
667 922
826 589
455 141
677 42
772 801
385 545
259 767
354 927
300 502
654 528
780 431
16 432
709 343
111 836
357 707
718 725
643 259
328 111
400 706
840 873
521 238
133 481
707 486
421 708
690 776
937 185
909 953
616 333
11 726
182 70
149 601
496 493
860 823
305 273
543 159
847 765
98 979
259 804
180 381
227 571
170 178
756 92
832 385
425 544
813 308
613 663
909 123
169 484
647 473
458 891
333 318
669 431
310 629
248 489
23 177
762 881
354 531
674 887
617 112
444 145
122 759
807 732
583 677
229 243
852 686
836 198
705 220
628 716
849 578
906 573
754 681
467 809
225 155
411 842
954 854
688 777
626 509
522 910
887 452
167 752
839 704
950 557
923 293
286 487
870 206
74 339
886 242
161 813
98 571
370 66
141 71
842 468
281 80
392 182
531 260
635 384
963 598
642 601
891 630
102 476
537 175
815 436
118 677
950 216
950 35
281 104
106 824
273 88
903 664
269 150
625 904
235 601
217 578
216 809
221 317
299 757
193 127
895 310
505 858
525 468
893 507
571 700
47 546
787 651
223 758
800 848
377 736
164 295
328 81
118 548
99 118
21 979
932 915
303 450
488 529
918 96
738 204
795 784
749 298
448 674
757 950
237 835
699 102
143 40
183 948
290 281
79 310
274 712
238 278
176 427
508 795
523 259
12 331
56 463
330 206
150 788
169 386
636 867
487 779
609 371
442 600
354 223
909 627
934 848
606 123
288 127
917 512
386 631
843 143
107 874
348 256
676 516
343 325
99 531
805 409
902 949
22 269
185 632
597 132
195 216
943 482
44 575
696 429
219 552
274 325
141 621
282 816
839 326
843 937
857 363
359 772
325 82
54 509
713 650
343 907
567 299
104 610
873 799
741 794
66 28
820 207
350 804
724 202
143 282
152 13
645 212
784 671
293 539
194 707
890 238
627 470
536 433
782 124
245 536
619 13
265 453
907 614
270 644
816 412
628 669
127 974
881 612
658 875
165 553
596 756
790 236
240 41
370 35
165 615
272 783
329 536
937 249
163 908
594 680
36 235
363 162
222 945
773 582
833 639
148 442
409 640
380 350
680 451
86 546
767 59
45 109
594 683
357 458
605 951
152 640
199 216
801 123
174 289
704 708
630 553
852 740
894 933
791 588
397 876
835 178
934 581
286 243
278 643
402 882
309 255
535 209
470 51
331 345
41 736
67 670
5 620
423 898
566 227
499 962
804 50
841 453
630 829
397 609
187 799
504 495
755 740
703 239
492 736
285 533
485 53
904 489
672 43
401 939
957 601
617 775
650 471
929 982
313 340
306 499
840 512
7 608
265 412
548 459
161 833
693 347
587 610
836 273
354 938
225 325
552 841
801 904
28 743
601 340
784 906
541 637
431 249
259 398
660 508
856 522
56 264
869 643
575 420
617 929
371 841
267 922
398 81
541 425
525 843
466 323
763 708
959 895
957 919
306 332
441 863
854 198
828 438
840 417
857 470
359 241
27 327
864 126
407 121
252 633
963 419
955 441
141 928
350 799
562 357
144 16
922 699
902 763
838 755
193 708
927 253
650 655
579 230
482 687
52 733
334 28
165 302
171 7
931 222
805 507
578 651
224 215
363 139
978 215
596 872
624 536
139 976
892 419
219 387
808 270
133 843
985 846
857 694
791 92
512 13
372 864
236 586
241 77
577 157
672 165
482 221
5 471
814 125
391 214
932 362
48 490
63 46
350 919
739 842
25 953
854 98
830 791
683 772
867 962
630 552
140 126
474 832
596 301
956 689
216 604
64 263
107 126
11 456
59 451
13 771
417 866
868 949
373 266
734 253
241 80
507 82
205 980
913 502
983 585
204 212
202 956
177 308
95 187
466 841
637 478
327 756
60 896
718 432
176 167
684 118
246 892
888 152
588 814
356 584
412 261
497 315
230 375
623 27
561 102
569 212
281 896
967 340
507 400
771 682
566 171
502 514
76 403
665 663
918 722
948 46
983 161
360 226
535 982
940 798
785 523
711 768
134 691
121 640
792 594
38 73
466 539
586 243
643 953
608 574
688 271
619 684
431 681
612 668
378 565
479 865
789 203
646 922
595 468
576 400
763 613
472 242
853 760
187 509
428 794
96 129
78 417
515 211
111 828
580 488
108 72
366 897
962 713
832 272
195 123
373 957
735 546
901 601
319 101
811 746
596 907
577 673
39 105
585 837
634 178
338 741
937 406
651 912
132 199
885 28
321 271
985 758
817 601
372 149
701 885
597 310
805 187
684 545
979 283
395 626
162 434
380 113
839 733
726 673
931 625
700 953
895 400
724 725
14 798
576 416
696 186
725 216
74 125
760 754
407 168
95 270
303 176
382 844
908 810
530 554
448 931
521 58
47 258
783 748
69 74
178 764
947 902
979 34
728 752
489 836
621 583
120 924
758 203
781 382
26 935
175 658
469 233
704 727
717 466
497 790
345 275
750 948
955 485
690 721
973 539
57 271
658 682
730 861
178 125
886 203
74 75
563 244
9 968
970 725
447 183
528 493
457 979
455 425
477 158
847 165
696 606
137 368
301 866
930 479
5 531
383 766
605 945
23 315
927 695
53 89
877 282
582 49
274 50
175 452
895 36
318 604
641 454
673 643
334 616
135 40
161 220
507 467
866 529
782 508
925 536
597 815
818 880
565 105
631 740
557 241
775 874
844 131
342 531
773 377
848 610
118 22
531 624
191 410
854 972
918 793
521 230
323 352
811 888
159 157
641 715
397 131
304 254
949 347
486 437
425 348
748 542
369 292
867 559
702 735
246 633
243 469
564 565
820 388
168 978
544 808
408 940
640 712
895 602
760 395
741 199
742 502
740 812
794 323
385 509
759 332
843 15
800 420
281 336
509 449
29 66
958 437
19 612
850 913
915 623
23 669
821 764
873 277
590 680
599 676
890 73
709 448
87 523
569 69
858 91
517 886
156 191
38 862
802 887
490 432
226 513
803 60
978 689
336 283
84 636
958 973
708 383
136 496
905 704
565 478
794 783
79 651
973 117
526 490
705 717
922 930
931 440
692 923
142 729
219 913
379 879
601 788
275 736
298 881
453 564
74 948
360 152
612 347
956 151
836 675
569 473
320 514
912 25
450 755
754 370
681 834
262 295
337 238
732 634
820 198
899 893
847 273
59 472
321 28
324 170
404 893
345 724
420 270
450 571
39 905
940 421
752 904
418 103
843 163
438 677
63 351
583 909
325 343
395 645
73 718
516 476
326 860
901 447
832 67
31 572
971 673
6 737
292 125
541 836
288 978
526 350
44 811
960 368
855 368
714 927
788 932
119 815
507 721
276 352
787 8
625 772
382 333
224 673
457 764
523 744
457 750
795 203
276 769
272 145
838 986
773 341
633 891
170 153
328 445
207 128
154 533
601 536
865 824
222 336
303 446
781 462
898 590
664 875
74 935
721 911
636 508
266 282
114 137
137 441
581 45
271 436
577 871
971 456
411 895
493 415
56 287
876 953
876 553
544 651
502 278
576 151
785 543
135 601
679 271
55 961
315 27
410 593
600 395
62 24
5 554
438 60
543 30
715 134
582 272
785 549
76 638
50 618
772 650
310 744
406 972
72 433
395 664
46 491
428 757
495 683
896 257
239 925
673 75
223 944
859 709
208 934
360 945
565 833
608 576
590 716
561 363
162 657
729 895
850 170
367 60
554 276
316 793
903 2
569 827
647 441
549 557
90 611
515 356
457 137
633 749
554 895
125 417
565 853
325 130
724 393
190 292
370 207
786 974
897 368
814 259
510 79
815 599
391 344
656 549
182 302
311 735
210 138
165 476
692 489
606 430
583 497
423 952
703 222
940 315
291 469
574 502
547 402
802 639
447 471
202 628
772 214
376 683
351 540
172 57
730 479
188 326
975 312
980 394
235 933
410 525
415 983
728 664
101 543
316 547
27 219
189 500
433 564
884 783
806 757
541 549
250 430
577 926
741 570
35 975
218 445
215 334
143 644
11 931
200 29
492 914
247 382
129 381
647 26
866 466
485 420
29 436
552 307
77 8
876 112
685 107
258 601
440 102
259 153
47 458
869 240
386 817
621 216
212 281
242 91
747 428
212 477
863 763
783 939
771 374
752 171
182 711
771 323
813 43
475 859
501 59
800 588
876 434
803 101
714 746
191 176
187 402
354 751
867 838
704 353
225 171
523 108
882 307
431 708
52 607
282 552
666 95
841 555
230 359
655 943
807 547
821 695
948 188
460 530
40 865
882 952
49 120
74 632
129 206
353 180
812 336
433 491
132 975
59 361
347 415
20 167
961 840
862 625
41 37
168 768
901 752
734 651
573 509
297 701
714 351
880 539
687 28
732 520
16 492
881 363
907 900
231 583
753 794
909 495
830 779
965 446
544 414
799 130
922 109
533 649
161 426
889 549
454 634
83 469
828 963
533 748
876 764
46 344
571 955
540 117
747 220
562 6
633 374
823 568
184 369
918 345
497 523
893 652
858 677
134 699
653 369
162 244
834 208
289 418
864 829
236 326
62 798
331 397
873 855
666 759
926 598
805 436
822 413
101 693
104 922
406 756
304 269
14 151
476 4
271 55
534 506
380 298
19 412
694 594
281 373
68 220
672 872
357 507
298 457
214 401
392 321
171 398
589 872
250 767
577 222
821 125
430 903
422 150
328 129
743 310
501 810
231 187
397 587
693 695
57 608
109 151
928 967
250 233
554 499
13 145
721 535
269 164
451 690
15 481
520 460
790 34
283 35
908 382
621 317
90 380
924 886
530 568
569 779
800 824
979 514
968 713
750 938
578 903
343 295
397 862
754 200
598 738
922 221
133 557
537 910
638 475
810 181
56 94
661 557
917 653
772 601
82 237
552 361
153 597
655 549
174 422
451 473
174 386
694 8
644 244
918 295
718 741
177 475
834 837
733 466
206 518
80 975
457 632
349 609
930 706
172 117
829 324
590 704
709 297
712 367
242 345
363 960
99 540
150 634
92 883
113 297
116 193
285 572
526 336
195 171
55 68
287 585
391 578
303 801
576 716
869 818
74 246
493 860
487 642
209 578
240 23
875 58
903 861
629 144
210 525
314 952
294 303
551 386
880 555
201 172
972 771
691 747
30 197
620 516
540 530
108 780
552 684
837 171
558 181
314 768
408 628
435 701
632 687
789 227
943 3
398 928
475 102
688 505
986 23
722 540
254 531
35 806
228 573
678 488
753 5
957 862
334 405
279 965
794 81
206 750
771 603
692 259
407 95
465 406
806 889
647 73
433 681
580 363
267 271
552 722
964 522
299 311
628 577
290 435
657 495
199 143
799 592
402 219
388 568
327 207
470 973
968 605
668 263
967 636
534 234
73 213
755 372
523 396
948 812
831 321
22 731
463 821
336 566
741 723
836 81
632 319
68 315
625 437
577 307
774 812
540 847
38 308
232 561
406 881
88 250
215 110
682 380
632 31
647 386
455 496
169 100
517 924
116 155
374 693
462 849
518 15
709 258
25 642
818 430
537 607
381 751
716 76
144 361
794 791
449 262
300 617
64 518
554 179
673 629
573 148
491 793
850 902
64 874
557 583
317 107
203 697
560 621
772 703
683 281
209 145
543 211
761 308
728 30
486 414
360 761
263 553
567 127
468 630
14 38
226 33
833 130
729 406
750 217
810 447
199 33
591 741
931 68
750 672
785 250
788 159
712 752
711 292
878 880
623 594
619 550
328 465
679 758
572 145
974 396
591 187
428 883
629 372
652 393
745 451
344 546
311 69
14 723
62 891
616 684
200 936
247 527
415 627
299 986
771 974
395 375
862 524
960 207
597 625
301 58
777 644
305 789
414 318
525 475
223 842
860 124
792 120
353 220
746 651
907 233
340 18
607 216
243 580
422 542
907 722
599 697
81 903
500 196
235 726
372 159
582 245
970 387
66 336
308 513
986 916
745 340
635 68
257 878
647 380
433 567
803 733
966 883
649 479
92 585
218 165
445 501
409 429
589 176
764 896
390 466
528 149
507 176
216 465
67 564
844 201
833 660
933 514
258 298
694 51
882 613
215 43
128 325
471 716
202 936
328 591
117 855
739 325
44 656
789 799
922 348
701 470
709 648
983 966
647 690
718 542
316 634
584 145
958 756
861 408
890 466
524 758
906 849
503 576
651 17
213 701
718 682
423 81
380 105
727 771
822 970
100 470
270 933
143 39
807 18
446 412
185 672
871 104
534 387
381 886
106 593
600 525
976 37
605 71
141 47
841 664
30 941
835 299
887 680
40 409
399 187
820 583
858 704
388 405
792 769
7 599
77 606
137 67
344 443
825 186
489 680
552 519
336 400
519 236
781 558
346 193
447 867
477 318
286 865
723 779
647 431
392 723
50 230
491 96
673 330
969 175
23 534
395 60
934 616
983 728
875 342
623 335
910 113
653 897
977 91
689 637
521 782
76 272
26 268
367 400
597 350
276 321
585 373
380 532
2 376
962 578
419 598
913 44
412 281
940 403
371 345
53 593
140 816
864 853
98 933
954 396
984 244
717 582
616 798
816 319
876 493
896 10
104 524
54 217
804 695
619 876
53 374
482 881
203 62
747 300
696 417
398 693
660 816
976 977
627 805
309 218
311 906
916 116
444 671
333 261
379 653
839 432
40 334
326 931
97 774
932 792
204 343
200 565
172 878
555 501
398 565
420 411
187 349
526 630
33 560
592 412
915 444
545 954
480 572
898 278
61 546
772 265
888 673
531 74
564 788
276 962
68 695
386 254
58 613
585 90
875 191
203 803
336 449
770 517
34 384
497 95
929 282
61 532
954 591
605 532
94 880
507 162
291 892
415 348
220 702
139 108
594 44
910 929
492 396
162 526
779 658
620 423
641 382
954 608
674 275
841 768
856 63
631 160
954 747
209 876
462 348
983 69
391 907
700 882
316 563
123 796
234 444
232 576
825 887
197 513
175 740
982 733
802 626
594 472
88 803
361 550
164 357
320 256
277 33
839 592
595 962
401 530
419 334
119 946
235 18
174 111
757 169
545 572
496 153
57 285
955 417
834 820
476 856
89 752
888 629
60 199
306 460
430 725
496 549
386 730
566 559
542 38
429 789
609 626
941 368
910 909
486 460
444 961
329 234
727 918
862 488
130 182
947 560
608 456
810 7
887 91
267 145
128 397
933 438
36 887
507 647
511 695
808 954
669 150
201 111
82 764
598 899
647 261
174 268
418 685
962 21
775 930
165 604
340 799
744 77
401 952
724 613
660 545
580 45
397 482
843 180
947 455
780 608
417 656
875 834
354 553
556 831
496 422
150 538
234 893
614 336
561 53
948 234
300 243
278 696
426 135
577 387
291 370
8 409
727 584
256 95
838 514
925 348
935 88
885 871
683 214
220 257
267 182
192 566
126 470
963 552
306 255
640 298
326 349
706 67
932 663
849 784
190 787
833 139
576 433
23 960
646 242
230 614
125 422
881 939
593 559
206 600
813 845
897 841
207 616
907 840
292 769
339 482
271 873
322 548
319 344
522 667
287 453
294 114
576 189
754 182
747 959
781 574
519 393
428 725
22 50
280 16
520 321
199 492
207 520
741 526
565 964
206 553
431 499
666 708
389 135
592 150
107 386
425 625
481 554
65 204
305 345
219 824
665 417
31 573
638 771
112 216
749 19
769 881
220 150
602 608
973 207
757 93
295 195
420 775
450 484
978 754
530 899
591 896
31 323
483 669
108 594
586 558
315 70
452 534
908 755
155 894
962 912
986 958
808 121
746 272
605 439
39 836
53 332
746 84
654 242
752 761
537 351
34 553
123 485
100 44
254 255
937 917
868 638
888 689
759 349
662 79
489 403
914 542
734 375
625 401
318 92
864 557
442 897
123 564
98 223
309 53
179 259
969 60
599 572
748 371
920 126
151 422
528 766
665 275
155 303
377 174
394 942
730 538
555 853
803 354
777 126
406 955
86 90
28 684
661 477
756 594
304 906
717 831
388 98
807 542
400 198
417 496
841 161
735 111
715 253
464 207
378 869
175 166
958 890
849 334
82 321
629 386
928 360
230 329
159 51
572 260
936 3
755 492
163 205
603 579
458 80
