967 2515
544 16
516 774
889 394
166 722
246 119
110 766
257 618
475 621
219 611
307 476
467 287
747 889
239 639
208 130
603 556
352 154
571 843
927 492
269 125
222 514
219 306
287 450
923 736
104 174
355 385
649 821
646 429
743 884
75 925
21 652
514 373
805 117
248 765
584 491
864 805
12 90
143 273
540 74
42 643
247 396
35 871
249 680
307 966
572 356
924 592
41 445
964 845
536 219
617 152
684 489
931 670
578 82
943 150
130 17
767 351
412 801
254 635
489 535
634 93
891 590
684 906
67 656
758 602
849 408
729 541
871 667
243 481
723 218
606 852
234 405
236 620
214 464
288 702
32 921
794 922
518 485
835 559
148 625
193 5
65 896
545 935
571 787
424 326
13 62
211 246
466 421
841 654
884 161
388 890
89 189
819 606
649 686
197 796
344 364
800 383
268 352
351 838
172 749
196 184
810 381
404 283
801 252
912 693
387 332
615 475
496 467
88 177
185 284
947 528
623 755
911 890
139 269
760 285
50 930
443 834
344 822
124 152
106 68
844 493
375 492
967 870
958 88
54 150
346 33
678 943
762 596
865 901
864 632
193 888
595 636
729 913
490 827
97 595
870 941
120 277
440 95
154 430
157 182
554 477
189 264
453 951
834 325
884 730
957 84
625 559
719 386
504 241
221 600
811 123
548 930
374 20
32 527
424 163
683 11
640 871
249 100
854 116
424 745
820 388
829 478
946 580
838 482
796 91
90 639
213 637
576 586
657 583
120 88
745 802
98 392
681 347
491 567
437 915
320 289
335 156
741 289
735 612
745 538
677 834
209 890
479 760
483 168
375 603
230 152
412 328
544 125
649 42
667 93
956 961
381 299
149 130
562 858
741 339
429 450
206 612
347 684
404 830
826 753
440 63
880 826
390 431
926 46
472 625
138 436
618 494
709 766
623 303
656 371
641 92
795 821
704 175
512 115
12 345
868 426
408 755
284 772
218 242
818 664
841 930
132 466
431 815
239 61
150 895
431 766
961 259
594 697
408 139
787 394
458 662
819 865
449 110
670 641
352 495
337 200
432 469
666 863
291 904
898 441
806 362
214 800
595 807
504 10
920 323
403 411
959 229
283 440
338 927
113 664
429 450
864 861
893 562
731 216
473 661
631 312
30 844
119 624
659 622
608 611
920 43
29 911
246 312
384 584
271 471
255 675
895 151
568 795
687 306
44 193
941 649
504 4
501 622
602 192
251 243
777 203
260 806
147 481
125 505
97 370
8 326
77 903
477 619
705 196
924 748
363 873
405 866
876 905
495 485
104 746
727 880
923 962
718 77
475 842
581 546
220 564
871 296
474 355
915 211
526 846
934 888
751 371
762 659
283 289
152 386
42 878
298 940
847 24
49 329
840 630
849 92
201 728
388 674
115 335
884 640
188 825
561 939
228 355
605 510
618 756
895 635
642 201
607 496
224 655
825 96
292 681
188 492
441 575
173 556
884 65
203 79
889 763
50 125
125 655
609 718
418 512
385 92
712 24
563 935
653 420
38 920
133 225
444 549
774 592
137 665
631 314
744 552
110 768
651 209
430 293
926 848
804 318
914 523
341 509
465 2
903 502
921 44
702 372
592 483
963 728
181 626
49 899
186 158
674 836
342 137
136 275
959 914
593 880
469 908
422 933
909 332
443 837
375 177
242 966
634 212
701 789
813 750
720 31
882 402
841 231
538 952
506 504
898 106
416 400
46 812
340 930
177 757
799 551
908 48
525 575
260 233
396 105
15 124
110 872
525 925
110 70
909 615
573 840
695 21
247 716
833 561
678 17
351 484
542 291
532 99
865 766
332 294
870 321
392 954
200 916
911 310
960 828
899 565
700 627
560 921
375 400
514 60
416 864
543 958
188 82
64 60
847 370
328 724
691 719
710 865
642 629
207 634
489 114
206 221
740 741
149 122
173 662
181 564
534 698
554 696
780 592
755 659
962 116
391 660
809 133
557 484
761 739
125 257
852 331
477 599
104 600
720 251
295 900
814 803
630 375
531 442
942 318
109 936
408 499
628 250
606 192
733 375
930 832
631 789
170 116
420 273
715 172
499 17
104 320
819 709
670 382
158 644
700 241
612 140
739 247
364 353
438 104
727 376
936 390
197 138
480 617
386 228
788 884
219 892
211 71
608 880
452 765
556 159
39 175
274 752
421 637
137 859
741 838
242 684
236 438
821 715
87 239
917 875
130 169
774 341
239 414
253 665
211 809
799 224
16 80
9 412
716 120
278 464
958 519
180 226
956 9
915 76
247 865
925 377
41 731
717 254
152 2
918 337
785 724
561 776
803 544
220 527
663 497
965 653
48 178
853 36
161 801
86 407
673 43
758 713
748 507
966 899
484 891
269 301
623 829
84 458
405 303
17 75
799 15
728 821
167 613
857 302
421 917
708 126
960 499
813 740
13 786
672 496
685 915
772 340
751 830
797 163
166 789
237 939
778 964
793 919
585 657
253 13
606 935
114 598
466 926
346 454
720 25
924 437
939 703
776 722
566 580
884 731
401 153
677 186
125 502
137 684
191 364
696 772
332 784
402 797
718 722
258 470
746 215
906 692
917 689
446 515
301 337
253 677
465 930
837 589
464 7
280 630
345 950
434 676
767 810
481 517
565 738
19 318
952 899
43 877
620 463
424 895
800 652
579 272
614 449
860 85
430 147
689 774
129 130
483 895
940 963
444 512
708 437
829 693
368 846
577 962
342 33
890 149
659 476
420 280
924 287
365 386
433 61
193 536
191 650
464 138
620 882
649 360
352 485
60 694
364 636
689 680
644 586
803 335
94 255
615 51
516 954
411 923
47 578
491 212
260 954
349 879
844 30
247 228
490 306
896 828
942 617
540 618
235 350
952 329
604 574
354 127
560 739
82 582
350 572
768 584
534 150
471 410
154 717
612 643
55 540
503 29
165 50
646 399
399 606
702 10
212 88
136 747
802 217
336 184
764 136
767 330
260 245
714 414
961 333
64 49
872 542
52 69
566 698
443 940
311 177
949 522
240 93
276 74
284 586
232 80
697 6
409 956
251 130
377 244
462 416
267 367
957 319
410 530
24 827
502 334
37 459
830 251
551 139
324 809
699 555
889 428
535 305
417 785
435 768
37 896
216 303
270 180
596 655
710 619
514 244
952 525
702 790
775 260
928 106
102 659
635 965
95 203
302 486
20 711
286 31
615 477
334 859
656 904
521 373
556 68
617 515
567 326
337 375
561 272
480 637
906 123
634 33
325 910
518 344
654 778
375 301
287 683
192 918
619 688
323 182
755 914
697 354
248 41
703 808
313 191
452 226
313 118
258 637
60 750
955 713
560 337
21 822
27 188
772 621
875 102
802 637
49 506
965 296
522 701
111 834
866 562
92 211
654 324
822 713
106 784
434 640
154 429
494 155
616 273
775 498
375 585
167 423
98 165
693 619
840 778
485 738
372 551
923 33
849 752
745 954
568 186
602 696
615 128
851 238
401 633
736 750
250 902
205 348
74 872
941 888
682 459
658 61
17 588
68 866
372 812
827 915
6 461
643 620
564 501
832 939
167 600
721 391
510 925
713 583
804 687
504 493
153 169
528 144
732 595
17 136
414 844
58 419
312 701
46 875
209 878
846 375
510 599
741 52
531 486
610 342
180 121
834 332
289 394
476 53
963 492
164 410
343 221
828 630
896 849
512 138
759 366
487 276
939 235
303 478
721 912
819 875
65 661
240 328
62 690
356 58
189 519
467 532
714 302
169 618
158 680
730 916
78 249
200 25
459 502
502 187
421 353
94 460
46 333
762 83
55 150
140 244
643 581
750 390
857 918
40 48
605 744
938 658
967 170
682 458
646 216
644 74
543 738
508 564
103 303
646 133
452 760
351 128
373 108
492 237
33 531
284 637
282 230
302 281
399 16
739 53
231 415
101 749
185 609
345 263
911 23
370 395
782 720
497 162
802 21
398 834
526 657
478 807
886 780
121 292
795 859
319 34
281 420
782 441
61 134
703 4
156 80
373 912
774 870
81 608
865 478
449 424
142 926
263 60
713 358
327 516
224 645
549 505
97 338
945 157
471 655
135 601
734 508
520 540
385 600
180 282
85 603
705 227
561 943
261 282
333 587
797 532
265 353
69 336
690 21
493 168
675 602
743 441
142 295
955 501
894 142
783 11
744 495
212 312
470 473
593 778
92 422
342 356
749 385
667 446
405 167
613 112
768 388
527 885
682 514
418 583
630 208
569 406
703 780
717 180
285 318
932 377
714 306
707 496
690 406
941 102
572 562
213 348
949 714
265 639
235 657
254 864
865 797
302 575
610 27
754 894
344 719
303 65
32 18
535 697
398 509
798 945
103 19
325 59
732 589
672 942
253 901
838 150
730 173
699 372
174 486
299 492
212 576
556 218
568 124
914 966
607 720
943 684
738 275
742 477
863 447
451 123
355 297
248 117
444 946
489 617
439 762
141 650
345 671
868 913
769 789
886 383
541 861
99 286
168 816
738 38
270 196
135 624
492 382
740 935
361 236
559 774
30 674
457 375
378 332
295 154
128 213
537 644
81 610
929 223
458 674
260 727
870 394
383 394
751 131
337 144
366 895
917 371
602 381
720 954
687 22
115 790
234 626
466 289
269 402
511 726
109 745
461 11
171 818
379 921
948 715
72 322
618 964
667 227
352 394
213 47
415 327
811 623
953 309
911 229
710 454
954 793
231 447
803 376
273 190
305 253
879 351
549 529
322 248
755 674
616 942
695 63
277 538
660 237
821 603
465 538
64 426
364 269
848 174
645 153
363 924
380 250
307 929
778 629
184 541
310 800
490 12
837 766
524 530
10 377
140 474
914 204
900 285
472 755
459 124
907 796
55 319
78 362
280 831
965 439
379 282
246 868
268 115
642 791
619 651
175 734
133 121
937 40
381 416
794 839
515 733
642 569
59 695
905 314
533 877
752 911
191 5
786 433
119 435
256 713
119 430
479 226
526 423
265 906
813 91
752 360
798 426
904 856
128 841
177 660
726 903
578 891
907 372
357 34
806 612
746 899
50 257
157 575
654 396
488 499
486 272
834 291
672 770
155 800
618 331
467 376
267 53
300 206
424 656
239 237
275 959
144 324
223 275
873 876
671 393
408 164
664 249
455 344
51 609
176 643
914 617
52 188
669 326
369 125
956 582
337 263
574 480
562 771
754 467
680 457
835 95
621 506
343 83
849 368
666 57
43 587
674 69
775 350
394 151
450 382
732 786
620 313
273 214
117 59
655 771
491 522
865 119
36 215
176 884
557 841
916 599
460 597
668 242
946 94
392 428
451 132
246 103
444 518
291 560
552 920
363 50
450 235
168 485
424 318
401 13
191 349
612 625
945 287
842 899
355 266
359 780
372 580
882 816
105 180
383 656
133 721
680 582
930 822
99 387
172 474
374 337
798 960
962 750
279 811
681 609
84 48
421 456
627 336
304 731
490 686
395 622
414 82
211 377
904 284
738 108
758 144
445 563
137 414
345 415
257 59
56 340
106 477
770 732
787 106
470 284
767 839
881 213
921 124
564 832
408 334
939 173
478 391
735 614
779 112
36 43
145 67
358 250
518 160
956 312
266 434
595 40
280 508
227 233
632 791
97 47
132 44
194 609
409 903
230 196
47 266
238 167
307 595
391 824
755 380
168 28
788 762
42 100
303 243
308 909
41 379
930 173
397 156
756 806
91 19
34 112
259 246
278 565
841 669
396 603
56 563
605 818
332 621
917 634
863 232
550 904
611 512
109 15
642 864
795 732
857 803
819 123
82 129
662 897
772 90
507 802
652 144
652 17
764 577
625 634
808 183
570 426
694 653
441 369
550 243
108 414
79 926
537 160
63 231
89 834
321 595
644 947
713 328
938 484
879 571
150 720
753 695
153 454
380 568
797 929
811 905
351 889
838 887
56 900
125 144
742 420
713 418
400 433
720 370
916 632
915 73
359 700
767 486
187 180
87 16
116 872
895 466
793 766
360 823
698 485
941 447
879 686
864 311
126 592
656 74
256 603
121 589
311 888
107 497
75 168
487 190
72 415
631 839
213 23
694 885
482 667
365 394
360 236
679 485
827 342
533 90
945 654
678 263
574 760
759 648
927 253
812 32
667 475
870 854
498 572
772 954
271 169
380 606
379 67
123 214
408 656
303 360
317 956
622 865
748 388
520 682
641 364
713 315
839 591
202 344
170 6
330 440
149 685
53 502
751 176
715 191
806 51
551 155
14 180
27 761
568 546
450 241
909 196
555 755
761 756
131 930
736 436
377 859
153 430
394 903
580 141
101 393
191 626
547 204
806 548
939 406
126 422
621 67
592 183
822 360
939 952
297 682
395 673
574 547
110 967
457 689
115 533
89 281
191 610
484 29
190 431
409 315
827 62
382 426
245 211
785 191
195 114
872 565
761 453
144 871
427 576
567 542
141 656
822 331
298 313
335 488
718 743
802 577
805 191
10 57
401 794
247 571
882 126
168 676
579 286
554 13
861 153
529 34
783 383
365 89
671 699
551 396
449 385
948 286
551 957
342 951
784 563
529 673
689 671
381 275
957 934
287 850
95 791
884 852
181 256
940 851
929 523
280 410
883 235
671 441
224 20
424 15
583 928
688 279
631 76
528 620
18 789
478 87
612 369
938 793
599 886
651 535
441 905
944 331
172 622
771 396
617 203
410 207
163 105
485 768
181 20
396 173
808 848
259 453
249 229
278 847
122 928
414 563
866 365
868 45
962 647
440 611
849 825
817 19
929 309
761 117
328 189
289 168
69 522
620 292
751 872
171 847
808 559
417 681
899 318
725 893
964 173
511 820
5 360
838 933
668 631
58 28
795 321
170 863
843 765
163 601
669 308
480 484
867 897
172 773
222 872
673 218
52 216
70 56
575 882
963 250
545 53
252 347
349 421
243 224
218 380
799 862
687 311
378 586
240 525
366 461
429 71
653 480
286 697
510 835
611 505
117 189
558 368
510 906
764 752
137 14
139 935
875 826
278 261
419 493
785 928
221 830
589 675
149 318
217 958
929 721
83 125
286 425
634 199
221 394
335 235
532 277
117 390
530 377
809 30
169 601
957 364
463 553
46 586
871 237
577 807
933 634
906 251
91 572
425 287
940 734
496 480
44 612
844 573
964 660
602 140
293 566
504 756
152 524
349 30
761 900
811 726
566 749
951 632
328 408
918 301
175 446
755 193
65 631
765 61
324 374
201 616
914 679
379 73
235 703
102 28
635 887
753 234
668 712
840 4
127 790
279 301
243 66
468 307
696 240
368 52
613 543
643 560
254 29
607 488
731 709
491 399
603 251
607 304
962 479
307 122
301 585
397 543
625 865
824 353
137 199
380 725
741 30
292 27
58 898
490 789
614 13
195 250
263 801
528 258
312 809
354 587
426 750
137 58
622 960
410 734
192 764
491 932
793 757
934 851
687 431
647 309
443 841
558 680
674 118
912 960
926 298
579 359
56 690
416 677
682 800
418 848
597 908
788 397
697 729
280 392
192 926
700 609
774 265
321 480
357 266
472 315
538 58
648 593
747 71
278 437
845 695
317 474
611 112
846 315
840 158
706 64
92 413
672 840
677 1
353 66
241 799
355 778
832 10
404 586
80 656
55 925
358 347
406 1
458 259
316 306
392 29
344 483
417 24
330 101
24 657
167 264
464 496
74 328
506 452
913 560
115 943
492 473
297 873
473 729
164 763
67 555
767 411
45 216
434 375
316 432
64 457
670 527
953 718
829 466
203 750
33 292
725 525
764 54
405 245
782 568
40 824
131 806
267 175
29 675
524 345
114 563
801 783
122 761
533 926
234 710
708 267
35 465
766 798
493 178
50 307
745 90
163 850
870 404
58 899
86 556
251 199
151 59
14 273
820 547
206 61
289 913
302 323
410 75
129 902
252 178
216 5
242 354
854 120
732 886
26 818
475 276
49 625
334 63
872 161
584 110
222 872
30 498
203 439
573 306
348 824
458 539
828 700
867 690
794 631
608 819
481 90
127 505
690 435
567 569
596 183
654 792
62 683
322 264
130 894
569 477
726 35
23 561
734 889
283 560
528 866
386 41
930 512
545 652
946 119
254 549
276 907
373 338
597 670
601 726
596 178
211 329
212 233
890 920
130 180
487 657
78 872
672 41
391 225
667 344
343 920
893 619
834 298
956 439
967 564
197 571
716 407
874 902
640 796
829 744
9 323
433 61
202 137
76 592
361 743
911 679
670 836
330 537
141 293
8 116
831 179
686 555
586 592
464 233
396 326
9 379
623 416
439 825
552 515
424 888
290 367
599 959
210 903
503 351
203 485
466 41
639 159
595 232
725 67
464 153
367 447
506 22
837 945
846 421
467 278
316 731
619 914
697 829
824 208
212 34
667 677
75 338
810 644
569 567
710 40
695 109
461 233
106 330
185 951
726 626
236 74
364 855
963 94
716 794
276 902
828 942
611 877
288 428
553 856
27 271
871 696
354 364
904 459
669 121
418 427
722 653
500 118
540 470
186 263
297 461
197 157
411 782
66 698
242 593
561 244
863 439
939 225
778 875
683 479
4 133
905 700
786 412
817 333
857 11
596 186
471 767
317 856
582 357
561 823
924 130
74 795
568 46
52 378
895 734
856 873
867 768
605 660
188 430
25 77
440 595
262 885
395 553
774 9
884 342
806 840
471 880
667 72
900 718
424 802
485 313
708 359
88 320
51 275
749 50
351 221
645 587
139 72
147 887
80 63
261 860
903 732
772 602
803 679
328 259
514 812
546 229
178 634
548 203
883 330
252 242
550 896
828 688
967 950
607 54
45 843
914 947
607 718
557 442
430 884
675 918
703 229
179 880
837 726
115 752
88 366
1 613
295 804
308 269
786 890
323 830
765 269
810 404
961 374
820 398
290 502
323 25
730 501
904 599
235 26
359 322
391 359
909 660
170 250
904 955
172 234
818 936
502 635
372 470
41 199
843 330
700 198
329 463
674 265
69 908
265 402
262 630
736 179
323 905
428 234
893 599
467 718
542 943
385 888
420 400
119 295
704 793
493 65
288 199
304 332
114 568
708 350
230 476
528 527
414 955
760 314
561 234
64 135
209 423
55 629
822 148
923 533
941 423
597 236
596 875
567 709
475 308
92 679
758 594
239 204
582 6
492 175
240 555
285 423
952 314
84 781
462 15
346 435
412 917
645 16
824 220
699 306
502 765
18 292
392 231
471 6
211 962
155 450
525 439
848 509
753 931
323 222
920 668
631 340
593 308
355 449
527 86
730 61
826 722
353 250
952 798
230 195
792 384
620 349
798 500
833 558
438 188
779 366
830 442
705 455
749 67
879 284
127 616
319 952
370 671
209 329
476 438
498 301
797 150
624 602
624 464
192 70
651 3
410 489
419 122
918 175
188 804
433 289
452 752
274 796
430 482
157 906
895 655
214 724
779 837
358 411
309 524
455 959
501 864
455 919
960 406
101 180
242 534
443 669
318 716
497 747
206 629
685 133
316 898
831 102
743 196
512 84
719 966
50 252
837 505
178 829
885 253
16 134
786 459
777 111
182 307
858 362
935 550
494 258
456 332
359 206
527 871
264 253
844 313
479 714
792 631
550 684
884 541
818 702
32 627
788 188
908 653
550 850
235 51
115 665
383 474
870 884
352 166
170 203
479 623
891 278
287 474
962 203
47 787
879 53
421 699
240 337
384 789
194 594
840 309
291 230
757 194
146 141
359 290
343 812
913 242
98 232
715 67
434 736
853 320
788 281
52 35
592 410
824 786
36 671
127 327
900 883
520 53
31 853
343 348
673 288
589 770
494 311
836 927
79 696
254 841
9 305
876 601
690 707
394 725
385 520
84 317
410 578
344 415
439 686
762 144
948 359
913 474
669 756
408 723
484 662
571 467
941 454
75 663
193 468
421 552
962 479
868 379
65 245
793 503
905 563
621 886
921 541
367 597
329 775
327 812
444 898
311 417
359 361
88 527
828 483
111 823
936 12
209 33
231 35
510 143
572 138
36 500
678 403
104 39
185 431
850 628
336 169
52 694
529 114
253 364
596 364
194 565
350 403
572 555
412 90
672 16
227 708
515 880
143 618
918 302
56 776
904 366
919 955
93 455
77 320
818 672
658 20
244 40
397 791
569 808
855 274
798 114
14 320
26 131
912 919
407 1
727 343
366 678
305 433
140 381
728 957
86 418
951 304
458 380
127 34
220 14
282 25
103 270
344 103
375 289
54 781
264 755
156 604
440 461
45 579
841 772
544 901
222 527
238 654
882 339
663 134
353 944
134 430
247 477
507 621
740 561
435 11
323 565
590 763
58 634
349 899
413 867
807 609
427 77
296 341
416 958
449 743
909 557
180 188
42 686
784 781
254 251
767 577
815 364
347 848
5 670
754 417
570 593
58 4
670 328
344 93
293 767
810 235
357 22
397 398
707 213
186 961
463 927
545 286
323 866
166 327
568 919
718 145
519 776
148 221
136 466
288 404
241 130
638 572
151 67
2 833
280 162
801 717
97 378
10 419
251 150
721 793
101 471
938 595
279 118
815 390
559 111
793 799
240 438
403 366
504 379
231 758
515 64
508 611
416 517
38 666
667 758
491 742
261 436
369 515
554 192
879 120
302 679
918 516
149 353
881 627
706 144
418 253
207 900
864 597
449 876
295 123
666 761
840 901
229 216
448 757
382 334
876 658
45 826
207 193
186 120
820 866
239 245
152 420
177 23
50 600
898 344
698 571
137 570
504 341
760 927
130 150
293 39
807 338
839 46
505 33
141 332
898 379
576 82
773 727
79 822
360 951
174 90
554 310
634 91
650 426
25 755
575 317
793 390
629 664
410 142
696 525
473 602
878 57
683 684
783 737
538 175
720 711
264 307
29 872
372 653
331 371
440 880
687 240
277 324
879 687
465 607
244 912
241 155
1 899
838 784
643 383
933 395
127 205
676 130
109 55
782 414
425 230
327 120
469 603
443 380
297 882
962 516
826 210
670 827
116 515
618 758
872 583
161 6
787 836
135 871
866 892
317 323
154 618
417 597
229 834
10 525
748 946
73 607
188 717
466 304
239 116
69 119
673 229
124 468
73 234
371 938
158 662
268 286
313 685
882 541
551 866
73 332
844 121
938 40
837 411
343 84
501 386
202 206
615 300
648 687
533 26
632 690
688 899
950 33
616 865
548 175
763 620
506 640
740 451
679 585
861 29
643 394
389 819
574 36
151 230
697 684
255 361
381 917
293 364
924 883
236 504
90 31
157 570
645 871
53 331
488 888
334 138
289 723
956 838
733 140
100 463
798 329
798 186
279 98
524 235
14 759
