51 1239
10 3
38 18
16 49
35 2
30 19
13 48
27 16
20 1
46 22
35 32
40 36
37 1
22 41
43 17
51 15
31 9
17 42
1 7
40 9
8 43
27 20
39 28
9 33
28 3
3 36
34 16
45 16
15 8
33 31
7 21
36 41
38 51
41 44
13 49
25 29
49 18
17 25
27 49
26 29
25 10
12 41
4 30
30 18
37 11
23 43
32 6
43 5
46 9
18 17
33 46
40 50
36 13
25 7
13 28
32 22
13 46
50 42
49 42
1 9
38 17
14 43
23 30
47 17
38 8
44 7
47 16
42 33
15 49
45 42
3 41
3 22
39 18
19 29
18 1
40 34
14 31
5 17
27 47
3 13
28 20
19 23
36 35
29 24
6 48
14 33
37 41
3 24
7 46
27 49
47 15
31 34
46 10
51 46
5 27
7 32
47 51
28 5
8 5
28 13
1 15
45 37
29 21
35 40
35 6
35 23
36 43
17 45
16 11
23 42
43 3
11 16
4 15
48 9
16 9
34 4
27 45
32 21
2 40
9 36
45 18
7 4
9 49
48 24
33 45
39 49
47 50
38 25
38 34
33 3
16 40
6 42
7 38
36 8
26 45
17 45
36 49
48 44
20 18
41 1
11 28
24 32
26 10
5 13
18 11
40 33
50 45
49 6
5 33
38 5
51 29
49 35
26 19
1 45
36 41
19 47
18 42
27 17
26 31
3 43
15 42
24 13
10 21
43 14
28 4
43 27
32 14
11 31
32 36
49 42
26 16
37 17
32 37
33 6
41 36
22 4
51 45
41 9
40 7
48 41
10 13
16 15
27 51
45 32
36 42
22 35
31 32
51 11
42 6
16 5
15 11
33 15
5 23
48 18
29 44
7 12
31 47
26 6
21 44
11 5
8 7
39 38
12 49
28 17
38 32
32 49
14 20
27 36
16 44
38 34
24 49
13 44
48 43
13 14
2 42
21 33
3 7
45 14
4 21
5 42
26 10
39 29
14 48
18 31
8 25
28 30
37 45
26 28
7 39
4 22
8 36
25 15
3 12
43 48
41 33
23 50
45 10
1 32
32 44
36 39
17 37
18 28
31 43
4 11
5 32
32 37
42 30
25 18
16 17
15 5
23 37
29 42
20 3
22 51
46 32
39 12
17 5
39 47
21 16
31 50
22 37
36 37
15 34
3 4
50 17
9 47
27 11
37 47
13 32
20 33
12 7
44 29
36 5
49 31
45 3
3 15
39 38
25 27
21 28
31 44
44 13
39 20
48 49
40 9
30 8
41 40
7 43
24 36
15 28
30 42
31 18
29 42
43 29
36 44
33 3
36 45
41 29
15 13
17 24
42 50
38 5
38 19
22 35
3 10
12 6
51 16
49 2
6 14
30 16
6 12
18 41
30 7
44 45
44 34
42 34
32 28
13 43
20 34
27 48
43 12
2 16
27 50
17 6
12 46
21 42
31 38
6 10
19 49
28 11
5 18
19 11
19 31
2 39
13 2
35 29
13 10
44 13
34 9
19 28
39 10
8 51
15 42
18 37
18 28
41 9
46 51
27 50
27 39
11 28
47 13
41 6
5 2
39 38
45 6
40 33
40 47
6 3
11 23
39 2
24 3
10 44
2 36
42 28
49 27
30 44
39 19
49 18
45 10
4 39
41 43
45 29
12 50
6 47
46 18
48 18
20 6
35 47
16 26
48 13
26 30
13 44
28 30
12 11
8 50
51 24
17 3
10 40
8 5
34 25
2 25
45 32
9 40
47 34
10 33
33 36
12 45
2 13
49 13
23 30
36 48
2 1
50 11
14 6
41 47
30 42
21 48
22 3
10 43
10 20
24 42
4 35
35 5
47 6
43 19
35 27
15 11
2 38
21 15
43 10
36 46
25 30
43 21
32 1
12 41
20 35
31 48
44 14
27 39
45 18
31 28
18 19
38 44
5 33
33 47
16 17
42 41
20 7
35 51
7 46
40 1
29 19
22 21
6 48
34 50
39 13
1 31
6 38
23 10
44 29
31 9
19 46
23 38
1 6
37 32
51 25
6 2
17 28
48 23
49 30
46 11
16 46
41 46
33 37
5 50
15 9
7 3
3 45
28 8
4 8
32 3
39 8
19 40
29 15
37 32
10 21
47 29
10 42
35 47
20 34
35 28
14 15
4 17
8 31
49 37
12 4
39 50
36 31
38 13
46 49
44 29
18 13
6 28
28 15
48 47
48 5
48 10
19 51
51 1
30 49
37 42
26 24
40 10
3 1
22 23
14 50
40 51
30 41
28 44
11 48
14 40
45 48
8 44
48 33
48 19
18 38
18 15
51 27
17 25
48 13
47 35
36 34
14 50
35 31
10 32
18 23
25 15
30 42
36 11
38 28
2 24
45 16
49 20
7 22
41 19
18 49
3 27
5 42
50 40
46 33
20 13
5 44
1 34
34 10
19 21
37 45
18 30
10 40
23 41
11 37
8 2
34 35
2 38
50 51
26 45
33 45
6 37
11 31
44 45
40 36
39 50
30 5
28 13
45 24
2 29
9 34
4 16
42 5
2 41
29 2
34 10
20 13
20 31
17 13
49 5
48 36
3 51
14 4
12 32
1 38
34 9
45 37
49 36
15 24
50 44
25 6
2 19
18 22
49 8
8 20
12 29
4 39
29 42
16 40
23 16
1 5
49 45
16 46
3 30
18 1
22 17
31 49
9 48
44 6
4 51
50 40
28 2
1 30
43 16
44 39
31 44
18 28
11 33
47 39
36 39
39 7
4 44
4 12
40 21
42 18
45 40
31 21
15 32
25 31
47 17
44 27
34 10
28 44
16 24
31 51
11 44
31 39
36 8
24 49
28 39
40 21
1 20
16 15
25 14
19 20
30 11
20 12
45 22
4 34
19 9
8 29
1 12
41 10
20 13
7 21
25 47
16 25
40 5
13 18
5 6
47 41
51 32
8 46
9 42
13 17
23 15
42 34
29 51
27 41
32 22
39 27
37 40
15 49
26 32
2 5
1 16
4 6
24 23
14 39
35 5
10 23
46 17
51 20
44 14
51 14
1 26
24 37
39 12
8 13
43 35
17 50
46 22
22 17
9 34
26 13
43 22
33 9
22 1
26 9
51 13
35 50
10 45
37 21
2 23
37 10
39 27
8 7
22 4
49 30
37 48
17 3
18 49
36 13
49 10
47 22
47 30
20 5
23 30
25 49
1 10
7 13
10 40
45 31
17 42
9 27
12 25
3 47
38 41
44 21
36 39
16 39
7 20
10 36
18 33
10 27
13 23
36 26
16 40
16 31
49 43
42 47
19 44
43 6
33 9
26 42
48 42
29 28
35 13
13 2
45 47
2 31
18 12
6 7
51 21
11 48
37 1
18 5
19 9
35 25
42 9
16 38
24 44
40 8
5 1
9 23
21 10
3 39
21 8
19 21
2 30
42 13
4 8
17 22
41 25
21 32
33 36
43 31
2 31
12 32
5 20
3 26
3 5
38 49
37 30
43 13
33 25
37 15
15 32
29 39
1 34
45 10
26 24
12 30
9 43
9 28
19 8
5 24
45 2
34 48
44 20
30 50
44 15
13 32
20 42
19 46
24 38
4 23
35 40
27 44
5 35
20 24
16 49
21 34
50 28
30 16
48 8
15 40
47 1
21 16
42 13
10 40
50 38
36 34
1 36
26 5
44 19
28 8
17 22
41 40
50 20
5 46
1 19
8 48
19 2
12 35
15 46
48 13
6 20
6 42
19 36
34 38
12 42
28 8
5 16
6 24
20 25
25 12
32 46
5 34
31 13
48 25
9 34
4 39
28 35
29 46
19 37
32 4
1 33
11 5
49 41
3 42
14 1
28 46
46 32
28 25
18 49
23 26
5 51
38 32
34 16
27 1
26 32
5 26
14 40
4 36
30 6
51 43
31 27
11 25
32 12
23 49
9 19
48 39
19 9
19 1
24 19
27 23
51 5
48 38
44 51
47 31
46 39
10 47
49 9
1 10
5 24
43 24
45 30
16 2
23 16
50 41
16 21
14 20
17 51
38 42
46 33
46 15
45 29
35 43
11 35
26 16
7 42
13 26
21 28
27 17
17 26
6 7
46 20
26 37
44 37
1 13
19 20
27 12
48 35
28 33
18 27
48 50
18 34
24 12
35 24
28 51
49 33
6 18
26 6
3 19
42 3
5 34
22 5
20 43
39 21
24 30
48 45
28 14
27 25
25 35
49 26
35 46
7 14
12 7
44 39
50 9
15 3
42 10
7 35
27 19
5 50
48 1
18 25
39 18
23 37
2 20
11 36
40 42
23 25
48 41
38 46
49 1
22 13
36 2
48 11
20 1
9 17
26 15
13 44
11 49
19 5
33 28
44 23
50 42
45 39
28 13
10 3
35 23
38 10
19 48
30 44
30 20
18 30
8 30
47 18
1 14
22 33
41 39
29 13
4 22
26 31
9 35
7 43
31 18
1 23
39 4
15 18
23 6
21 4
9 41
22 9
28 17
15 17
5 18
3 33
13 28
12 21
37 44
37 41
10 38
13 49
15 27
40 12
7 34
15 23
10 24
24 27
12 40
5 29
16 37
16 18
22 36
3 14
22 43
49 33
29 20
47 30
33 7
36 40
47 50
11 5
47 8
31 8
47 9
10 36
45 25
2 41
35 29
28 5
21 25
37 23
18 6
1 50
38 36
12 33
35 47
37 4
3 42
36 49
24 20
8 18
44 9
32 1
38 8
5 32
7 15
3 49
21 4
22 7
13 33
13 21
29 23
25 31
13 9
3 37
28 10
28 46
18 33
46 29
40 25
9 20
13 37
18 7
14 39
38 26
45 50
47 22
22 45
2 8
27 4
44 29
38 45
48 29
26 16
7 40
40 33
2 25
50 33
38 11
20 38
5 18
33 51
39 51
26 47
26 3
13 28
40 32
24 18
6 40
24 19
2 12
1 28
11 24
10 48
35 29
34 13
46 40
37 8
39 12
28 39
14 15
3 45
13 45
25 1
17 43
2 43
30 12
16 13
34 24
41 16
10 9
30 46
16 42
31 17
29 45
31 18
21 24
30 14
48 4
30 14
5 30
8 17
45 20
50 42
34 39
25 43
17 45
7 8
24 49
10 42
28 1
11 51
30 24
22 7
27 35
37 6
13 44
22 32
38 45
47 20
6 46
11 23
39 43
4 36
40 13
27 41
39 37
40 42
35 49
35 43
34 40
30 51
35 37
28 30
31 34
49 15
30 36
6 33
21 19
19 47
8 6
6 22
48 14
30 45
49 22
1 37
25 51
21 8
11 22
11 41
29 9
29 7
44 35
39 38
27 32
7 9
37 13
30 7
51 8
25 48
3 25
8 27
50 2
8 9
23 19
23 1
1 51
7 18
8 20
5 9
25 11
17 35
48 46
42 48
27 15
18 4
14 25
4 37
26 37
19 23
4 15
23 29
14 3
46 47
47 50
4 20
35 20
4 5
39 45
1 39
33 44
16 20
17 20
30 17
5 48
39 33
11 35
10 50
37 29
45 33
28 22
26 36
15 29
40 2
47 15
14 3
7 30
47 48
49 26
13 27
22 25
