620 2932
336 37
168 294
491 11
72 486
479 271
618 504
37 389
171 602
368 366
342 536
571 274
616 525
87 602
105 494
575 456
17 102
493 184
395 175
195 278
473 53
548 470
368 397
50 538
378 417
283 532
332 45
185 139
569 271
552 485
576 318
321 593
419 5
156 6
179 162
283 463
26 23
312 393
419 174
123 608
590 217
519 114
262 84
64 22
166 428
507 122
125 207
94 356
211 61
361 201
35 23
44 60
477 167
453 87
152 387
507 554
603 405
47 56
300 542
78 466
349 584
399 474
170 492
209 192
364 569
204 398
403 59
270 72
38 534
590 189
300 476
122 282
261 600
150 372
522 227
29 250
190 427
103 171
110 123
174 286
503 377
63 98
248 332
169 285
57 138
473 356
614 407
450 66
386 599
249 99
205 278
349 206
516 263
376 438
386 549
103 80
117 597
177 364
121 157
460 177
295 125
533 100
531 362
597 108
152 37
207 168
314 367
373 22
9 560
459 206
300 561
98 416
537 274
592 469
431 26
537 555
558 448
277 111
236 197
74 272
215 241
586 581
613 419
401 552
257 419
43 9
516 458
357 169
241 206
411 484
43 139
418 600
586 507
522 201
83 595
285 297
215 62
69 19
480 469
382 548
267 424
556 162
261 104
143 314
121 365
177 163
316 406
142 281
292 475
294 186
261 390
482 475
451 550
305 310
211 66
237 477
489 604
451 562
87 405
255 20
581 243
182 276
28 136
369 132
610 474
317 251
243 611
537 73
352 222
194 562
287 430
231 156
225 493
529 123
89 163
142 49
405 324
137 244
459 505
375 260
358 504
322 412
306 239
484 37
272 489
411 370
110 453
337 334
325 245
268 225
219 410
273 3
545 221
59 195
105 433
454 274
128 156
497 433
206 172
470 289
40 72
38 149
524 375
482 40
431 562
264 30
351 348
464 275
569 522
469 485
147 114
571 274
81 447
87 286
619 368
574 38
251 424
187 586
610 480
5 420
421 80
261 583
239 105
49 619
438 329
484 584
443 246
50 523
72 568
1 70
127 574
540 377
189 538
342 178
397 158
410 10
237 50
592 287
154 21
286 404
161 581
367 603
206 228
318 89
175 318
591 301
83 510
489 272
427 210
261 15
179 50
456 227
100 240
514 65
72 179
468 232
571 27
215 156
254 344
56 241
41 26
541 555
535 410
206 153
431 467
600 610
328 435
28 239
486 541
304 557
531 583
169 481
421 195
448 487
538 504
107 390
529 27
324 256
248 342
220 59
188 11
480 327
258 507
566 123
240 61
60 150
23 40
443 256
234 82
122 583
397 228
352 118
66 487
373 314
208 404
184 207
415 475
534 52
173 479
174 412
539 45
374 373
84 8
8 317
89 561
91 298
168 254
415 46
121 599
171 328
382 166
347 176
20 260
39 4
550 213
228 468
257 601
32 341
420 40
469 320
600 372
617 580
5 411
5 557
389 175
77 583
152 423
138 171
62 177
606 611
201 213
270 457
193 113
609 424
152 270
124 564
453 120
335 457
343 151
394 111
137 470
73 288
84 23
270 145
11 255
567 211
468 28
479 472
140 280
276 104
361 399
479 193
518 5
29 52
155 234
163 103
515 47
390 598
501 39
554 511
105 312
101 572
151 392
424 103
51 511
206 411
289 496
603 618
500 443
50 466
57 24
568 383
502 149
173 383
187 106
273 291
230 186
55 380
577 290
482 439
180 499
229 280
186 23
89 65
465 570
342 333
405 101
528 287
249 80
49 435
185 321
538 226
318 404
606 274
73 279
92 64
158 132
155 343
154 55
220 431
5 373
575 409
474 482
75 102
561 555
349 126
68 266
163 385
481 148
39 553
427 562
428 396
74 394
550 39
448 149
281 452
522 236
53 187
97 559
288 38
494 16
595 373
93 137
137 573
285 607
317 523
549 556
298 434
329 227
284 157
188 565
420 521
180 284
87 276
223 186
313 528
14 287
280 106
424 228
491 520
215 619
422 143
367 531
388 75
569 51
43 568
615 275
468 174
558 366
450 592
552 574
311 565
241 402
482 476
10 164
375 224
163 608
178 341
518 377
227 278
427 270
226 234
356 73
407 105
439 48
77 182
2 199
558 54
601 419
529 610
583 283
213 557
82 202
89 599
578 315
256 196
396 293
429 131
366 28
236 616
507 124
609 320
322 546
373 114
156 93
103 118
187 127
486 268
328 574
246 97
269 314
293 44
606 101
607 163
128 34
590 447
589 578
146 102
503 519
216 39
611 318
588 610
257 266
257 396
219 503
493 299
8 165
155 425
77 573
588 17
418 557
463 386
327 608
487 21
318 514
59 121
24 459
110 280
104 366
55 134
60 547
245 499
523 211
304 412
163 83
240 580
451 82
157 501
455 178
199 349
48 131
372 318
240 31
421 417
517 367
477 256
423 167
590 13
470 381
607 552
620 566
195 513
534 351
206 368
340 216
96 388
346 279
85 397
121 318
193 18
496 481
85 298
28 54
310 497
247 108
241 58
53 435
571 398
597 156
145 317
183 53
516 528
331 412
304 452
541 308
281 416
169 365
93 196
418 214
504 476
321 556
534 185
182 484
394 591
451 539
99 445
591 614
352 113
405 467
564 326
154 36
553 134
400 458
141 10
483 457
485 616
392 398
180 386
73 574
356 335
304 454
159 86
259 322
198 475
168 574
612 134
609 545
267 201
194 220
22 56
56 506
51 259
96 43
24 600
428 191
127 111
456 97
196 526
419 205
381 398
158 184
343 579
540 422
591 113
21 612
169 76
309 219
334 216
261 170
196 68
172 322
610 440
418 617
345 28
202 537
238 171
101 580
561 20
381 531
133 401
334 113
288 23
331 434
238 404
415 433
283 586
566 273
217 176
81 562
15 282
478 252
265 390
212 205
410 592
548 354
185 261
466 284
283 608
97 521
391 323
145 54
289 523
138 317
510 218
258 524
312 548
588 576
317 179
592 538
582 519
83 578
160 548
242 254
348 338
586 118
473 543
603 141
257 552
269 146
582 527
481 273
266 448
40 394
6 443
124 400
342 206
357 313
566 598
566 293
128 344
222 600
266 17
552 522
568 200
47 529
538 339
613 615
167 464
201 604
287 324
383 8
341 552
132 286
529 509
390 468
232 612
259 497
8 2
210 387
14 256
108 363
407 532
358 573
376 558
368 42
73 131
481 413
62 612
511 402
312 280
62 544
83 132
232 522
134 442
101 147
509 208
509 295
119 58
59 494
427 347
499 557
207 104
430 10
614 23
322 85
516 245
600 28
288 501
161 109
601 307
618 620
7 104
119 65
163 424
491 589
151 182
337 357
285 146
179 90
600 500
174 496
556 153
523 35
466 63
144 258
181 573
258 619
56 376
63 30
179 366
618 141
359 334
310 23
291 488
112 271
179 97
578 546
62 480
580 339
354 103
596 346
487 233
344 355
608 219
384 599
584 382
119 134
527 428
156 198
107 79
280 285
607 237
210 480
528 170
198 261
84 174
606 383
406 141
117 206
359 500
184 134
261 114
267 600
354 422
177 460
312 268
125 299
504 146
158 223
127 168
483 23
341 280
405 126
420 521
331 159
400 326
292 473
440 559
452 173
172 440
12 296
519 568
594 402
526 563
4 464
110 298
486 262
389 82
388 188
602 530
158 194
236 450
478 487
200 121
39 183
372 482
478 270
242 263
483 147
18 298
422 559
595 288
201 363
181 400
362 595
309 520
600 356
161 457
222 172
389 260
354 140
554 24
221 175
286 83
133 115
380 554
54 166
33 254
340 26
33 81
620 153
600 599
509 140
435 110
123 15
182 477
154 115
500 186
101 597
268 233
524 27
598 577
4 443
22 343
468 486
423 467
18 215
445 526
166 71
448 289
85 9
145 50
555 456
235 35
244 314
79 147
152 488
103 155
310 556
497 157
421 111
435 439
325 71
156 491
141 415
159 37
423 115
518 169
570 564
15 193
257 93
152 408
393 66
374 82
2 250
51 422
361 297
52 497
368 20
367 320
434 525
357 49
19 66
217 400
10 232
405 78
136 556
298 528
1 51
422 2
113 284
236 285
580 99
161 327
118 528
459 552
244 7
600 263
72 8
474 513
239 258
591 187
193 80
526 6
130 139
439 54
422 54
338 382
585 499
520 82
406 170
13 461
176 424
103 248
432 389
140 482
26 542
480 31
1 386
36 563
524 286
616 138
152 334
331 116
24 42
197 429
212 22
81 387
257 184
14 68
572 586
362 409
319 33
439 132
418 286
74 134
572 501
83 103
214 413
30 237
454 226
477 45
59 558
244 316
553 257
383 316
34 556
104 165
589 355
296 198
20 181
143 403
61 225
317 275
449 346
323 283
572 612
139 10
361 382
137 293
451 520
420 296
267 523
460 47
69 567
245 89
127 387
303 188
424 620
274 252
157 408
346 540
399 485
362 139
246 498
243 508
209 42
184 476
377 455
522 445
402 578
345 528
157 28
527 580
459 180
23 615
400 369
535 178
45 276
129 102
153 371
610 362
225 173
29 601
439 362
425 220
320 150
128 476
609 34
435 447
26 269
253 425
17 599
414 61
254 354
163 219
537 584
392 141
568 232
121 386
593 357
606 292
506 545
147 494
578 393
132 415
42 197
31 490
175 257
363 241
422 525
271 338
488 42
478 247
85 410
12 57
147 617
349 32
541 307
338 311
80 281
537 553
477 380
234 464
16 596
84 437
500 354
587 179
207 444
425 291
234 249
347 192
245 507
223 598
6 372
288 517
465 16
449 133
395 62
596 222
38 59
39 349
224 5
340 430
260 576
532 305
204 71
496 261
577 531
238 582
94 337
290 558
352 118
71 559
612 46
160 461
537 10
1 572
446 340
382 86
108 105
390 123
175 78
195 564
608 244
337 81
580 7
451 124
124 521
494 547
378 33
387 106
43 200
58 488
539 251
385 458
355 587
393 530
44 587
473 463
211 1
543 602
7 373
105 563
85 598
489 463
443 68
380 297
267 437
164 617
67 549
267 422
327 39
143 370
5 427
212 27
427 566
9 246
131 545
188 215
335 488
489 589
367 61
265 13
497 428
442 376
168 520
177 494
558 131
55 374
557 78
213 175
24 221
420 586
577 419
612 291
287 293
259 33
353 523
478 229
143 111
604 122
10 592
428 379
534 482
564 282
372 156
269 395
188 68
172 145
299 163
247 585
455 318
429 187
32 98
228 606
20 23
108 461
427 535
219 152
208 595
434 579
130 82
165 318
581 336
462 259
311 520
35 145
217 276
144 249
373 183
234 205
17 153
45 443
499 76
407 87
50 220
45 179
113 22
308 73
169 581
144 479
481 178
4 77
265 579
137 18
141 183
34 589
335 78
412 214
153 198
112 14
229 588
193 153
609 312
225 158
273 180
16 133
170 451
21 434
221 158
263 173
152 296
142 486
374 365
511 338
374 2
352 602
402 356
134 390
47 170
359 131
162 187
263 331
17 284
144 50
441 219
222 404
514 363
269 79
107 592
229 480
405 392
273 186
559 218
388 417
200 558
548 361
124 190
71 573
473 26
2 105
56 223
508 570
398 589
460 504
372 68
176 156
459 448
154 397
46 541
194 245
478 553
417 414
122 299
366 407
324 179
511 380
401 211
141 610
611 600
494 362
480 49
329 318
308 482
527 165
214 532
221 504
464 17
109 397
315 474
183 451
32 506
22 244
528 594
234 518
385 539
71 244
399 211
374 518
73 92
63 98
3 95
413 278
544 521
486 238
186 49
500 29
366 333
273 306
318 602
71 48
484 126
258 74
499 155
578 590
29 56
404 124
468 493
47 181
359 96
366 219
408 395
584 120
479 48
238 608
461 120
35 324
245 292
397 124
446 355
525 287
222 309
410 501
613 268
61 351
363 427
381 150
13 344
82 491
203 319
478 43
438 324
178 494
427 575
429 64
121 334
350 342
454 139
222 446
218 95
609 581
333 369
542 345
525 3
27 107
133 316
582 382
19 139
256 445
525 64
508 25
209 238
178 42
188 212
300 406
306 100
178 18
468 99
174 184
534 200
291 478
515 64
240 345
202 307
169 539
182 488
563 391
537 121
244 105
144 355
322 449
454 499
278 114
409 451
297 322
462 399
612 168
462 231
512 476
349 492
394 530
171 148
300 88
80 356
192 223
90 513
51 544
391 140
37 611
402 145
313 243
544 116
222 385
158 545
52 506
228 257
415 399
405 527
486 484
262 489
87 351
381 569
86 583
89 122
573 302
267 77
545 2
192 578
198 349
503 250
46 110
506 461
320 102
367 185
586 440
53 484
170 245
244 68
19 144
189 404
446 267
292 182
80 296
139 278
456 453
527 502
375 224
154 74
326 332
71 291
151 555
586 132
180 209
199 10
353 200
225 178
278 517
171 358
192 309
15 459
574 541
340 328
576 493
213 281
16 283
383 166
218 348
298 209
369 308
218 533
507 443
522 165
339 72
522 342
192 348
612 145
80 332
472 35
16 65
316 32
159 510
9 376
238 118
584 418
426 182
330 312
436 231
288 586
302 1
119 493
348 110
18 239
441 301
274 269
177 401
112 336
290 120
91 339
238 487
136 475
48 465
598 483
507 266
260 620
78 378
493 238
487 322
476 120
434 129
388 611
341 311
138 11
242 40
161 291
526 297
145 385
573 123
59 272
200 318
271 277
75 575
514 562
276 182
61 522
122 260
324 463
382 461
285 3
500 445
294 218
553 438
602 318
372 41
589 571
358 51
228 433
6 553
186 93
114 58
614 48
129 317
510 589
606 324
281 430
617 498
175 247
479 492
618 519
272 381
69 322
608 501
327 352
498 420
278 367
225 325
495 354
26 196
322 11
519 602
252 516
479 426
574 338
109 383
48 380
143 116
514 130
428 220
294 117
451 383
483 56
87 357
221 544
552 542
554 263
524 185
590 194
423 543
343 531
305 391
103 448
318 616
389 558
27 494
54 478
256 537
345 154
85 565
77 449
298 10
91 201
7 60
395 241
414 117
583 98
319 65
357 449
60 126
386 87
619 439
376 67
167 532
220 252
288 297
80 585
118 170
166 124
41 372
176 454
300 139
363 431
203 100
259 75
225 456
593 35
274 160
101 253
71 321
504 358
429 395
322 546
376 299
482 416
482 37
249 162
607 611
404 2
522 42
76 558
309 480
593 582
19 505
214 521
17 529
70 445
303 203
371 58
314 232
285 175
80 533
148 67
336 551
68 237
404 575
175 92
434 579
486 264
275 511
596 292
420 45
548 534
247 298
404 560
341 68
547 233
413 74
299 128
5 178
176 220
132 162
312 377
120 177
20 395
499 615
498 298
471 425
24 97
535 427
469 255
306 395
487 98
468 597
37 284
154 213
504 285
186 7
473 306
615 492
512 493
298 389
603 148
5 6
57 539
244 337
174 549
111 472
27 390
449 495
486 414
519 369
511 85
187 363
202 181
47 525
53 344
293 35
304 109
40 360
28 283
76 13
24 618
484 482
387 124
356 252
350 67
432 240
151 618
602 164
178 28
68 43
184 172
77 487
280 549
38 307
23 545
319 46
354 615
339 552
118 507
616 467
573 427
518 535
237 312
78 226
339 577
80 334
128 157
12 219
517 481
526 539
405 36
397 138
30 115
502 580
1 497
238 385
115 136
299 351
259 188
389 597
144 468
123 83
436 134
302 332
427 19
251 23
54 27
161 516
573 474
287 386
350 524
150 464
471 449
7 109
448 395
518 404
54 452
486 490
397 599
201 203
617 263
226 483
101 198
190 54
51 476
439 400
191 588
55 474
228 61
394 56
267 103
271 321
554 136
2 143
547 14
345 543
89 382
217 189
579 218
54 441
73 492
32 76
272 87
361 311
579 134
178 226
49 448
358 414
584 171
556 322
184 93
56 272
474 273
273 245
302 326
65 375
10 97
262 281
615 434
403 573
379 581
610 427
408 159
221 183
329 588
504 325
60 560
408 534
24 60
158 325
198 34
511 207
130 584
299 556
397 81
509 156
41 310
394 261
469 426
443 177
394 139
313 265
510 101
178 533
592 147
49 169
613 560
187 554
335 485
490 112
566 378
79 606
67 472
246 347
278 501
336 483
19 28
127 528
560 117
252 344
263 300
324 67
51 511
1 386
375 490
309 320
59 387
118 557
50 175
284 139
55 619
1 505
458 128
412 398
244 475
553 318
155 256
385 17
146 385
214 521
66 522
32 124
100 149
492 582
324 587
100 378
397 101
263 235
228 486
444 471
341 376
168 307
11 364
135 589
128 349
489 5
62 332
128 162
481 432
123 616
398 34
185 175
134 447
221 361
125 44
23 277
231 3
395 53
366 529
21 306
257 321
310 319
33 250
292 325
61 226
320 270
259 504
444 393
143 476
565 79
519 400
355 561
402 129
614 147
37 446
264 106
147 574
236 611
15 527
315 75
564 446
156 202
141 412
406 283
267 163
361 598
562 527
538 343
35 343
301 504
169 565
609 127
330 224
117 344
562 243
230 505
500 385
518 20
608 304
303 255
466 475
232 219
382 149
561 228
492 241
111 472
617 531
598 138
566 94
293 507
148 522
203 27
99 533
478 86
28 592
152 305
447 383
523 20
344 463
247 27
515 358
498 324
80 475
461 26
380 134
532 339
467 547
365 377
459 34
275 298
6 426
602 452
1 504
471 156
158 529
182 484
266 491
187 346
157 460
183 536
405 526
254 63
452 430
440 102
463 526
399 468
143 192
111 143
75 393
298 44
302 291
528 379
161 94
536 317
365 98
44 149
4 109
24 267
350 463
369 193
180 579
472 322
151 395
465 37
167 574
81 280
245 608
39 217
513 386
534 70
484 389
30 299
498 53
565 227
327 125
231 506
84 515
208 46
289 484
82 267
437 594
359 493
393 397
90 98
594 435
167 457
203 196
135 80
61 512
119 387
16 349
85 99
243 292
576 343
587 470
422 215
443 160
520 216
368 609
313 341
235 291
178 249
486 124
141 358
15 259
125 31
419 209
561 474
312 517
196 278
366 617
304 620
588 203
215 335
3 339
56 237
9 45
486 307
600 438
44 427
76 600
269 494
188 209
347 311
537 355
400 94
163 84
526 131
286 120
277 289
271 332
337 91
188 14
397 600
451 253
406 526
232 54
212 232
74 558
542 423
104 322
328 267
405 233
209 502
165 485
170 435
9 319
525 196
332 114
175 163
178 392
500 221
445 91
452 331
461 374
133 564
507 272
22 103
505 230
604 49
95 586
295 535
284 11
110 615
556 97
589 113
488 469
334 125
559 165
267 211
350 211
155 48
482 608
150 366
218 134
414 124
531 520
38 194
531 579
620 466
55 401
579 355
249 104
291 619
80 557
210 430
147 364
477 8
163 439
186 380
572 411
315 294
311 164
299 221
123 298
66 609
510 456
155 138
559 445
137 19
193 158
260 339
333 548
159 495
366 344
67 129
134 381
422 444
545 100
44 47
210 542
467 99
377 2
49 128
446 617
146 451
154 217
169 486
144 327
172 510
482 238
18 616
619 252
439 543
163 295
401 372
216 59
283 404
60 331
531 318
139 488
148 104
516 128
401 40
455 572
361 128
190 123
188 441
374 542
604 48
134 167
75 192
449 290
64 591
13 193
541 500
152 24
396 279
424 247
545 376
607 53
565 176
175 564
617 548
297 412
407 242
578 293
245 219
583 120
189 595
312 542
286 463
565 493
122 369
119 46
556 105
530 500
93 85
255 521
444 363
312 43
604 81
335 40
299 297
160 300
83 471
221 369
314 165
241 247
345 172
104 280
88 14
591 180
98 37
80 353
399 203
395 194
284 110
234 582
218 393
261 301
55 293
481 180
458 101
426 614
84 342
274 172
355 56
351 264
93 243
616 491
445 203
497 108
124 110
70 153
314 142
453 180
435 125
360 84
226 597
77 121
318 162
292 484
218 455
127 310
77 555
612 521
569 300
441 72
409 510
224 534
463 489
526 89
613 265
604 30
53 493
151 183
34 254
478 63
88 605
184 164
351 176
497 111
287 317
182 76
18 217
421 480
517 326
381 510
402 364
351 267
236 313
261 82
567 118
144 34
534 140
198 264
127 74
374 413
202 367
300 219
396 101
78 292
238 270
613 452
14 344
530 61
36 170
142 602
287 98
448 201
237 457
276 363
342 462
155 543
20 455
141 415
367 30
87 416
300 79
59 125
234 588
185 82
137 139
63 236
48 322
248 96
158 523
270 311
176 424
233 196
70 373
610 248
215 508
44 514
399 102
450 12
502 14
93 18
584 588
65 443
289 312
538 259
27 187
569 202
423 614
397 492
178 199
552 392
86 407
97 296
508 546
308 201
372 212
219 147
179 95
590 280
407 507
350 433
74 110
14 496
103 223
179 281
421 110
52 318
516 581
614 216
506 113
416 257
324 446
404 315
353 185
406 139
71 135
383 144
56 208
451 159
430 442
251 42
363 114
172 71
74 165
286 392
277 513
460 412
151 55
106 503
239 323
453 310
269 215
265 325
234 528
295 44
349 545
517 91
470 68
161 356
44 258
127 320
583 586
544 113
21 461
427 259
164 259
568 432
285 25
568 518
552 242
373 280
598 270
182 448
337 155
615 381
412 121
512 374
86 247
298 538
88 104
177 251
362 556
62 26
392 10
544 323
63 296
414 473
377 408
300 526
562 106
98 353
226 421
539 123
48 216
41 135
320 29
385 493
396 258
519 168
79 254
302 142
361 528
614 550
315 105
455 256
210 552
420 247
352 338
369 399
554 221
345 65
61 109
557 457
179 267
436 257
332 117
210 505
456 15
434 150
119 80
405 140
443 205
198 606
354 567
197 99
599 541
163 40
462 532
308 20
610 123
276 322
51 486
18 507
500 263
468 431
154 253
382 596
269 580
581 2
338 589
101 128
510 75
167 351
606 286
370 408
220 457
109 83
322 558
401 14
200 248
256 353
312 17
140 580
408 532
394 125
501 306
65 390
192 231
552 610
329 301
397 548
569 317
10 271
254 410
96 265
470 163
429 161
179 568
553 399
479 326
335 171
443 399
560 14
442 303
3 150
603 211
509 364
527 519
14 592
120 541
236 589
83 44
130 73
423 494
471 94
199 618
264 453
396 16
466 217
318 281
178 113
491 67
476 210
397 301
181 516
221 417
297 115
272 426
619 507
111 470
600 309
467 243
573 54
258 418
83 576
510 260
500 193
326 355
402 102
35 394
430 67
2 106
181 86
343 179
592 453
460 571
573 118
5 525
172 263
134 66
30 456
325 341
28 463
75 241
376 541
14 185
607 448
290 599
533 12
589 504
276 241
266 228
358 270
564 341
344 78
406 185
533 543
525 560
385 411
612 140
331 437
137 317
264 426
107 608
250 76
491 337
128 568
565 485
218 320
18 373
397 235
558 309
589 274
60 353
65 483
305 395
300 253
524 375
490 10
363 551
517 45
268 24
613 24
321 22
343 338
394 120
384 143
240 353
417 112
517 481
594 13
255 273
265 158
460 135
168 202
65 64
246 144
520 50
167 220
71 322
557 465
253 132
607 492
296 215
603 193
75 389
17 330
473 282
487 312
228 466
325 104
342 571
248 241
432 226
460 503
547 208
159 179
151 577
483 447
172 277
19 246
45 35
387 330
128 66
21 167
531 346
271 64
108 330
116 539
555 575
233 294
594 203
284 125
592 146
383 143
423 213
200 279
59 399
608 187
464 441
353 186
598 435
250 85
144 365
435 511
132 480
616 537
62 279
473 33
425 235
607 39
447 619
129 506
397 549
504 240
369 48
237 346
483 486
242 438
43 488
328 606
159 323
522 33
414 375
65 30
421 484
68 248
482 8
565 70
556 448
121 116
495 357
273 169
35 326
607 77
6 126
62 164
261 395
196 54
149 73
515 570
556 582
9 229
401 573
110 149
400 230
264 86
398 349
255 432
54 53
320 491
610 193
35 250
588 230
115 548
302 9
309 49
402 317
89 615
269 198
143 480
427 218
378 205
378 444
448 244
496 148
114 297
340 148
547 119
378 473
47 491
294 355
352 507
52 440
501 132
450 455
424 68
53 181
84 242
4 532
485 311
59 599
607 210
126 345
329 315
10 375
618 303
109 349
189 592
600 502
104 429
336 339
497 200
519 580
442 334
491 306
24 361
284 442
571 222
167 91
536 608
277 533
290 385
73 290
169 53
603 84
481 131
422 169
330 132
129 583
465 431
81 300
172 176
121 554
397 99
456 125
518 112
469 187
308 542
289 476
406 83
371 78
213 172
247 355
303 375
129 579
617 209
258 168
385 191
533 593
101 368
97 619
291 566
617 599
299 97
266 84
180 17
161 392
188 407
558 303
593 67
261 590
275 331
569 471
521 294
444 433
473 352
431 144
109 428
122 407
336 387
490 515
215 31
99 215
249 36
517 222
534 589
3 1
299 571
471 11
56 106
444 529
270 66
52 378
305 605
165 21
183 466
535 398
308 445
612 557
481 320
590 206
288 592
206 399
354 489
221 410
406 44
130 55
542 181
245 226
597 409
246 159
66 593
368 374
417 171
310 89
490 279
295 590
62 312
368 227
180 588
448 586
444 577
452 365
569 76
402 545
296 28
84 362
432 263
115 40
434 424
129 303
514 235
84 387
358 451
613 538
231 441
315 486
397 146
230 158
34 11
82 329
470 597
70 93
240 184
133 53
419 73
167 124
119 251
510 476
513 315
393 123
567 519
420 155
45 29
312 510
472 394
218 133
370 100
226 421
95 358
285 326
242 264
449 360
514 151
215 218
277 608
153 223
506 572
377 362
601 69
251 264
274 281
396 23
380 433
256 474
602 540
179 223
183 440
582 508
402 177
106 58
596 258
280 293
21 468
467 433
536 529
76 1
189 284
456 380
96 91
46 78
442 36
300 437
475 74
324 256
250 241
125 37
310 216
329 331
64 175
143 411
516 219
412 84
314 247
276 409
149 321
298 590
356 410
406 23
295 542
90 544
162 215
392 472
242 100
182 305
87 136
528 602
354 319
497 479
377 152
268 337
284 377
306 20
598 524
474 272
445 563
7 418
589 398
81 211
310 74
515 396
210 234
189 375
552 65
234 120
29 313
456 312
501 574
143 479
477 616
562 113
559 569
342 339
346 423
549 35
308 256
242 517
489 430
84 233
307 317
352 335
441 620
26 321
573 169
611 241
596 553
165 346
501 506
65 38
120 613
505 428
248 126
136 117
556 31
