972 2699
410 801
694 658
736 605
327 376
376 274
612 123
891 782
645 803
224 854
387 595
795 945
455 819
569 402
302 255
298 141
29 399
634 414
85 397
710 103
773 777
377 104
591 959
577 263
789 800
145 203
422 939
839 568
478 127
661 471
381 959
303 101
385 936
514 161
53 251
264 517
55 640
620 645
626 224
600 134
716 744
336 829
402 867
425 571
21 113
69 94
763 64
194 176
27 400
336 79
342 291
287 397
930 906
733 275
822 360
100 565
795 128
421 889
22 537
487 706
342 248
799 132
311 685
971 337
112 27
108 453
317 394
541 939
20 966
241 841
353 33
125 840
160 237
756 181
466 270
578 807
209 405
938 519
781 629
548 892
655 347
64 971
432 605
937 451
598 870
11 642
902 799
509 89
728 956
933 221
918 230
55 154
634 684
365 134
340 912
53 22
286 117
21 717
413 649
860 38
546 870
679 475
389 880
255 144
863 879
364 808
137 110
654 462
793 46
596 825
957 648
538 934
456 250
370 868
899 257
597 472
819 304
639 235
875 585
378 765
492 433
293 320
542 946
781 54
19 404
878 3
744 444
628 891
693 25
479 311
282 103
475 792
406 141
54 972
725 123
765 908
555 85
255 124
58 728
177 740
823 747
742 594
882 89
205 294
113 683
605 86
785 107
877 883
247 622
882 663
436 366
291 18
450 237
805 199
964 674
938 815
140 399
128 49
487 24
342 292
706 946
69 211
744 946
121 682
287 694
65 723
88 355
432 537
591 929
428 275
630 393
781 769
484 600
509 662
624 850
953 357
516 50
259 287
687 379
969 665
101 61
415 852
107 539
108 389
495 535
355 816
620 163
304 795
763 812
484 106
381 465
154 896
514 413
875 892
791 563
584 583
315 691
462 421
257 262
501 443
796 856
286 135
46 589
929 500
120 441
605 500
905 759
116 138
199 682
721 681
272 332
956 586
50 445
698 970
706 226
440 222
109 725
356 819
33 5
38 152
445 643
344 69
121 151
870 11
832 618
691 131
641 674
408 383
811 797
380 236
50 820
149 823
264 197
361 961
201 398
804 337
732 175
405 544
325 966
554 848
611 937
6 943
638 105
353 168
901 733
96 643
272 244
493 227
132 545
879 332
942 711
668 394
577 764
937 594
757 211
469 87
175 167
58 504
271 410
672 200
834 459
842 797
394 54
52 526
290 930
857 923
360 245
344 937
36 1
558 485
211 54
571 385
220 628
888 183
730 279
74 591
737 607
416 159
660 159
684 949
780 260
591 168
504 935
132 232
935 381
716 837
434 314
249 346
634 828
220 391
135 293
673 871
899 116
721 278
938 432
918 746
692 536
913 887
190 736
146 152
144 553
680 269
867 928
614 528
476 833
610 817
310 200
743 118
921 712
83 72
657 520
455 221
152 370
102 887
207 254
58 760
625 327
346 273
632 565
748 185
202 385
29 203
584 464
320 532
203 95
604 552
614 86
464 766
147 565
372 46
510 430
805 163
448 842
435 771
434 210
955 327
286 676
529 869
831 541
121 725
635 416
968 940
193 459
425 32
716 797
77 253
918 573
107 393
442 233
855 567
134 530
585 419
897 805
8 755
373 128
199 699
235 195
667 427
345 119
150 752
607 226
33 552
490 803
636 931
64 519
217 197
76 493
308 664
326 315
138 390
442 336
117 368
222 475
486 259
593 636
38 892
553 734
471 71
565 135
693 320
345 910
208 112
122 515
775 447
829 912
837 962
939 645
357 189
147 843
447 739
198 176
350 750
910 821
820 502
647 541
513 19
170 720
794 291
263 596
430 783
227 958
773 193
630 157
381 776
691 519
234 888
695 584
666 324
432 205
517 770
745 57
480 606
468 301
589 422
588 46
233 814
31 33
34 660
853 107
155 264
317 388
179 703
971 536
54 122
433 570
891 205
318 90
503 786
390 119
235 5
164 467
510 858
191 544
237 736
650 391
27 966
778 869
697 469
125 442
282 557
40 201
453 357
954 955
834 372
765 97
68 620
255 578
505 446
813 741
873 182
823 591
839 629
487 255
789 303
697 98
551 428
962 32
784 944
678 646
35 471
434 766
118 688
63 315
825 875
747 725
748 598
343 615
918 522
869 734
516 285
831 95
712 821
790 524
484 495
861 210
657 322
3 467
701 66
781 554
632 555
970 408
180 341
50 125
554 610
550 97
895 101
855 634
613 672
849 124
859 429
333 543
442 335
701 171
92 509
416 724
756 413
823 627
445 872
444 26
201 21
787 123
121 669
757 733
369 633
548 919
754 880
489 223
907 882
393 690
418 808
441 865
249 291
520 693
854 963
411 83
675 225
205 796
585 653
248 645
6 796
591 759
395 772
9 21
681 402
711 790
901 179
683 841
162 230
562 707
884 664
789 586
580 686
101 192
58 41
529 63
836 147
513 922
610 522
943 318
615 681
136 235
551 818
104 404
739 357
139 342
48 619
927 319
332 720
202 82
760 730
144 315
569 349
264 206
870 234
524 204
606 351
438 185
860 541
588 626
589 418
659 636
65 613
646 88
52 848
169 811
605 5
153 201
353 109
99 914
34 622
809 640
664 274
516 551
507 795
868 123
241 554
451 969
858 124
84 910
663 917
440 296
921 593
188 965
393 286
598 426
599 434
757 290
707 300
532 905
787 427
720 55
672 198
715 558
13 798
187 676
434 626
663 74
910 542
66 330
828 355
448 454
788 232
436 523
224 967
147 38
114 866
756 785
755 498
62 460
15 248
827 449
874 517
214 811
750 944
833 605
326 308
751 142
231 878
356 454
872 502
183 677
88 630
182 842
819 243
329 834
183 847
2 748
83 879
586 833
850 138
465 204
445 907
345 676
812 700
821 404
893 696
772 8
353 953
850 200
224 870
725 98
437 418
845 519
324 150
379 202
288 536
97 424
470 441
791 2
832 640
97 752
363 868
760 407
849 329
606 764
890 50
861 354
159 733
873 483
882 943
376 861
506 472
313 4
604 131
669 463
462 765
906 516
660 385
923 536
405 248
19 323
962 571
368 148
331 932
630 905
903 697
485 436
196 797
131 491
620 799
953 109
283 887
317 943
963 267
198 396
206 881
718 195
479 777
343 502
429 664
126 359
81 610
486 940
127 309
459 746
799 131
546 110
709 862
744 700
820 941
123 54
541 532
912 48
28 946
549 456
330 674
506 410
311 684
377 437
20 527
874 510
658 448
619 394
29 82
785 849
715 907
594 283
158 225
330 186
863 878
641 220
271 175
321 582
858 697
710 569
916 304
106 601
751 417
686 779
498 499
347 240
125 632
523 283
857 852
468 747
450 136
658 720
2 6
21 859
394 423
147 337
726 253
629 196
669 343
666 194
533 705
126 657
364 648
939 912
219 434
378 668
262 63
108 263
732 792
814 154
906 960
182 659
904 811
546 600
845 240
486 405
944 611
89 335
286 56
939 196
181 344
556 442
99 663
705 522
174 238
675 108
889 549
458 821
387 32
448 259
935 933
663 906
263 443
932 548
498 898
436 679
934 19
812 724
681 544
273 546
473 640
345 390
216 803
238 602
526 377
552 488
30 906
113 292
376 72
532 566
662 967
936 315
13 775
66 385
39 338
930 511
669 303
900 884
797 829
205 350
234 756
529 263
381 641
554 757
404 777
42 93
771 5
99 783
779 164
195 817
194 817
356 862
147 947
466 635
496 670
12 421
146 232
683 526
872 928
2 303
733 43
88 531
47 850
34 826
42 228
362 899
736 409
480 882
384 945
544 571
643 247
19 788
478 393
33 69
348 35
64 772
77 815
23 788
692 56
641 425
947 30
351 711
131 523
312 514
187 548
776 521
486 794
336 964
214 61
724 253
95 479
53 171
321 75
958 41
794 318
157 768
40 200
198 170
722 202
375 908
749 178
457 262
663 484
917 876
544 361
820 330
839 872
193 188
638 842
892 459
188 76
919 891
275 808
752 688
37 154
316 477
23 772
739 377
947 375
944 211
735 791
540 602
691 732
789 48
602 400
199 481
475 809
91 442
644 842
157 373
687 472
849 401
935 615
777 602
682 748
504 444
566 735
73 948
495 553
24 788
952 886
960 147
722 78
588 393
611 436
457 325
600 334
725 254
640 221
855 349
968 386
793 561
149 557
229 335
802 916
814 473
829 493
619 578
262 898
662 872
54 147
888 653
172 332
906 811
552 481
852 547
866 364
799 706
920 719
732 441
662 265
914 210
757 252
787 46
178 169
609 231
7 524
575 178
855 508
680 126
16 559
672 574
922 191
971 562
909 731
30 291
23 635
500 472
887 7
517 92
175 154
14 845
369 280
50 916
787 421
69 495
8 433
760 621
315 758
210 251
208 904
541 895
566 733
394 480
739 602
263 913
447 940
785 508
247 526
451 726
946 519
912 645
643 699
294 957
176 195
900 76
126 160
970 692
892 83
863 658
376 154
290 515
785 102
50 60
319 500
477 957
710 416
629 381
142 614
57 9
809 956
84 934
808 745
345 727
519 236
413 895
81 702
437 865
496 486
616 506
677 120
490 414
535 811
486 368
144 235
377 952
882 460
606 717
897 950
472 443
877 576
365 649
969 493
234 492
670 849
690 374
661 207
480 887
709 657
283 853
583 659
832 493
810 157
237 734
799 400
869 703
667 925
72 664
446 305
847 807
181 564
873 533
463 72
448 199
728 730
79 31
108 603
523 609
451 371
277 543
931 672
237 883
743 592
356 75
467 855
255 58
755 480
520 826
927 411
273 684
489 303
483 783
517 119
262 660
181 538
230 139
237 158
50 7
750 97
745 244
951 692
965 733
199 513
278 153
923 243
836 131
545 346
606 754
156 867
441 337
124 362
475 53
519 216
723 296
313 496
231 291
215 224
716 413
428 685
257 70
927 784
200 192
821 805
945 4
391 105
340 207
466 507
259 12
722 9
308 62
196 230
45 410
453 452
514 880
164 462
949 783
273 841
2 121
365 638
125 448
742 156
654 235
662 912
246 412
612 245
165 500
475 209
601 619
660 143
527 516
604 195
326 569
63 19
689 120
656 505
567 425
661 248
659 350
851 596
761 182
533 926
681 35
826 310
653 206
144 871
721 439
758 738
35 820
756 416
631 439
920 225
863 608
164 241
958 706
836 438
580 396
83 288
122 601
289 467
806 432
57 246
563 814
11 289
354 458
704 12
588 652
901 478
287 92
410 936
490 273
94 97
361 840
76 174
468 365
640 965
488 697
238 78
230 912
367 583
89 98
595 676
441 523
845 420
306 282
383 487
247 168
583 607
36 659
472 195
715 140
188 230
528 117
972 449
57 366
60 145
155 346
821 596
560 385
707 865
667 117
380 913
949 654
239 676
32 710
870 746
541 85
4 760
866 3
237 922
60 960
758 878
333 298
501 892
683 235
476 69
44 547
9 684
229 911
387 260
648 284
34 881
61 701
360 926
395 596
567 454
275 44
359 607
34 552
526 408
478 694
476 213
268 176
896 188
114 310
448 761
286 173
361 346
565 721
963 959
36 249
440 311
292 490
609 17
733 827
424 239
548 899
451 815
102 67
695 215
376 834
668 661
34 720
698 290
160 688
276 196
628 407
198 920
588 806
936 349
660 80
587 899
6 729
742 772
795 156
678 863
17 65
243 714
785 633
31 944
348 970
831 4
404 56
615 683
554 270
59 241
349 337
168 47
94 601
818 580
756 523
162 772
588 405
513 92
65 235
63 104
232 894
771 327
949 105
37 530
375 96
463 723
432 322
769 217
614 306
489 89
521 650
552 136
746 756
227 810
18 953
606 249
874 404
575 543
201 303
764 575
398 254
17 522
267 478
430 880
475 918
660 23
596 239
822 369
22 76
871 39
721 504
951 622
599 245
192 799
548 648
93 637
901 774
186 860
279 308
459 753
253 147
468 848
385 317
909 407
393 807
137 141
30 780
454 628
52 338
147 291
13 903
620 605
704 497
492 674
804 951
147 85
789 614
624 201
930 560
299 42
394 128
182 115
907 328
743 650
665 581
633 369
203 280
1 907
776 185
608 827
446 384
643 87
35 535
45 595
526 86
680 653
932 795
279 287
257 620
643 837
944 39
67 251
703 665
719 579
965 46
125 438
429 767
525 463
22 261
85 547
346 457
891 305
279 861
283 535
200 617
91 172
347 821
422 742
206 832
348 198
877 473
635 333
931 851
488 952
139 264
218 177
720 800
173 26
380 456
252 580
764 34
751 139
855 864
880 88
416 255
949 320
419 303
345 378
182 832
49 12
123 931
188 843
758 361
560 166
508 504
437 299
537 879
129 111
770 36
862 213
955 838
225 401
833 569
470 42
428 519
717 242
477 597
776 926
649 56
783 184
559 247
174 787
153 303
898 615
338 479
519 12
345 743
413 205
339 882
910 458
120 346
392 596
942 195
550 618
250 52
493 808
299 667
315 451
969 240
757 26
718 304
38 754
74 142
650 105
715 279
254 835
625 645
458 594
532 699
904 781
751 424
309 741
118 623
883 778
554 668
496 963
663 225
745 428
366 114
532 772
393 478
634 709
814 784
22 373
510 925
846 952
69 182
412 850
496 323
656 77
682 843
67 372
759 503
799 152
309 51
923 393
528 277
129 61
88 150
434 289
767 971
269 835
180 680
712 367
694 87
135 403
929 865
774 715
396 601
558 396
343 201
788 562
477 916
622 256
757 747
544 551
745 504
413 616
876 817
10 597
903 144
28 860
701 493
294 788
785 544
211 155
744 26
716 912
633 58
859 417
804 430
660 577
934 764
884 837
608 586
153 539
421 844
118 149
365 411
936 841
646 174
24 109
863 431
48 523
488 598
632 320
56 11
588 17
774 191
545 410
776 697
640 225
569 757
65 625
859 29
493 533
866 516
641 757
639 381
971 154
6 322
165 725
332 444
741 134
635 5
235 130
702 874
46 298
350 111
922 900
139 134
460 696
650 793
480 316
865 171
161 870
492 326
315 824
461 83
649 123
752 575
253 481
168 298
470 209
100 111
136 902
244 596
626 585
108 133
592 972
967 753
561 487
770 875
30 258
650 370
381 429
944 325
909 803
314 98
39 414
208 174
343 143
769 968
728 568
793 347
567 787
127 156
965 588
722 22
846 399
391 918
827 54
270 455
856 275
244 894
688 451
760 59
286 556
718 41
816 230
79 410
709 206
257 701
485 671
415 358
97 805
303 616
551 264
762 126
539 34
48 918
176 807
668 461
82 414
193 897
335 272
27 71
169 947
772 653
645 214
703 434
710 697
77 952
961 530
106 219
255 817
164 431
343 832
583 424
937 468
41 299
739 731
62 599
705 525
279 70
738 9
503 167
398 271
811 386
800 916
296 747
760 459
869 130
10 171
245 638
638 949
629 96
707 690
694 132
242 1
865 671
673 395
529 98
357 367
175 848
310 162
622 761
621 518
890 322
689 827
652 46
803 308
142 230
689 835
53 930
527 917
320 892
31 848
681 79
243 548
926 244
709 268
33 49
477 614
371 857
468 50
903 963
49 72
884 737
598 628
386 817
572 705
736 294
272 136
64 514
683 17
450 420
284 174
160 761
787 530
645 947
271 267
629 11
30 540
747 628
859 160
472 150
556 899
443 828
62 506
61 437
214 510
856 190
683 707
642 190
265 6
828 227
273 484
902 302
715 676
621 601
528 784
750 775
402 884
630 464
109 383
592 14
892 167
203 295
873 844
176 829
850 31
84 814
206 13
807 612
380 456
904 599
931 373
402 361
948 723
516 84
133 135
761 717
301 964
703 201
527 570
58 404
292 805
909 189
509 744
800 580
891 423
207 849
795 300
237 770
714 444
545 847
578 333
283 570
16 677
771 543
274 520
638 565
352 575
753 552
38 272
159 928
694 365
496 208
356 425
669 98
868 905
636 166
929 918
735 945
314 533
207 587
744 844
843 787
138 315
366 839
278 525
794 971
889 10
870 273
434 566
370 329
190 33
186 146
642 921
782 955
173 16
261 917
552 795
731 381
137 125
248 414
649 733
104 257
742 1
221 203
258 282
224 447
6 101
284 647
49 94
321 886
773 273
830 352
95 280
733 895
96 672
28 436
432 131
693 202
795 605
96 744
887 11
882 584
112 194
259 824
951 271
737 751
236 286
131 330
566 555
253 353
254 280
789 377
103 201
270 589
805 58
53 411
68 934
23 843
819 945
695 797
907 151
576 170
437 398
500 30
644 444
382 897
415 862
965 209
90 263
490 587
12 542
25 743
503 47
614 42
683 28
838 618
178 133
787 614
530 6
335 201
449 409
789 556
962 782
764 80
736 281
666 747
822 382
517 45
121 822
86 803
541 615
448 719
748 927
52 969
932 79
862 101
179 678
656 168
179 139
911 606
420 604
72 933
678 281
669 798
794 446
628 363
89 768
773 528
722 824
216 681
594 105
781 772
475 156
632 345
295 570
643 406
866 406
366 571
686 63
396 508
200 51
562 952
818 362
199 259
877 415
940 499
211 440
962 377
288 621
414 582
883 84
15 776
181 72
374 559
798 769
94 26
511 347
5 357
708 204
307 612
310 938
802 212
98 792
589 385
132 30
966 42
777 672
817 649
743 882
235 569
678 20
286 217
366 290
265 101
185 571
405 186
229 234
398 326
717 678
710 541
399 395
274 867
94 783
543 528
692 778
124 90
797 101
970 191
391 262
955 267
524 79
145 752
5 542
105 721
247 506
953 645
900 255
231 21
729 773
549 448
578 364
537 95
465 534
285 547
487 931
505 703
38 649
174 706
218 943
146 156
476 127
492 404
73 722
424 801
215 664
276 792
720 505
886 212
730 862
450 909
513 954
639 242
631 812
947 540
782 120
388 286
246 571
381 10
321 496
810 535
188 778
46 907
2 624
810 731
205 287
667 409
268 25
650 590
837 316
158 338
436 237
315 373
807 695
383 819
883 884
73 762
689 119
696 690
434 225
141 330
511 807
739 470
524 416
752 388
732 601
417 859
837 424
259 671
810 333
518 720
245 590
509 625
400 896
343 833
148 483
191 350
9 621
512 532
728 291
611 487
891 720
65 447
171 324
809 8
348 354
420 592
636 928
245 727
544 279
280 691
453 162
733 153
782 272
685 537
254 15
716 836
426 780
310 596
795 146
296 171
192 407
762 519
362 698
273 905
4 244
316 148
405 740
301 878
39 677
443 956
691 850
819 145
657 820
432 480
657 419
342 540
825 795
86 215
521 51
811 216
958 818
364 391
585 356
296 315
60 430
298 750
307 808
586 656
347 710
827 696
156 196
263 9
18 41
887 230
755 417
138 740
263 193
822 539
548 810
854 607
267 843
76 266
371 354
921 409
91 775
132 246
662 395
918 371
127 832
293 881
941 430
648 231
622 190
461 861
27 34
495 293
877 262
250 939
615 198
375 705
664 199
643 45
285 588
416 411
140 708
319 108
829 658
30 170
847 490
58 565
524 552
858 120
505 799
750 148
689 816
852 380
42 214
117 326
802 532
736 941
931 746
740 787
124 461
648 662
950 705
255 193
948 804
4 480
630 445
627 346
289 199
418 330
412 534
656 241
93 111
873 715
549 332
221 672
792 868
361 462
600 615
346 575
446 350
746 768
486 401
141 774
599 558
132 702
119 479
635 875
281 227
309 829
559 529
528 378
116 581
531 715
223 877
9 361
918 755
156 431
847 296
233 165
546 56
866 664
534 220
259 506
447 567
363 33
124 582
102 239
190 633
646 413
537 346
465 174
792 312
604 358
607 528
522 844
583 108
536 808
327 486
342 465
80 396
497 867
5 291
798 195
923 471
299 179
508 455
44 328
766 647
685 92
867 899
936 477
698 191
5 52
676 346
517 755
433 705
650 437
23 167
323 637
329 313
507 836
767 550
855 560
889 260
652 783
186 307
287 883
497 291
626 200
328 834
646 452
567 15
889 281
181 903
918 509
244 452
65 38
694 919
598 610
870 941
420 83
275 398
657 463
381 3
662 400
836 27
852 122
42 460
403 222
390 40
423 633
491 487
363 876
125 652
513 23
620 932
769 586
50 146
76 430
148 429
829 11
455 400
133 188
859 227
102 941
266 524
601 448
702 963
352 518
334 864
232 953
516 693
258 257
838 25
686 13
453 234
687 600
634 511
787 212
737 888
180 30
131 781
170 524
463 521
734 797
104 965
469 311
685 419
567 242
443 944
918 896
206 633
215 531
835 693
742 292
609 922
321 431
422 182
647 576
702 408
92 498
92 561
808 777
7 95
710 449
66 656
64 935
8 942
493 842
663 927
161 963
876 174
421 17
355 759
592 749
194 684
938 286
936 773
754 942
559 183
110 625
838 279
845 807
772 407
189 726
567 179
321 432
292 337
479 78
928 255
936 331
220 913
294 684
694 927
935 876
65 587
434 594
557 970
120 48
404 309
465 663
179 785
122 470
813 292
240 461
238 203
791 149
143 113
525 528
731 487
123 795
765 556
108 349
554 228
397 957
228 861
339 406
366 153
568 206
444 807
666 682
701 177
522 843
953 74
90 711
560 212
226 352
768 333
701 41
252 789
689 171
677 56
577 70
208 172
940 343
670 325
716 398
501 266
932 173
339 49
884 899
260 801
942 55
825 670
759 105
486 476
275 855
531 543
616 430
406 583
772 767
908 208
192 128
473 151
301 503
863 876
121 151
704 91
869 556
452 656
352 630
159 319
512 381
861 155
810 959
430 301
753 365
508 637
184 8
787 484
203 370
387 323
520 782
413 108
366 557
455 717
214 613
727 417
685 616
263 522
294 692
823 74
748 50
710 932
722 217
135 924
278 214
274 797
23 379
596 388
627 79
797 532
383 551
948 96
858 902
617 179
622 159
917 89
209 346
712 622
254 539
573 531
752 538
355 774
608 643
190 262
721 678
793 131
256 460
890 806
390 227
12 703
385 620
483 285
966 223
906 247
761 198
778 232
736 824
33 371
494 886
325 906
591 809
729 539
297 646
372 686
872 75
108 949
695 590
925 688
504 551
626 956
748 431
215 203
947 248
266 468
161 590
94 444
426 822
674 414
187 73
127 87
147 898
727 533
208 679
248 711
257 874
695 697
24 601
899 970
848 192
158 701
781 251
836 899
764 537
340 950
609 159
728 447
84 482
8 291
853 919
694 801
512 108
525 228
708 144
225 276
335 74
4 808
16 531
426 779
95 457
449 395
615 204
533 391
378 232
373 922
179 758
750 382
865 967
609 601
802 526
876 828
599 571
663 615
793 780
113 887
265 561
1 571
765 533
961 834
765 54
783 635
811 252
44 704
910 345
24 739
870 591
595 496
853 949
802 673
757 915
279 713
503 943
311 959
503 964
512 959
45 14
313 855
266 49
278 867
393 965
634 290
583 920
477 463
588 307
827 64
249 797
776 443
767 115
122 962
770 633
640 814
647 953
388 604
29 666
498 421
658 823
402 933
770 878
115 386
212 942
449 152
458 917
595 253
59 716
906 520
68 573
361 714
553 440
345 273
797 843
693 483
693 122
135 183
28 249
260 903
882 708
83 368
652 369
312 402
776 245
921 843
817 1
277 90
441 621
362 265
183 747
439 568
868 573
750 587
514 701
210 115
436 956
174 780
352 177
873 819
421 514
381 930
514 657
47 646
970 100
603 180
846 69
439 434
334 216
712 539
916 921
653 72
904 519
543 947
695 443
485 144
648 866
765 190
550 503
527 547
602 157
419 168
890 857
601 251
765 32
481 400
953 161
163 576
371 705
243 94
840 727
901 515
312 693
396 554
223 923
792 516
771 238
683 688
787 3
938 579
35 138
670 679
963 833
946 361
565 216
454 124
635 382
639 946
102 62
527 16
676 347
224 475
276 598
190 90
601 820
360 327
957 58
697 947
582 670
336 838
886 481
962 240
863 628
877 656
381 124
364 749
162 587
251 437
212 132
219 504
951 270
830 628
19 554
294 600
916 321
466 521
802 147
760 384
466 664
67 846
479 430
622 640
708 564
769 920
696 15
451 366
948 1
21 967
246 7
594 853
327 751
401 156
589 852
539 82
236 298
620 714
419 933
382 155
525 178
102 912
856 244
305 831
908 18
517 846
24 803
726 350
581 155
198 34
428 943
269 725
590 675
172 551
84 326
767 925
119 706
808 54
38 358
654 55
875 527
78 397
944 120
5 790
317 866
516 744
