489 562
94 152
80 311
393 175
188 22
22 447
332 320
282 446
454 300
469 53
31 54
91 425
445 485
203 144
287 53
81 51
242 175
203 321
485 56
446 133
78 467
91 359
247 372
316 212
133 245
264 113
298 304
48 204
300 200
347 47
253 427
98 5
112 300
326 58
305 282
190 382
209 230
252 406
63 28
78 145
272 291
257 30
106 254
233 355
453 40
401 216
467 9
171 39
258 7
46 74
238 186
405 396
365 167
312 427
144 389
32 415
141 288
445 246
2 138
61 455
178 461
131 105
420 301
93 188
257 89
211 444
224 127
351 99
243 123
476 387
462 18
262 113
256 167
308 257
255 368
172 382
339 253
436 269
14 478
407 271
77 78
175 250
154 36
349 347
159 335
194 131
302 455
243 68
83 61
325 337
428 7
229 227
259 175
446 273
113 363
4 190
390 178
439 55
214 248
401 322
43 55
402 345
459 155
412 52
165 247
338 53
204 77
229 462
201 185
195 314
8 148
453 398
326 352
402 489
111 263
271 153
317 183
447 286
287 370
288 401
127 136
453 280
163 192
203 363
327 397
137 334
56 50
192 331
352 104
280 412
316 61
25 93
243 472
379 40
352 177
440 428
312 353
219 474
5 421
298 331
278 384
126 333
384 317
124 246
371 403
168 197
463 192
290 166
174 129
205 475
305 105
414 77
407 143
12 412
24 259
203 301
103 328
95 486
156 218
192 37
82 359
233 55
12 472
221 185
111 375
121 365
430 45
392 347
137 403
219 160
122 422
460 174
210 15
171 365
233 362
351 314
182 45
318 193
27 488
327 138
374 447
13 264
2 404
71 88
267 290
247 338
172 168
23 381
182 143
207 364
454 68
188 96
112 456
288 89
454 76
226 288
33 188
62 474
53 133
72 269
372 269
68 4
436 90
334 78
182 1
442 146
69 90
242 130
56 479
218 21
65 393
308 48
92 320
471 94
402 3
362 284
271 429
237 167
468 81
245 110
82 197
206 100
286 397
179 292
386 397
262 401
250 30
398 341
349 379
384 261
381 207
5 113
96 191
279 75
222 34
184 253
180 339
352 416
246 41
218 93
387 479
4 148
458 351
438 318
240 283
39 81
489 483
193 95
184 472
169 355
455 303
118 96
102 469
22 348
460 189
440 307
128 393
404 96
254 303
363 443
96 352
473 95
345 177
189 478
109 308
344 24
71 461
119 172
391 90
469 311
228 419
78 305
272 482
351 475
295 174
428 340
36 362
434 330
49 83
319 107
390 123
130 410
44 199
43 384
238 22
205 416
391 283
231 173
225 42
109 469
216 486
319 251
358 213
42 356
295 360
462 146
432 53
66 475
201 108
370 388
80 35
314 470
267 6
103 2
47 211
420 212
208 249
413 26
461 454
382 217
274 354
362 216
356 427
151 67
485 470
455 75
16 229
5 282
234 107
234 231
268 164
392 425
363 315
450 284
279 292
11 13
157 372
228 462
260 329
479 255
309 444
279 274
133 233
67 317
339 250
8 67
363 399
441 236
225 402
470 453
154 480
466 310
313 154
233 83
482 222
287 252
126 76
36 258
308 52
85 107
301 92
124 175
2 75
360 176
426 340
89 91
281 65
350 104
169 93
186 111
264 422
362 389
447 398
158 215
449 192
271 211
234 394
335 185
419 155
360 305
6 398
395 236
463 206
339 92
248 474
202 23
356 25
361 313
422 29
38 331
171 308
2 404
163 336
99 92
441 408
396 446
316 252
142 239
457 430
330 165
414 482
187 280
17 9
53 388
37 90
179 157
347 181
71 20
466 119
111 417
37 457
323 303
219 464
52 136
404 332
300 278
274 437
18 290
445 70
188 431
109 366
49 456
7 119
475 473
188 47
400 174
453 184
476 182
158 478
267 23
270 27
250 54
413 218
293 368
287 480
260 346
306 308
262 263
376 247
246 74
243 106
198 206
289 184
337 397
122 114
369 391
141 129
394 64
346 197
382 94
137 102
389 393
359 161
166 245
357 411
269 61
466 266
216 110
114 73
232 177
441 83
267 30
477 281
326 184
123 369
271 224
268 174
93 378
339 287
245 210
16 305
186 481
32 351
52 95
423 283
271 374
365 488
354 302
279 190
436 401
69 217
85 286
390 127
174 189
413 368
398 429
134 44
370 165
395 421
259 278
164 479
163 479
477 466
291 216
166 237
77 184
453 161
419 303
287 53
2 161
420 349
100 14
343 419
178 248
351 386
475 25
326 98
14 313
74 255
479 189
2 66
372 405
227 251
218 463
303 170
134 184
29 183
197 371
113 325
79 413
221 15
387 57
112 401
320 186
116 259
374 67
324 207
471 11
457 150
474 271
269 68
404 247
251 111
79 313
385 107
236 67
121 133
123 233
483 392
418 109
161 252
126 435
458 107
445 426
206 379
157 474
397 71
182 108
131 260
420 27
366 166
93 487
248 165
180 192
18 108
300 178
359 375
123 278
482 29
214 148
357 320
83 264
390 264
371 470
34 301
7 349
416 49
296 125
164 475
316 181
93 76
308 402
451 381
