115 3220
1 8
4 98
60 95
45 33
38 49
58 112
37 3
64 93
69 102
112 113
80 22
20 4
45 50
108 9
76 112
9 100
17 29
82 77
25 28
11 63
94 69
76 15
88 24
107 58
28 6
72 107
27 109
12 88
60 4
96 21
17 6
5 51
52 104
12 76
16 22
23 109
107 115
25 96
41 34
56 68
39 29
59 82
22 88
72 82
91 52
4 10
75 8
60 11
111 88
103 29
11 28
39 3
27 64
115 67
114 55
19 54
84 95
20 7
67 91
88 59
45 108
85 4
1 46
31 13
18 58
29 62
97 48
89 62
64 57
60 4
76 113
104 72
34 110
40 27
100 98
88 92
68 108
109 113
23 24
33 57
81 78
4 79
10 109
25 73
50 101
93 27
115 98
98 51
93 22
77 94
22 49
87 106
41 98
5 80
6 37
21 86
114 41
50 25
51 91
115 101
94 92
12 93
75 12
28 69
50 6
64 71
54 35
78 111
17 83
75 22
21 113
10 37
55 76
61 106
68 60
91 46
54 4
41 13
32 85
98 82
91 46
54 46
97 17
59 16
1 35
54 21
32 63
57 104
40 3
94 108
79 86
38 17
106 95
46 23
65 28
6 40
90 76
102 72
92 45
87 92
80 25
113 13
105 71
18 29
90 111
21 54
98 76
87 106
55 18
30 21
62 52
77 37
12 64
10 104
10 113
97 106
39 111
21 28
67 38
74 41
51 111
94 50
71 66
40 28
100 69
48 46
5 10
99 34
90 108
22 99
105 3
107 29
114 12
73 82
49 31
7 99
27 3
34 114
85 90
26 69
61 91
16 82
2 115
115 91
9 21
91 114
41 82
44 56
93 1
22 27
49 45
27 92
47 77
90 16
52 18
84 14
108 100
95 109
1 95
101 9
17 76
24 74
43 67
14 37
85 52
80 35
97 9
11 45
85 100
61 38
2 46
51 11
47 48
21 47
27 23
56 60
99 79
19 43
48 49
96 17
3 61
68 99
69 78
45 55
62 105
93 81
53 45
108 99
92 31
48 20
53 103
80 36
83 115
95 15
48 76
48 50
38 115
50 106
94 95
62 58
101 56
23 55
101 32
39 94
62 86
16 115
90 95
52 74
111 32
89 43
9 38
110 46
55 61
53 33
57 114
90 60
55 14
114 57
63 54
52 9
41 67
8 15
63 77
89 58
108 79
3 18
18 14
63 72
74 115
7 16
15 113
75 86
29 90
27 91
29 96
99 69
64 9
101 12
85 91
86 94
54 88
111 88
101 75
45 77
91 68
92 105
65 68
76 110
42 4
85 87
1 69
41 65
94 43
76 80
18 63
75 71
36 87
43 38
46 104
114 21
73 107
27 40
59 4
34 3
25 4
89 25
89 31
89 84
73 66
48 90
14 7
62 66
110 7
5 40
12 21
77 85
12 5
9 88
9 59
90 50
62 80
74 52
13 65
20 102
15 84
77 45
90 40
12 101
63 17
25 75
37 3
44 65
25 69
37 50
12 28
99 91
10 57
27 22
6 64
25 38
32 101
99 24
43 111
9 105
29 51
81 82
70 9
48 94
94 85
28 8
14 11
115 23
68 43
61 90
106 86
29 23
88 13
63 32
25 71
22 70
23 102
53 93
13 100
71 8
69 1
32 100
11 31
24 95
74 85
87 64
72 115
103 61
29 50
93 70
23 16
24 45
19 93
39 48
78 110
56 48
12 87
32 22
20 56
19 93
42 7
58 15
6 63
75 52
14 52
6 36
84 47
98 103
41 21
35 3
32 90
68 60
79 99
82 98
56 2
92 114
8 51
13 30
113 88
98 12
41 6
64 10
52 63
112 92
101 31
112 17
23 64
77 3
64 60
100 22
78 93
20 102
28 33
33 26
22 16
54 62
21 19
88 89
82 101
82 67
17 95
100 56
43 78
58 9
39 59
30 18
36 49
21 80
98 54
105 21
69 60
100 106
79 72
96 62
58 79
30 91
59 31
48 3
109 7
11 49
65 40
84 2
106 104
81 105
42 88
11 12
49 12
19 12
100 114
90 59
78 4
34 21
35 98
23 45
104 51
93 70
107 78
71 97
67 54
104 10
43 16
22 91
27 57
5 11
56 94
70 35
98 5
72 34
103 111
78 108
46 72
63 38
35 18
36 3
88 24
12 15
39 50
106 82
107 110
93 64
105 64
98 104
68 54
22 72
66 1
65 112
73 12
51 9
46 86
28 19
12 39
33 67
89 40
34 97
51 28
45 41
91 27
46 60
97 85
34 47
85 115
43 59
11 110
67 73
81 94
91 109
35 26
60 25
65 93
6 18
5 50
75 112
93 5
74 89
107 22
59 8
82 19
18 76
103 107
58 98
100 51
17 10
111 58
91 88
63 108
110 14
84 106
106 89
81 79
89 103
22 96
69 58
15 29
45 7
87 27
106 22
44 17
34 101
107 7
66 2
18 79
85 8
87 75
106 52
39 79
56 77
60 9
19 74
55 63
97 43
90 87
81 35
5 115
20 112
6 102
15 23
66 99
47 37
59 54
105 114
18 46
75 94
71 94
69 10
41 51
52 32
39 35
66 44
34 103
57 56
89 71
78 39
71 26
92 31
80 99
29 114
46 6
92 1
99 45
28 41
112 96
90 53
15 40
96 48
27 54
103 18
9 82
73 96
10 67
12 106
50 57
104 112
62 97
112 62
43 24
5 40
5 94
92 36
35 89
84 79
27 88
96 52
55 53
32 64
4 60
54 70
19 59
66 97
40 80
44 82
103 65
23 9
43 114
62 94
87 30
57 15
2 37
66 73
107 98
38 12
59 108
82 77
51 49
59 107
13 4
74 18
68 113
43 12
112 104
105 100
18 47
115 37
100 82
11 108
64 49
5 25
41 103
101 109
53 44
100 66
47 75
83 16
73 27
27 86
16 17
87 50
80 103
86 81
70 97
91 35
47 112
59 104
99 62
97 36
7 99
3 54
75 102
69 49
14 113
36 29
31 8
78 110
12 66
92 98
64 67
18 110
63 93
98 63
56 97
1 63
80 20
1 56
7 86
105 37
100 25
65 15
49 44
26 61
11 3
43 74
86 77
85 51
72 85
113 12
66 15
74 47
35 91
102 58
79 108
94 63
35 60
78 83
5 103
45 16
7 88
89 93
66 76
28 39
45 42
51 110
74 26
58 10
2 61
67 80
54 62
44 88
6 23
72 10
11 2
42 34
106 16
11 73
91 55
112 37
114 47
48 89
72 105
98 90
67 66
71 22
29 115
11 34
39 83
60 49
101 102
100 91
19 12
48 11
67 61
47 82
9 94
55 98
100 54
72 51
4 45
73 32
44 100
82 67
43 33
52 46
17 44
64 45
109 91
111 54
22 94
63 17
33 45
18 103
18 86
8 62
60 56
7 44
22 106
111 82
40 64
12 73
108 93
2 101
68 113
56 107
108 20
25 43
64 43
30 99
13 38
45 72
93 52
17 59
12 115
98 93
28 55
85 5
56 87
90 70
44 98
80 64
7 29
66 36
12 95
90 57
68 85
10 85
3 85
113 2
67 90
29 23
76 51
78 47
25 50
108 7
14 56
30 20
84 96
72 96
75 47
54 28
33 80
112 35
49 109
36 115
101 81
22 61
16 1
10 40
67 2
63 80
57 93
1 42
73 90
39 32
38 92
76 70
56 89
104 100
41 5
85 6
43 30
39 44
56 78
12 57
43 109
15 20
109 74
92 100
112 25
22 89
3 108
46 91
113 52
92 38
73 61
61 1
108 1
61 48
95 72
7 22
65 38
41 76
111 34
60 10
76 99
98 78
91 45
70 89
113 47
28 71
9 105
71 18
105 16
66 102
104 89
8 54
28 66
31 24
99 107
33 59
90 32
38 83
93 10
73 91
73 2
46 81
9 18
99 15
33 66
1 38
39 9
108 66
74 23
106 74
15 40
35 6
88 89
105 83
98 79
58 55
81 5
21 89
22 21
5 71
86 6
108 26
31 101
108 6
25 1
96 56
40 15
79 30
6 68
112 103
32 71
60 14
75 97
102 113
2 8
68 104
30 77
14 60
79 23
82 104
23 63
61 80
94 24
11 99
92 7
87 8
94 48
21 53
29 24
50 30
48 19
35 78
95 48
22 76
87 6
64 12
68 9
91 63
50 3
47 26
9 35
50 4
82 87
56 110
12 7
41 59
25 75
21 24
60 113
110 65
78 23
34 104
113 96
38 115
44 63
25 78
14 28
44 100
100 55
111 106
95 71
32 71
92 70
94 53
67 106
19 30
13 52
18 28
49 55
44 93
19 69
55 32
113 1
33 98
55 28
105 35
98 39
105 91
10 101
28 93
91 46
24 5
114 58
32 65
14 76
42 32
46 113
80 60
113 112
59 53
41 49
104 41
104 110
16 15
95 61
107 87
8 33
109 24
90 25
88 104
2 14
37 64
28 19
9 26
15 67
95 73
17 100
113 22
94 30
36 91
90 45
79 98
77 72
23 68
114 110
73 115
25 110
64 52
30 89
94 44
40 90
1 57
74 15
78 70
45 16
62 19
60 25
18 38
114 40
105 112
34 80
13 75
91 93
12 5
66 105
48 106
80 66
47 55
80 26
9 26
41 70
62 2
112 79
56 110
21 63
106 71
27 3
31 2
96 59
6 63
48 70
53 29
20 1
101 2
27 109
27 84
81 105
103 94
69 43
88 106
105 95
61 16
114 108
17 111
51 22
59 1
92 111
46 13
112 31
31 40
42 75
25 24
64 12
2 34
55 89
24 61
85 102
77 83
94 110
79 47
34 22
64 27
34 109
39 30
42 87
86 83
46 13
8 109
24 9
28 95
114 68
58 83
54 19
67 50
30 113
63 68
61 89
102 54
30 33
95 1
4 79
63 33
86 56
56 111
100 53
109 70
110 93
25 30
45 74
76 91
71 24
44 16
14 30
87 60
62 83
60 82
47 7
114 34
80 72
47 81
26 40
35 37
35 60
66 96
35 43
71 8
66 114
40 97
45 11
41 107
94 3
90 42
26 89
92 7
62 23
88 87
80 24
8 16
100 90
111 20
17 66
44 100
82 83
81 11
111 6
2 89
25 109
32 51
82 25
57 28
65 46
16 29
70 23
44 71
14 56
90 30
6 35
14 87
3 111
115 113
19 18
103 43
11 36
93 92
60 52
21 9
97 53
54 68
92 114
24 105
54 15
37 77
50 67
48 52
63 47
66 81
65 53
25 92
105 20
86 66
71 8
75 69
61 30
22 37
29 45
27 82
59 80
43 108
31 108
61 93
56 11
75 22
80 2
114 69
21 84
20 91
91 111
61 53
42 82
90 70
11 18
54 70
97 113
79 29
7 25
7 80
52 98
101 17
99 1
102 4
101 23
111 94
35 57
31 77
40 22
48 51
39 3
22 37
18 100
66 24
26 89
103 78
88 106
111 72
8 114
92 11
39 105
104 73
63 19
51 102
58 1
54 113
3 75
35 20
77 2
61 102
107 65
81 79
55 93
35 80
92 29
90 15
18 95
104 80
15 40
83 72
40 22
70 59
96 104
79 74
7 24
78 113
105 60
76 45
38 13
26 14
41 17
45 75
111 33
39 10
89 6
82 30
44 36
89 25
41 69
115 64
109 77
61 98
22 38
44 76
67 69
89 107
85 35
66 80
84 6
107 58
29 73
104 89
10 77
15 67
30 15
15 40
108 92
23 14
31 66
89 98
37 79
89 23
15 57
103 99
79 111
58 9
68 46
98 94
25 112
62 71
28 76
111 21
69 18
34 99
100 25
81 21
5 72
44 37
30 48
20 10
60 94
19 29
24 18
7 48
31 68
4 59
45 16
79 113
33 14
113 34
55 96
72 60
52 17
96 81
81 17
107 25
110 10
53 35
44 76
100 75
45 103
18 89
3 96
103 52
11 100
102 66
80 58
10 33
74 7
15 56
40 7
80 34
33 34
85 77
109 69
36 55
73 70
28 92
67 32
28 77
34 32
27 15
89 53
48 65
76 62
5 115
85 102
50 3
37 20
96 31
105 16
85 63
102 15
39 70
46 84
31 96
115 75
111 105
29 43
54 7
6 76
23 91
79 73
110 115
109 90
47 115
7 34
62 108
48 101
79 110
86 109
91 85
85 86
74 16
30 22
52 105
44 85
18 38
84 28
12 16
28 35
49 89
44 113
91 7
9 61
18 1
47 102
103 6
19 17
52 40
86 58
101 14
27 3
52 110
31 80
10 75
115 75
65 43
89 41
67 98
3 84
115 67
87 103
72 106
21 25
30 106
82 15
5 108
35 56
102 82
37 14
41 36
105 96
79 47
47 78
67 32
77 18
3 64
106 108
102 15
40 92
96 71
96 88
105 53
91 88
90 6
13 27
111 20
7 74
66 70
53 17
101 14
34 104
95 24
96 81
38 37
57 35
108 55
24 114
107 115
87 98
5 99
10 115
3 16
90 86
103 44
4 88
58 38
93 54
78 91
19 18
12 92
52 4
48 93
3 57
92 106
39 113
89 48
15 109
81 6
96 68
50 99
57 9
38 35
62 1
10 97
35 21
90 103
42 23
80 61
79 73
51 19
88 41
67 102
34 49
107 31
18 58
15 91
66 52
10 29
69 36
10 5
57 100
108 115
24 89
60 4
47 12
22 19
52 105
22 103
38 30
18 72
88 32
48 55
101 57
84 71
93 110
76 51
111 85
67 19
58 28
22 6
39 61
41 90
50 79
77 88
109 95
61 98
28 108
37 13
67 5
84 61
115 61
13 12
30 79
31 87
106 69
110 29
14 35
20 64
114 97
53 9
93 113
106 22
106 27
35 74
49 20
19 65
80 31
76 109
109 8
97 1
77 91
46 107
28 65
55 43
63 9
68 57
7 58
79 14
101 113
87 51
34 7
17 113
37 110
8 47
2 104
47 95
97 92
87 26
58 43
85 6
69 37
62 75
111 25
105 96
39 93
49 72
99 65
86 20
59 93
83 78
99 14
57 97
7 45
24 81
105 108
86 58
46 50
34 41
91 23
38 15
17 103
103 115
53 91
36 13
85 3
90 68
33 49
66 56
93 89
21 99
98 9
41 45
58 74
85 33
113 25
64 31
12 69
30 81
44 82
94 30
101 68
98 18
18 65
90 111
56 13
94 55
21 37
100 95
12 86
29 10
110 93
57 24
63 87
104 8
70 99
37 56
69 36
90 86
101 65
98 58
77 112
114 113
96 93
26 67
6 35
78 115
109 101
79 80
107 86
51 107
8 106
60 81
31 62
47 13
4 25
106 1
23 5
96 17
31 64
22 82
27 39
75 29
2 56
37 88
107 29
112 97
105 56
79 20
3 10
50 23
51 57
23 90
62 4
106 109
67 13
75 110
68 52
24 69
107 77
58 98
105 54
97 95
12 77
16 31
104 82
53 39
24 76
14 102
96 4
95 64
33 71
59 100
7 99
71 16
60 13
15 50
67 111
46 95
90 78
10 78
45 79
18 68
39 31
71 36
52 50
100 101
22 43
103 29
43 58
44 102
87 58
53 38
71 115
34 45
78 60
24 7
24 41
91 62
89 46
115 42
112 99
44 18
43 31
63 85
105 106
88 77
66 43
16 21
42 50
82 4
109 105
27 17
47 19
96 37
81 95
78 94
95 7
112 22
37 76
8 44
67 112
5 34
39 37
71 81
86 37
101 97
43 30
15 89
48 110
11 31
106 105
9 102
111 22
8 50
98 32
110 66
29 114
99 67
35 71
49 23
107 35
4 34
64 18
24 13
30 51
60 37
41 69
24 53
107 48
4 89
97 113
56 10
111 56
93 48
11 27
70 19
78 90
52 43
9 93
72 55
45 17
92 102
102 17
40 93
81 43
67 62
41 24
88 53
80 66
2 107
109 88
11 88
62 79
32 88
56 103
27 101
21 20
104 7
36 28
100 2
88 68
63 30
91 53
82 72
3 101
64 13
73 74
2 37
37 33
9 110
37 52
112 58
72 100
64 107
13 48
10 100
115 90
31 108
27 112
64 46
114 12
75 72
102 76
10 24
108 35
18 29
86 14
103 42
113 52
51 27
1 60
28 18
51 58
10 77
72 90
24 70
4 98
43 105
58 52
13 67
86 47
113 74
60 100
115 75
53 67
101 54
12 14
88 62
88 114
41 44
88 64
114 91
47 58
81 6
110 90
97 42
104 72
3 105
72 94
43 23
80 113
51 110
85 15
82 83
72 28
72 20
26 48
83 100
30 106
111 41
80 93
99 68
49 102
57 22
80 1
62 61
113 14
72 99
28 56
83 1
83 40
21 108
104 5
109 18
110 105
75 91
82 59
60 32
62 19
71 43
19 17
6 34
47 77
17 75
17 2
75 99
41 112
108 29
19 102
63 30
91 22
6 74
97 82
7 43
100 77
86 21
110 91
54 42
69 87
18 86
88 109
86 13
8 79
58 26
82 5
55 57
44 77
32 25
44 38
85 28
17 72
48 11
64 3
69 17
90 103
4 62
97 90
92 6
70 51
31 36
56 102
109 1
64 25
42 107
79 11
36 95
82 84
8 47
103 93
81 77
81 84
41 79
75 34
84 29
84 16
81 41
2 74
41 82
115 83
73 96
110 109
75 94
94 99
25 98
77 105
60 59
91 2
39 50
35 24
79 3
39 61
44 57
37 101
24 36
68 113
16 80
8 108
58 3
91 82
101 69
89 45
12 64
46 67
113 97
90 93
99 13
39 44
87 75
30 110
12 114
107 45
78 17
37 20
19 29
4 115
92 48
28 40
110 95
37 91
69 15
92 99
70 37
70 29
83 64
57 99
72 101
61 88
39 98
107 68
3 12
67 94
77 94
35 71
73 88
64 44
4 57
27 73
93 96
3 78
61 60
61 34
45 23
24 84
22 32
53 24
43 21
19 4
16 53
92 106
26 40
34 29
113 60
4 90
57 6
69 2
82 14
52 12
37 75
112 58
106 66
82 34
86 2
54 3
55 30
108 97
86 43
27 83
102 47
75 60
53 28
61 19
42 15
47 95
89 60
37 97
10 20
15 112
22 85
115 93
115 9
91 85
52 2
53 38
49 12
115 3
39 77
38 97
91 102
76 65
46 113
46 73
34 77
69 72
46 85
49 62
94 41
32 30
60 101
84 10
112 83
12 52
45 66
51 37
52 11
101 115
25 48
72 76
26 25
32 89
12 98
35 105
23 83
36 82
68 21
91 81
104 4
35 50
70 85
103 23
95 89
22 38
93 97
81 20
13 54
31 110
88 37
35 73
72 1
25 92
109 106
97 112
25 48
83 109
36 106
105 26
12 11
80 105
9 45
9 22
115 56
33 105
92 84
62 65
85 86
58 95
93 40
91 19
104 59
29 41
49 19
83 77
46 48
66 55
109 91
93 109
31 27
98 24
111 44
88 97
31 93
9 87
68 44
75 28
73 18
93 108
100 55
38 32
22 109
43 113
103 36
45 32
18 86
44 78
58 42
108 105
19 18
76 103
62 53
16 36
70 108
28 54
64 82
103 86
93 30
100 97
82 46
13 1
16 73
78 91
114 87
80 17
7 41
5 85
110 37
5 64
46 32
19 110
113 23
97 107
69 81
89 35
11 3
35 44
76 14
19 74
101 98
108 107
40 14
76 34
67 97
114 112
13 35
8 27
57 104
19 11
69 9
62 97
11 97
25 86
110 43
62 112
25 71
5 82
101 97
115 69
78 16
65 107
50 90
19 8
78 54
18 49
79 97
30 89
78 71
77 89
15 40
86 56
12 107
22 14
89 22
82 51
37 48
43 103
22 78
110 2
33 30
50 111
11 96
101 105
68 62
95 82
3 65
22 14
74 44
44 47
82 27
114 20
75 41
7 113
20 1
114 52
30 65
47 57
45 33
46 112
111 26
78 114
107 2
29 65
45 90
111 11
1 110
30 75
52 53
90 72
53 105
25 100
55 89
41 1
6 104
113 18
14 92
33 22
110 62
87 39
53 99
66 53
110 112
30 64
49 4
37 4
108 61
5 64
34 45
65 56
33 79
74 63
72 106
85 67
69 73
105 6
56 73
76 68
69 105
16 20
10 52
40 19
14 44
83 48
105 32
5 23
12 78
102 83
86 71
34 39
45 41
62 101
113 22
70 83
11 85
4 37
38 43
55 68
86 39
17 76
70 22
115 98
1 3
66 86
91 1
27 20
41 88
5 55
11 91
23 38
77 26
74 114
86 13
84 73
52 100
50 23
6 66
6 7
69 88
109 44
88 20
63 14
107 85
68 2
60 107
39 22
35 14
37 22
27 5
94 95
105 29
19 12
94 41
35 64
13 29
107 3
48 72
33 57
41 2
75 100
109 16
23 45
29 60
66 72
81 44
68 87
89 104
1 85
29 35
33 59
80 42
78 30
113 110
86 55
111 62
39 6
94 79
50 8
40 115
96 22
61 66
109 51
54 109
20 82
45 70
42 10
111 4
39 10
113 26
64 11
104 4
16 83
82 83
107 23
99 104
45 44
54 38
112 107
48 33
91 109
102 34
3 114
38 58
8 52
100 88
79 106
92 95
73 75
79 81
98 62
69 27
8 25
81 4
16 30
36 8
23 40
42 43
38 96
2 63
49 102
35 13
92 28
9 66
103 87
48 102
33 1
30 40
25 12
60 58
41 113
82 80
37 8
7 91
5 9
55 71
12 107
83 5
19 108
87 23
96 19
26 13
19 55
70 61
66 31
20 8
28 101
88 64
11 94
57 32
4 111
102 15
102 86
36 23
78 7
62 58
25 88
88 61
27 59
23 110
89 42
2 44
89 82
54 85
23 86
105 36
89 22
39 60
57 61
39 81
8 114
105 95
86 67
23 29
89 17
19 32
19 20
76 9
4 31
110 43
1 2
78 107
23 2
51 96
79 89
61 103
104 68
82 74
19 7
4 10
23 40
41 58
59 18
67 79
49 78
7 66
79 84
57 3
102 9
99 83
115 61
70 103
13 54
79 49
60 82
75 82
6 115
25 82
35 108
62 100
87 68
50 68
54 9
70 57
34 70
24 33
16 94
21 45
32 1
110 108
82 69
74 105
86 115
88 5
9 34
104 113
4 55
65 57
80 36
113 114
106 39
31 23
17 68
84 65
68 79
74 52
32 49
58 2
49 47
23 74
80 28
88 100
83 37
41 47
90 56
62 97
111 93
4 29
62 104
93 32
67 68
83 1
1 42
2 49
88 42
25 69
69 112
54 36
51 111
100 42
68 46
23 63
40 43
91 4
31 85
35 98
37 19
98 38
60 1
103 49
42 29
19 13
43 72
48 93
85 49
36 37
95 58
2 36
100 92
39 15
62 73
14 98
108 13
37 52
31 25
2 89
53 21
101 95
109 51
89 78
99 9
17 95
83 18
16 67
109 71
99 72
29 14
72 21
27 108
90 74
34 108
64 104
13 50
100 7
2 74
101 100
99 2
97 67
36 14
35 30
84 18
3 14
32 91
52 75
101 43
50 19
35 113
7 48
64 107
71 65
82 56
67 82
75 48
33 110
61 68
41 46
102 61
60 35
36 13
11 21
55 60
57 89
58 80
38 23
88 10
88 54
83 39
21 42
103 70
53 48
39 111
110 26
56 71
60 108
83 71
14 39
32 87
30 106
51 84
14 24
94 101
94 61
24 16
4 11
86 73
75 9
85 86
51 25
42 111
35 26
83 65
65 114
36 111
105 86
79 3
11 74
103 105
36 28
5 39
55 90
14 31
1 98
18 51
25 59
63 59
102 30
25 68
29 60
63 35
47 43
37 58
2 41
47 37
85 51
93 41
43 106
88 60
105 110
31 66
75 106
52 104
15 4
34 74
83 68
23 10
104 80
28 46
11 65
15 78
59 72
22 66
44 81
55 34
93 86
99 52
93 35
40 108
55 74
83 39
43 105
48 49
69 93
94 96
42 11
59 2
82 80
67 11
63 23
61 40
108 44
91 103
95 32
95 51
7 62
89 50
52 38
98 5
15 93
101 73
103 61
74 87
42 25
114 104
48 59
28 57
4 20
44 115
52 40
50 58
102 23
9 55
60 106
59 92
101 61
49 105
23 25
93 65
66 91
53 15
51 98
72 71
19 17
70 74
4 30
60 43
38 114
5 46
74 96
48 37
46 37
59 70
15 25
21 7
95 52
58 77
8 30
112 42
2 67
115 22
113 76
65 52
91 86
114 49
83 46
102 13
100 46
100 114
87 22
5 66
73 79
44 98
11 41
41 12
9 40
33 6
17 97
74 107
84 73
57 51
20 44
64 4
106 48
2 77
86 24
28 43
4 71
42 14
13 82
25 21
23 58
26 39
56 2
47 25
74 104
75 93
49 40
114 39
104 115
115 74
40 44
19 44
17 60
74 29
27 99
50 66
58 92
105 15
93 53
39 68
41 16
63 89
55 61
29 61
60 29
19 2
89 54
45 105
114 20
36 42
3 85
107 77
78 113
92 56
51 32
8 108
64 70
82 21
32 110
81 92
40 99
110 31
38 56
20 53
75 55
111 95
41 102
56 4
2 49
76 52
98 100
61 46
72 44
83 103
56 48
96 95
49 90
10 86
30 47
40 105
3 35
84 44
38 41
64 39
107 41
107 106
25 53
53 96
113 21
101 53
68 81
50 1
73 59
103 102
7 27
108 10
78 93
70 1
36 35
56 27
75 65
17 99
19 69
97 16
89 99
69 59
64 3
59 21
78 47
25 102
90 17
13 53
110 82
70 30
18 10
73 92
74 106
92 109
76 90
10 50
73 78
108 39
97 68
76 114
100 62
106 19
74 60
30 57
14 76
74 40
50 16
40 44
9 115
35 18
66 108
112 75
48 110
28 8
71 43
10 17
33 45
108 92
74 49
7 51
8 47
100 74
62 24
19 87
40 54
105 106
63 3
65 110
15 92
19 85
37 45
3 69
89 12
63 64
61 86
16 85
17 115
60 95
40 79
67 80
34 73
87 96
92 36
107 106
30 10
92 66
55 95
36 45
8 115
109 68
86 9
54 4
26 114
99 82
94 67
46 12
24 34
107 115
70 98
8 1
9 99
66 63
95 3
108 103
20 3
55 7
28 109
10 70
9 108
37 102
76 99
113 99
18 6
1 87
103 8
104 13
8 71
76 103
73 85
90 109
104 46
115 33
56 10
103 64
19 24
50 95
24 64
95 41
86 112
29 90
21 17
103 29
87 63
16 62
49 7
72 54
52 72
86 108
81 90
73 1
113 25
112 39
88 92
79 59
105 10
33 11
26 37
39 15
99 71
93 49
77 49
102 30
5 90
39 102
64 112
5 79
21 1
2 10
109 97
85 99
106 20
11 17
56 66
48 57
21 25
7 114
90 109
45 95
100 84
98 48
80 102
28 2
5 29
11 113
11 96
113 18
17 8
51 72
73 98
13 110
24 20
10 114
30 55
110 31
23 92
95 4
96 8
5 100
36 15
114 63
12 112
98 28
4 33
2 94
16 31
88 56
67 98
54 113
54 65
28 93
42 8
96 39
15 100
40 67
16 38
32 45
34 14
89 55
46 90
33 78
6 22
19 89
21 89
87 91
39 114
68 97
23 48
37 49
76 6
82 113
37 11
49 67
99 5
112 91
37 92
113 75
12 86
113 100
57 88
40 73
41 21
95 105
57 17
39 34
39 22
32 75
49 97
26 32
101 39
24 39
15 21
113 26
107 12
28 65
100 67
22 25
105 2
31 63
35 69
97 73
107 30
49 40
11 91
89 111
31 112
51 46
35 48
88 43
60 17
107 61
84 31
102 90
32 17
37 83
103 35
57 94
64 7
19 91
97 9
86 12
5 21
74 39
86 64
98 47
80 90
9 65
5 110
56 53
11 110
37 113
29 93
109 110
99 12
85 97
20 73
10 41
110 101
97 66
79 45
47 70
53 14
74 47
69 28
58 63
64 72
109 58
65 103
58 93
89 56
14 46
66 55
58 68
53 39
18 33
84 81
103 38
94 78
85 48
106 44
12 71
17 5
14 99
9 71
76 98
12 90
45 94
46 102
63 98
43 97
32 28
62 19
65 41
97 51
105 104
111 18
59 13
23 89
111 48
62 88
30 90
79 92
85 9
95 32
8 22
30 40
66 91
75 16
33 73
83 39
61 79
57 22
108 96
12 5
28 73
109 75
64 73
51 33
81 30
81 106
69 110
47 19
103 6
51 37
79 19
76 41
114 17
62 8
14 74
12 41
48 22
115 112
94 67
46 77
97 12
67 23
15 85
10 20
21 47
115 56
24 41
54 57
102 78
70 77
89 12
27 12
12 40
106 95
85 67
93 113
35 44
21 49
31 47
85 68
110 85
8 35
10 78
91 13
40 62
107 30
74 18
41 102
57 31
98 43
114 76
41 50
4 78
98 34
26 85
3 38
54 10
72 80
87 65
92 11
28 83
57 101
2 98
104 75
30 87
3 29
47 60
78 67
39 78
3 81
64 5
3 2
32 92
81 3
58 74
31 85
59 87
71 77
