421 356
63 1
318 275
290 144
174 255
30 308
224 83
251 119
4 273
121 165
95 297
319 346
133 347
218 78
182 382
192 210
166 254
210 62
411 78
89 163
215 118
353 322
83 183
19 86
34 23
251 128
319 31
356 334
377 35
411 137
417 65
346 161
201 17
222 191
94 310
353 309
310 168
209 392
350 110
57 383
132 190
393 334
220 210
246 175
244 119
194 239
66 119
282 266
18 387
339 112
275 154
303 47
321 394
321 249
82 377
93 97
145 368
313 247
156 20
421 399
21 194
100 86
195 381
235 212
346 152
206 83
305 87
12 87
59 332
218 24
171 310
3 198
139 315
24 294
334 23
155 355
99 254
19 176
96 253
271 325
288 55
290 54
25 301
141 83
211 358
410 381
130 412
158 268
305 64
24 101
390 61
34 372
197 356
126 175
71 279
78 358
334 367
411 241
246 13
323 340
371 195
299 383
185 339
112 373
402 18
52 371
78 85
321 157
19 329
332 89
187 409
329 403
238 319
222 366
331 6
284 163
200 162
7 268
383 119
219 364
136 270
196 97
237 399
253 138
189 163
110 375
34 17
239 154
218 343
98 128
232 382
173 314
5 180
160 387
181 261
212 316
413 290
295 228
150 127
249 339
172 358
175 88
374 414
124 171
218 222
181 28
65 236
342 69
415 80
338 174
224 12
373 215
301 246
326 30
255 153
251 6
89 4
397 41
300 100
94 97
204 274
124 268
89 44
219 386
7 135
22 230
29 394
327 213
101 231
125 356
266 375
244 354
378 102
278 257
201 254
236 287
107 359
133 78
286 351
346 292
369 367
404 280
222 309
71 323
2 195
140 267
148 383
83 409
63 360
127 147
192 362
12 181
299 28
141 163
261 370
337 91
315 202
371 420
394 20
204 395
98 343
123 128
187 205
115 132
26 241
278 101
181 173
164 363
200 305
408 39
136 324
13 333
104 383
331 380
285 113
353 382
338 55
89 103
142 86
235 168
327 395
268 390
146 10
331 228
197 318
150 215
103 162
127 89
6 36
48 290
32 400
134 252
337 105
355 362
190 51
108 95
24 258
368 53
150 277
163 230
173 312
23 158
356 149
247 361
68 294
113 403
155 246
233 375
233 49
315 1
99 305
400 6
141 346
58 173
201 103
402 257
415 4
414 232
35 122
172 406
298 167
387 32
412 82
289 223
130 182
106 112
369 84
117 88
8 57
260 92
159 124
231 35
10 106
267 348
228 321
333 104
66 181
18 360
262 189
161 275
370 149
269 200
233 385
287 123
20 9
97 61
15 327
96 24
316 245
371 5
144 165
412 92
346 9
30 69
80 73
226 333
221 73
111 336
36 398
38 359
289 17
303 227
398 209
121 104
158 125
247 323
419 221
130 310
250 198
390 322
3 301
4 379
411 340
415 270
260 235
137 276
116 322
81 396
109 84
78 150
208 207
355 89
6 63
398 255
143 366
38 28
245 42
407 235
264 283
83 102
96 103
377 212
3 37
69 416
120 147
144 211
236 381
299 242
326 275
379 47
220 300
379 347
341 364
160 183
225 243
284 203
345 122
297 230
158 366
224 161
395 250
254 209
92 14
29 417
288 291
43 390
169 421
