498 4893
423 192
139 289
70 323
189 129
222 458
164 203
174 490
274 111
28 82
230 374
478 326
304 176
93 230
281 106
68 332
360 410
443 498
200 15
242 388
143 383
267 226
7 440
138 280
52 85
281 282
378 260
109 183
356 121
412 58
226 399
309 87
310 253
6 429
187 247
239 330
51 7
475 58
447 34
257 418
118 458
121 416
219 149
100 494
269 432
471 494
252 281
2 482
36 7
412 222
173 152
471 224
79 368
201 27
401 377
364 439
336 485
356 475
135 375
470 404
228 443
319 480
145 321
463 180
247 296
322 420
448 214
65 28
83 265
472 404
143 337
264 399
243 41
375 378
415 266
203 65
130 441
46 275
183 428
374 430
225 117
351 94
331 415
121 333
101 14
158 163
271 421
63 15
461 357
312 298
45 434
362 174
377 327
368 61
256 164
490 480
280 262
76 32
98 116
365 198
50 24
281 320
365 343
254 327
122 68
46 166
3 407
259 299
235 129
280 410
212 191
392 491
453 387
443 52
422 309
170 471
252 450
212 38
214 386
365 255
453 410
340 375
239 101
96 393
149 375
225 360
67 38
272 439
424 216
411 267
444 2
160 118
371 291
155 6
178 439
261 52
271 102
427 429
122 442
323 270
318 49
51 304
6 243
245 429
378 77
118 324
78 277
361 448
69 17
453 167
376 135
218 148
237 146
78 278
89 320
468 326
289 20
132 294
182 296
145 62
372 262
385 449
458 167
318 446
183 272
114 478
407 332
127 65
397 124
262 406
444 231
233 234
171 284
447 352
81 93
413 372
274 219
242 153
385 61
101 488
333 134
467 161
465 16
145 284
139 406
191 84
59 343
237 229
129 106
82 129
198 495
421 392
135 164
464 22
225 484
429 477
120 317
59 6
332 203
289 471
30 479
474 88
324 213
316 372
318 2
435 234
422 248
368 8
214 309
232 199
159 130
318 476
188 244
309 310
34 281
259 15
177 267
258 389
84 51
128 321
52 482
56 394
232 344
321 365
154 54
483 313
103 303
210 290
466 20
21 1
221 279
433 397
47 192
207 51
242 334
291 214
237 347
29 388
192 269
254 265
322 239
497 344
461 208
55 428
148 75
428 368
273 283
266 240
394 472
210 58
227 2
191 463
348 219
353 459
487 28
146 230
186 64
493 148
192 49
495 339
123 345
208 315
129 393
56 24
286 265
81 14
267 271
396 36
409 170
415 317
198 480
466 383
45 460
451 236
10 447
76 52
293 203
367 341
97 342
365 382
29 365
315 215
58 213
250 466
382 86
205 1
67 172
304 32
134 176
267 63
44 263
115 257
465 401
99 64
244 383
445 272
250 182
486 227
394 158
114 197
243 318
118 230
490 341
261 45
18 447
107 61
211 221
317 178
123 336
161 287
220 27
60 389
208 466
117 103
125 231
220 287
468 337
18 459
99 198
423 116
147 32
96 357
172 333
454 215
170 116
421 309
143 480
120 350
447 156
373 491
306 94
280 276
350 217
156 448
415 81
483 63
32 498
339 123
332 295
257 421
410 179
152 54
81 271
324 447
426 198
440 154
211 141
429 62
357 6
429 273
6 413
255 455
332 96
80 166
390 256
8 301
355 159
275 435
349 100
303 277
297 244
350 427
304 280
488 163
205 338
355 211
172 32
167 5
127 166
170 436
422 98
238 278
256 432
134 107
33 436
303 249
102 154
177 405
353 86
487 59
423 264
269 96
295 356
101 421
23 190
358 444
207 17
143 463
369 196
489 321
134 213
490 155
286 168
479 140
174 388
118 18
153 307
34 447
164 54
289 106
243 68
470 450
4 114
334 372
310 244
115 363
456 106
19 243
193 417
302 366
306 339
304 378
147 337
326 230
390 36
336 54
23 307
423 445
340 258
238 71
421 352
433 378
457 371
42 152
290 263
437 17
104 242
395 170
80 142
320 389
98 77
443 120
303 367
66 144
47 304
215 467
157 69
267 36
440 308
187 151
491 45
87 16
287 481
185 286
45 424
177 142
2 41
181 304
407 167
368 453
390 4
342 466
72 110
3 431
337 109
3 329
154 90
344 360
490 449
67 36
294 163
97 216
203 278
439 32
364 308
404 255
231 247
222 303
356 225
155 115
333 78
363 406
87 129
267 78
79 254
34 292
416 50
9 121
247 448
152 112
177 57
366 408
304 90
132 81
234 286
115 68
363 478
394 449
108 82
447 106
335 400
397 253
449 326
373 198
275 26
229 371
2 97
280 225
106 411
226 339
119 340
326 401
319 221
272 426
303 220
451 139
41 350
391 489
177 265
108 371
210 337
243 132
353 25
356 458
355 83
218 473
343 45
376 163
266 149
11 70
288 461
128 328
232 21
238 328
205 346
200 335
104 363
466 376
387 243
255 163
246 472
138 90
18 433
252 283
3 182
272 290
145 400
119 296
340 356
126 464
123 325
300 146
189 187
23 495
350 197
80 97
170 217
186 188
71 357
390 73
459 84
362 25
403 400
320 244
177 445
129 220
272 429
365 380
37 308
297 386
6 376
482 96
14 89
283 84
366 94
76 326
97 437
350 1
258 171
164 434
38 293
75 229
143 440
110 179
169 326
485 94
203 468
189 216
477 391
219 264
405 294
91 3
152 360
4 329
450 167
265 487
379 259
217 23
200 247
122 288
74 108
382 197
495 490
412 473
383 53
158 289
266 168
291 338
29 214
168 399
301 352
307 181
113 444
124 232
192 245
22 185
272 323
381 268
314 215
163 118
267 320
326 452
488 39
291 18
252 459
336 472
312 145
155 424
90 198
158 281
362 99
385 135
341 268
402 76
482 66
194 250
386 439
203 295
477 494
312 151
374 70
124 187
214 198
33 223
395 110
423 258
208 309
392 50
78 216
45 61
281 238
230 88
99 353
382 77
268 116
227 143
185 351
249 318
50 281
42 365
390 464
44 19
194 436
486 272
73 33
252 273
190 482
361 288
256 164
365 25
199 13
87 303
283 335
122 253
38 83
39 427
466 82
366 162
19 353
433 11
385 106
284 77
89 146
284 344
229 70
288 428
83 374
232 285
131 274
39 168
356 77
16 324
159 381
405 97
236 259
108 42
364 311
38 373
456 322
138 106
391 426
35 393
221 187
180 351
460 138
438 317
135 454
62 213
256 386
309 411
146 336
373 12
148 410
304 25
153 441
131 464
368 85
358 11
271 39
281 152
97 221
469 231
96 450
443 271
338 173
184 403
429 58
334 78
387 139
23 42
82 73
7 369
77 284
379 268
323 162
419 339
302 309
71 397
261 433
89 20
107 272
422 37
249 178
35 138
316 475
99 317
467 105
188 45
388 68
312 132
149 233
390 450
461 460
268 223
314 357
162 341
50 6
377 299
183 331
436 418
227 36
237 195
60 424
160 367
411 391
419 62
45 310
431 8
192 201
230 425
477 312
267 28
317 146
326 419
396 183
338 125
138 76
239 117
419 318
484 252
211 324
313 255
55 165
262 246
285 412
93 263
225 359
291 461
6 38
381 322
221 220
366 278
216 26
395 136
344 300
387 56
125 121
310 99
286 492
345 72
325 357
255 51
217 47
431 143
4 313
464 224
34 251
4 249
276 318
305 121
119 193
96 163
234 326
261 439
319 27
12 145
383 266
115 102
232 47
244 156
279 129
379 312
379 302
481 76
121 287
197 159
399 212
321 134
39 84
74 277
110 6
341 413
191 455
16 343
421 259
498 201
307 298
433 187
22 415
262 62
123 378
221 441
92 43
495 130
46 488
327 76
493 169
488 106
46 423
368 386
103 367
9 409
86 441
97 107
277 278
169 319
158 389
261 169
351 257
298 317
247 46
312 161
215 221
186 260
145 55
147 247
421 75
157 9
17 173
35 213
450 203
33 29
13 294
197 284
470 415
102 138
460 413
299 176
55 484
355 199
41 422
365 381
496 441
309 433
115 344
147 484
466 180
433 479
393 131
264 364
465 285
4 427
119 222
24 173
207 299
291 167
142 157
50 59
99 278
491 133
43 140
38 11
239 470
409 133
23 94
416 487
378 419
335 416
62 279
10 269
79 300
355 140
456 324
198 56
104 191
108 146
250 145
76 488
37 484
42 59
497 457
465 296
298 222
213 359
2 222
49 498
23 404
139 478
229 336
453 252
446 62
398 197
127 393
186 163
379 227
221 377
106 107
95 403
328 307
183 329
449 232
248 471
137 386
371 285
224 325
39 91
307 356
288 433
250 473
97 50
122 237
347 147
343 441
469 93
249 153
421 199
384 171
92 440
476 462
227 121
208 185
212 434
42 1
368 291
393 384
341 434
42 189
82 305
131 52
397 299
205 239
498 10
329 11
370 307
472 98
347 101
202 60
37 243
478 324
35 373
130 295
228 171
403 230
475 35
281 293
254 405
34 173
335 362
183 206
90 76
223 437
176 424
416 132
168 396
456 122
190 87
417 177
241 148
74 276
349 366
31 175
399 203
11 183
305 216
192 380
358 130
57 283
48 189
370 363
66 492
54 72
330 470
168 72
40 241
267 388
109 217
64 427
339 75
31 145
210 223
26 70
272 3
272 239
111 144
103 96
137 76
167 386
466 334
377 7
495 146
314 105
362 377
451 203
371 402
267 3
46 293
490 317
215 263
476 325
406 498
420 462
76 8
269 43
341 148
467 257
293 282
281 76
80 234
198 371
57 465
373 102
179 284
418 393
466 315
139 374
315 478
257 390
485 446
352 247
95 320
6 307
103 286
382 102
439 2
472 495
466 266
98 66
51 436
378 19
252 18
312 68
495 488
377 401
435 230
69 31
51 74
257 73
280 141
175 140
142 68
137 29
334 154
94 304
11 471
242 183
408 55
170 324
463 49
226 399
198 214
350 169
288 108
241 487
248 335
128 309
403 184
257 158
338 270
461 268
242 205
450 71
179 42
314 143
10 459
44 207
175 393
375 462
420 38
370 90
372 497
398 196
183 77
353 440
346 316
209 10
22 81
80 200
122 394
343 51
354 306
257 30
120 54
411 41
91 282
130 462
201 448
80 383
26 432
324 371
249 452
380 190
34 380
310 75
195 154
125 468
379 382
418 498
355 330
40 445
34 90
328 234
39 407
38 64
341 361
354 11
234 236
201 268
37 12
342 231
85 387
200 463
190 39
382 46
369 421
490 322
12 239
475 468
148 14
33 488
294 387
498 29
44 120
216 498
131 478
230 135
366 349
99 57
388 480
22 178
323 13
419 254
251 395
224 318
328 176
227 43
482 147
489 445
266 127
444 317
106 95
451 391
444 52
367 253
451 388
350 195
320 270
369 490
86 94
310 413
189 456
375 93
104 285
39 370
411 483
188 436
79 140
328 442
111 116
116 482
423 465
178 244
236 48
156 321
61 385
155 170
342 449
262 446
236 300
237 148
204 424
6 203
483 253
66 16
369 182
497 293
68 96
457 304
144 34
46 124
418 121
293 181
71 56
48 226
276 284
374 479
129 299
183 114
53 169
49 421
350 47
136 417
142 94
142 205
47 108
329 464
228 43
66 218
19 114
444 294
397 239
274 28
39 377
61 91
47 109
14 316
75 69
154 136
82 216
261 128
323 11
13 470
53 78
189 71
191 134
364 90
372 60
37 410
356 17
3 322
45 434
59 119
4 212
174 85
427 434
132 171
444 144
142 497
221 331
487 332
464 353
421 258
332 377
169 189
393 91
12 437
444 70
475 367
201 150
371 50
86 4
220 449
147 282
447 288
34 356
121 497
130 461
176 461
259 265
71 153
355 2
11 301
489 405
89 191
56 460
160 61
463 300
12 32
83 378
319 116
235 359
34 284
321 210
246 81
474 316
153 250
237 83
470 227
487 61
338 462
22 497
443 404
298 374
435 300
253 175
415 408
35 369
193 275
498 359
275 393
96 427
144 333
11 36
61 417
96 318
381 37
317 245
440 36
120 297
336 372
471 172
201 426
42 314
202 459
174 477
353 269
325 417
23 256
452 4
174 49
321 474
5 139
140 364
175 259
162 430
53 55
103 253
480 65
486 103
25 161
81 378
350 326
296 372
83 169
295 176
137 118
72 141
176 211
6 270
390 88
201 442
142 304
116 123
288 104
225 312
264 226
111 35
53 326
327 55
494 123
150 52
240 141
192 416
352 118
187 163
205 308
106 266
33 221
308 320
324 452
53 10
179 164
462 151
409 290
125 325
333 275
376 74
335 488
409 108
107 18
270 231
325 375
416 357
18 225
98 261
178 150
190 277
233 154
427 144
363 472
388 197
168 185
271 4
174 101
112 200
38 381
350 282
178 267
60 195
491 157
455 171
307 147
447 459
220 295
24 84
268 411
281 355
98 471
359 191
491 390
391 31
272 242
232 369
11 292
65 421
448 440
93 176
8 459
57 227
176 80
230 363
411 430
220 10
322 498
120 315
389 12
265 82
174 496
451 104
289 435
26 159
376 39
254 303
497 310
449 94
390 181
457 302
32 178
231 354
177 350
170 485
282 434
486 455
351 438
478 142
295 5
300 92
461 473
395 380
285 345
473 176
445 431
397 477
30 129
332 126
398 421
112 181
276 100
57 128
457 36
189 253
459 408
345 341
383 161
222 169
7 117
344 372
49 162
350 79
290 103
204 189
25 236
290 220
335 266
347 213
302 38
466 182
445 232
24 329
392 166
497 398
282 262
191 250
423 42
328 134
64 452
243 8
109 34
227 443
299 76
157 22
33 44
123 477
275 67
308 168
232 226
486 433
488 178
184 332
140 432
466 123
305 210
131 413
163 357
277 381
352 433
403 384
397 445
363 173
13 92
261 164
237 168
98 146
345 202
478 404
135 365
29 439
494 159
273 158
435 51
40 289
403 362
94 301
309 376
394 321
387 156
485 126
323 4
271 89
205 170
493 259
454 441
119 449
21 391
108 455
441 68
165 346
429 179
68 239
56 461
480 443
38 386
488 280
309 260
369 16
350 283
194 225
145 313
176 165
125 203
41 486
270 126
253 201
304 320
359 203
260 223
240 147
212 22
456 392
310 391
163 94
86 387
158 318
64 322
363 267
282 350
456 407
104 78
212 343
357 491
47 118
135 287
185 347
228 62
160 39
452 322
52 457
210 209
197 194
450 61
460 233
410 337
142 433
415 273
277 273
185 324
310 320
32 494
88 259
57 247
217 428
70 188
307 199
396 5
392 347
483 273
1 394
112 62
248 446
335 26
220 439
349 449
180 300
445 267
60 421
433 196
351 4
383 159
203 280
83 16
48 67
289 467
380 400
30 129
347 284
154 486
225 423
436 404
224 302
93 204
225 27
399 495
449 204
75 153
483 157
88 451
223 376
419 24
197 368
152 463
154 225
370 378
69 308
203 293
31 295
416 175
322 236
171 272
439 245
344 321
431 296
463 229
136 486
425 5
59 310
78 284
181 455
352 488
80 66
439 374
481 115
117 219
206 308
79 450
153 422
193 6
139 157
154 274
145 498
199 203
309 196
406 490
73 180
399 152
245 339
445 148
374 64
286 81
371 364
32 444
288 144
369 426
301 442
122 365
441 240
487 252
435 395
243 9
76 63
80 240
402 27
387 277
90 94
277 380
458 228
245 167
372 115
14 174
58 55
40 419
214 28
172 151
342 334
79 337
396 79
79 219
105 385
415 114
479 193
493 358
421 160
26 294
194 457
387 172
14 426
92 227
373 183
297 217
18 296
473 333
294 53
472 398
358 308
13 258
3 425
117 343
86 62
58 280
20 444
451 291
462 100
165 146
316 301
83 33
276 335
326 248
308 225
27 38
157 284
40 4
400 302
9 381
359 208
321 224
80 273
16 43
292 100
108 110
401 190
142 98
27 468
265 254
114 212
291 191
495 250
194 317
471 122
199 331
330 439
474 329
214 489
372 7
91 479
36 411
91 98
428 37
67 114
290 100
325 3
290 242
172 403
478 145
27 178
395 276
119 371
106 252
361 397
178 371
298 134
203 388
231 52
344 297
166 55
316 410
57 28
73 229
430 52
293 376
150 189
73 188
61 179
439 342
495 38
134 294
171 257
103 401
308 446
119 393
3 355
225 477
382 297
127 233
349 419
31 418
30 103
107 10
201 465
351 198
4 405
411 95
163 434
495 390
301 36
285 303
390 429
202 273
227 328
425 495
169 455
414 198
60 440
207 180
406 478
297 330
304 210
424 386
65 340
277 365
375 481
90 186
411 291
378 60
40 305
474 208
261 310
325 240
251 34
340 159
431 138
488 236
267 333
123 331
174 319
118 469
302 207
76 134
417 454
193 456
260 169
86 440
478 410
102 230
363 441
308 295
498 217
32 267
469 74
19 65
393 136
35 116
342 110
249 180
483 442
138 164
32 223
26 429
54 127
80 417
487 388
213 486
26 165
254 495
158 273
61 470
328 15
87 172
44 336
351 29
199 408
192 230
52 217
160 106
263 239
442 251
48 76
159 74
160 412
488 318
106 468
289 354
482 296
27 133
297 473
331 127
167 480
98 303
141 203
68 299
66 238
347 142
396 340
301 230
249 40
255 218
249 110
121 46
56 67
98 273
42 348
319 128
329 416
350 389
121 337
189 106
77 455
167 392
216 468
43 464
427 218
103 97
327 143
142 303
210 159
495 171
8 315
218 336
232 69
226 272
406 415
378 402
291 46
215 9
433 258
392 282
395 415
378 143
59 22
445 188
180 441
358 188
257 77
443 409
146 171
182 471
7 61
294 297
27 10
225 459
187 119
242 83
35 122
226 13
63 172
201 162
35 478
269 211
475 214
121 42
304 303
14 310
283 307
28 229
236 253
190 423
371 351
7 325
392 232
257 374
324 377
38 278
357 226
488 333
359 31
374 164
253 307
393 37
35 421
266 270
175 375
194 465
147 201
211 459
352 467
334 177
346 291
454 204
437 364
456 297
394 251
461 148
59 275
104 93
197 289
362 291
85 58
257 232
178 467
192 31
356 445
208 203
238 83
326 176
446 203
392 341
453 274
408 431
51 14
443 247
302 306
458 307
283 216
40 380
105 151
411 460
17 40
84 254
122 329
349 488
33 163
250 405
436 160
337 486
93 201
155 314
8 114
122 211
249 81
92 273
231 422
154 248
461 237
421 5
485 192
492 437
354 163
343 291
322 101
199 334
301 353
150 229
386 271
439 56
272 450
329 422
374 482
171 256
141 14
260 127
125 173
66 398
336 328
110 79
349 308
333 151
82 482
299 387
174 159
443 445
111 273
369 404
256 459
161 316
392 341
443 436
433 428
335 190
177 445
269 27
174 103
98 256
6 396
144 179
57 8
46 87
280 334
490 456
214 72
273 108
412 137
463 347
484 300
456 83
246 226
109 339
248 206
96 173
24 160
272 498
167 317
86 367
72 495
244 285
486 436
312 320
493 277
88 398
78 45
480 243
271 91
83 438
216 99
113 159
178 384
158 264
122 163
132 193
159 295
477 147
233 211
466 227
487 55
126 484
99 108
148 289
118 230
149 253
248 261
412 425
66 71
191 187
154 242
299 312
39 197
378 191
407 265
337 315
239 462
300 258
489 447
466 28
99 116
201 266
296 114
193 361
104 303
467 257
464 267
489 4
464 288
114 292
473 450
109 213
334 408
390 244
277 358
272 295
393 472
62 191
7 174
471 30
476 360
287 442
48 197
365 13
484 479
225 458
350 333
93 185
162 482
429 358
261 122
154 156
15 136
266 21
309 158
468 207
19 176
70 485
372 354
417 278
334 143
157 186
475 249
290 59
153 220
416 333
261 490
488 275
127 175
215 355
253 185
63 271
360 132
177 154
486 96
431 241
238 9
346 135
258 138
193 330
277 30
164 40
21 74
234 147
168 449
4 420
55 484
113 414
118 289
487 25
384 419
185 44
428 451
178 107
90 290
356 286
319 21
245 340
14 479
486 182
429 409
103 403
395 215
238 432
6 227
376 309
67 62
352 414
14 31
22 23
320 297
229 141
238 473
400 251
453 387
432 303
218 455
127 114
171 365
465 96
93 342
405 159
323 178
75 257
209 16
199 448
313 427
10 52
322 409
222 196
218 76
1 435
32 47
468 122
411 434
138 5
197 462
164 439
141 158
197 269
173 396
139 405
324 148
376 67
59 100
263 196
95 183
132 46
229 21
167 142
374 224
146 490
187 229
430 248
386 129
18 479
444 156
385 189
224 183
256 202
282 20
397 296
202 448
341 430
468 9
73 263
153 219
254 339
367 185
8 255
233 26
235 178
101 41
367 324
223 124
27 424
143 343
221 344
292 63
195 181
490 268
443 144
406 118
402 194
303 330
448 37
355 104
135 375
65 3
121 207
126 67
53 188
410 273
451 123
256 147
224 167
334 88
230 161
206 53
355 428
382 224
384 158
248 20
35 312
22 75
438 67
141 490
174 52
265 46
95 440
113 318
28 446
405 257
29 32
229 303
459 113
446 345
190 195
364 224
426 306
298 366
292 359
357 466
330 43
431 424
482 45
163 429
491 488
107 439
21 336
163 480
448 110
246 139
305 31
283 232
336 2
99 50
280 376
435 112
418 367
37 322
412 200
252 324
109 359
264 129
196 426
30 65
37 275
123 261
306 325
493 63
247 13
112 28
388 466
139 228
335 96
51 248
215 302
491 323
82 176
451 197
23 481
181 477
177 304
240 482
50 154
465 296
86 496
244 394
464 382
123 300
397 173
467 113
394 379
435 396
56 308
94 78
210 275
56 386
498 215
290 49
368 256
265 374
253 10
269 218
311 391
437 210
483 325
322 378
205 179
195 260
406 289
257 117
65 313
422 64
447 213
32 237
468 296
112 223
225 380
440 38
192 299
247 176
125 488
473 330
88 170
11 493
378 268
31 442
2 453
425 368
167 456
106 137
174 217
279 398
18 140
435 209
438 103
304 483
13 199
314 100
288 244
15 167
431 45
110 432
417 454
302 86
331 327
142 424
46 420
324 63
479 180
192 419
203 415
403 215
115 138
234 402
301 248
488 234
213 19
167 51
472 388
136 225
217 197
150 182
38 393
164 19
75 275
357 277
192 181
411 226
238 146
50 40
314 39
273 446
58 360
496 31
169 54
175 305
250 325
486 208
219 152
146 213
426 422
409 39
104 321
265 261
387 234
300 202
272 493
149 329
354 146
280 24
119 374
329 289
200 236
496 339
387 143
53 235
484 462
193 89
204 377
349 92
112 70
293 384
64 361
134 417
427 333
361 47
209 111
335 328
346 332
168 155
394 141
309 379
24 3
387 227
380 157
239 411
227 33
216 210
314 350
49 242
104 409
288 232
439 125
62 286
376 149
360 192
209 170
490 232
173 379
379 472
455 119
384 183
71 102
313 384
371 361
127 474
271 335
208 131
379 189
416 176
257 278
367 466
367 359
199 41
159 497
432 115
117 318
218 108
339 32
491 211
392 40
106 84
294 233
214 174
421 51
349 100
248 138
67 117
416 185
77 76
184 11
110 220
328 247
327 88
198 240
298 11
279 323
94 74
58 227
167 398
198 17
497 445
74 65
481 489
170 60
66 353
70 96
74 317
342 321
404 42
62 123
470 260
445 484
253 422
212 419
322 329
355 240
196 429
305 178
419 394
237 405
248 226
420 241
462 263
63 287
224 44
409 196
303 276
181 475
199 312
395 440
63 172
182 258
22 406
355 360
301 94
186 468
239 107
210 203
290 193
489 15
156 320
130 459
17 230
355 135
462 172
77 26
343 178
203 284
85 59
145 305
72 331
274 311
437 483
433 228
97 343
163 253
84 212
133 100
362 487
235 325
160 231
270 422
408 392
207 492
450 352
298 24
104 491
254 42
475 108
190 492
450 272
246 454
403 378
55 266
366 209
12 446
439 201
369 268
94 78
181 46
349 478
487 452
470 162
413 367
269 24
360 140
295 107
95 120
404 70
305 191
198 317
138 59
437 9
326 33
6 9
496 354
406 404
227 298
67 141
86 335
85 445
474 299
471 489
418 296
478 225
486 177
461 126
155 399
54 481
351 59
409 268
332 316
173 60
35 239
120 493
204 484
389 423
376 379
342 173
278 68
161 454
448 206
111 269
179 13
121 157
421 389
488 158
63 467
193 222
8 312
216 132
218 106
56 95
404 397
188 183
385 268
59 254
473 89
24 73
101 145
229 23
453 218
100 435
106 292
78 33
26 294
164 243
319 139
257 225
456 444
327 262
213 385
17 107
473 41
179 75
105 407
17 59
46 117
413 71
328 491
104 273
206 187
435 26
326 194
250 283
59 497
46 272
383 62
298 358
22 477
352 126
305 289
104 271
405 437
341 154
429 364
427 136
53 363
81 378
476 331
162 37
249 207
228 133
188 27
490 210
423 264
255 150
54 279
420 378
217 182
33 147
48 379
202 100
244 282
397 141
34 60
177 282
186 324
415 293
351 326
4 195
11 179
264 64
457 105
441 175
287 394
241 254
194 442
273 357
145 171
498 179
150 176
380 335
420 216
129 272
44 53
386 472
231 152
38 109
256 398
283 462
213 443
137 407
386 409
265 450
1 264
130 150
360 430
484 281
147 35
472 110
7 279
84 157
430 41
265 108
358 467
489 73
411 128
399 298
38 85
169 39
349 219
188 130
150 94
330 296
48 223
326 54
3 409
210 353
369 394
460 228
362 450
220 274
79 120
491 37
205 161
493 473
379 102
24 30
195 353
246 162
77 73
135 497
401 264
351 271
159 312
498 22
184 220
295 182
259 207
218 383
368 132
357 168
234 380
198 348
154 363
12 150
435 146
149 337
410 1
109 488
233 28
12 416
247 226
19 426
433 157
310 222
288 89
389 23
388 8
371 44
370 302
113 306
367 261
64 278
182 172
268 414
200 199
251 366
344 189
293 198
345 25
419 135
113 230
77 2
237 367
463 29
90 78
334 457
258 318
236 439
489 423
274 110
43 444
396 387
135 190
86 399
134 7
35 246
156 32
168 312
318 132
340 408
129 96
366 307
413 23
167 323
446 361
433 488
306 250
376 360
439 382
261 493
388 215
240 463
246 327
276 484
379 118
393 427
213 260
235 47
202 402
369 149
264 223
59 489
472 354
351 333
237 113
327 46
327 486
10 493
315 286
478 195
323 292
123 37
471 278
83 174
181 371
243 364
96 301
354 69
76 206
321 313
238 149
358 67
137 288
479 371
493 378
67 317
171 109
273 143
386 275
316 486
147 60
351 162
280 127
151 356
252 471
90 490
122 367
476 178
156 376
50 70
255 36
386 425
64 80
69 450
354 304
357 421
284 130
84 483
256 154
340 9
127 349
418 168
218 315
345 293
192 314
363 446
349 170
372 332
250 360
283 105
86 62
445 289
191 449
273 446
104 35
374 150
383 294
317 22
30 83
315 222
396 179
169 166
268 461
498 19
242 202
44 247
263 488
37 453
358 230
320 462
184 196
113 68
409 430
10 438
432 324
81 250
422 170
415 191
52 334
130 293
456 173
460 140
82 416
95 440
67 334
403 250
449 435
238 359
286 247
219 220
490 219
469 413
388 305
25 439
141 154
154 18
246 115
157 328
450 171
269 19
7 93
268 375
29 7
156 315
253 374
454 244
94 424
78 402
150 23
342 210
96 495
227 342
31 384
171 481
474 359
419 400
451 188
277 479
115 432
215 287
227 170
451 240
15 448
143 165
470 485
374 68
401 23
329 352
406 419
254 301
279 174
203 231
281 479
131 395
332 346
104 60
435 56
299 450
423 442
36 395
348 329
382 170
351 132
23 178
52 276
479 330
449 183
62 152
83 112
48 414
377 71
473 314
46 193
185 469
56 140
285 403
468 88
75 321
219 17
498 270
293 398
21 163
2 314
84 113
282 417
490 352
311 225
398 6
329 288
61 468
74 384
437 81
378 179
299 394
99 488
108 496
10 271
418 11
86 3
123 367
340 34
141 152
258 458
77 8
247 58
475 240
441 334
320 240
14 40
55 112
29 163
30 456
353 447
466 438
369 10
227 210
462 287
282 141
246 358
149 492
335 125
153 277
378 472
436 392
431 491
423 379
155 452
336 9
320 223
366 191
152 14
320 115
300 23
176 47
301 244
458 137
288 112
334 168
5 271
61 355
263 483
235 337
357 72
265 98
214 53
208 366
66 30
400 286
470 495
332 272
240 212
329 30
243 164
197 168
354 177
24 119
161 259
375 437
250 62
37 464
114 244
251 99
193 152
384 85
149 138
276 388
349 106
337 13
189 35
180 45
211 204
83 292
382 457
150 133
20 106
18 53
270 268
152 462
340 37
466 408
174 244
217 24
269 56
455 458
90 136
422 221
259 6
432 142
382 83
195 322
189 132
374 458
320 27
341 161
482 309
70 157
472 286
101 242
341 57
121 351
112 44
491 371
49 424
432 431
426 48
254 116
180 49
493 1
76 256
81 59
484 150
135 457
355 235
200 118
211 321
388 323
364 380
195 333
305 48
265 152
96 438
188 275
486 182
195 481
357 275
459 342
344 96
300 120
250 420
237 461
162 126
285 445
7 399
199 231
446 383
383 43
322 490
237 230
93 351
212 450
47 93
293 310
188 15
430 437
354 168
319 435
214 25
301 220
343 2
371 291
384 175
253 128
166 410
277 258
262 408
129 229
2 342
40 189
356 469
48 131
59 286
485 272
311 287
411 155
208 283
365 14
377 40
141 462
369 417
142 132
246 270
280 248
113 320
356 388
210 323
20 268
111 424
41 341
213 452
415 420
156 202
353 453
241 493
416 111
331 59
162 79
329 442
246 361
183 103
251 392
426 190
162 456
116 122
298 248
493 214
169 151
415 24
105 77
436 440
107 189
1 269
187 249
132 432
31 314
36 281
127 381
471 288
338 8
410 57
255 404
191 343
474 27
286 498
104 144
440 210
332 360
398 20
30 31
371 60
344 326
341 471
209 233
180 466
160 11
25 414
335 215
258 230
241 464
230 264
109 91
474 440
450 373
379 399
324 251
458 89
78 220
479 206
372 161
94 33
91 118
446 345
252 126
77 412
91 306
98 199
316 491
60 187
285 438
87 110
110 464
199 107
186 179
313 477
259 406
12 350
443 377
116 4
192 447
14 417
464 132
234 456
191 420
243 50
426 352
159 392
470 186
497 151
498 475
329 325
406 100
189 285
216 224
208 407
92 142
246 58
273 479
433 384
321 177
433 168
449 14
479 420
199 397
490 118
374 321
362 201
340 470
485 57
115 384
206 256
131 183
448 31
118 333
271 214
188 439
84 201
419 6
319 238
415 436
113 157
299 233
497 190
220 473
304 254
358 11
429 408
114 378
359 151
213 131
284 400
489 368
22 410
373 340
149 209
277 181
366 495
413 284
186 54
258 489
227 38
419 157
365 452
37 225
104 169
356 388
70 346
257 11
177 51
350 245
179 48
345 46
44 180
249 149
153 9
59 380
464 397
456 330
351 492
475 374
162 252
183 151
19 359
161 196
329 12
360 10
59 127
55 22
226 304
170 378
232 148
179 117
47 137
366 397
130 342
192 212
95 375
282 114
235 443
229 484
374 10
493 353
136 467
374 281
192 464
161 343
113 259
459 159
395 327
475 445
170 169
78 185
463 359
218 199
223 446
104 99
375 98
451 13
67 246
213 258
131 373
23 244
134 481
322 448
309 299
314 399
387 391
5 351
252 222
469 474
169 75
492 463
172 364
475 158
112 110
336 242
482 358
405 37
340 149
405 71
367 220
389 255
113 393
107 284
116 495
259 204
71 253
168 163
118 65
240 149
174 77
311 77
354 137
114 116
285 438
186 153
159 494
407 271
388 433
56 423
430 235
128 420
407 295
4 444
279 164
95 452
240 325
449 16
461 482
131 248
421 236
400 81
231 229
272 40
83 247
462 432
401 91
274 309
305 277
175 6
440 189
457 102
15 327
117 475
310 167
144 232
322 464
233 472
194 6
13 276
172 474
130 75
484 403
303 210
181 477
215 43
167 94
64 181
420 100
78 232
266 221
383 89
106 117
62 299
122 492
495 214
387 126
288 372
448 12
3 50
489 218
92 77
231 155
178 72
254 255
303 439
395 188
447 3
224 428
221 266
421 137
479 309
182 188
102 131
199 25
181 109
242 192
106 392
267 283
463 440
457 188
381 353
295 249
275 20
179 416
285 21
472 265
250 156
372 271
206 491
295 306
101 456
498 206
349 266
408 234
127 366
421 9
141 217
178 335
236 276
252 23
216 226
207 465
301 1
158 426
491 372
234 13
330 153
139 100
338 48
333 464
334 255
393 474
471 72
310 129
347 482
71 64
129 197
449 429
197 28
276 109
399 11
122 150
163 260
250 2
227 84
466 62
259 360
37 151
351 267
279 199
250 349
182 298
48 52
148 164
79 423
273 398
434 394
49 18
75 218
438 301
222 405
283 480
186 319
132 38
7 331
156 176
181 257
473 148
309 122
312 307
47 86
126 400
399 175
417 473
312 356
195 35
182 477
434 287
218 486
244 224
318 319
400 418
78 294
68 306
416 299
34 382
384 160
283 204
254 121
178 67
397 372
22 80
271 455
287 488
442 32
133 181
351 452
101 348
248 168
75 85
466 108
386 271
187 90
474 440
210 73
427 108
364 448
108 136
404 314
45 268
345 178
448 117
131 50
384 298
137 458
302 24
486 189
214 174
278 189
116 488
181 44
17 47
411 44
102 316
357 147
5 124
244 453
160 294
422 46
14 61
423 315
84 410
6 218
86 283
406 121
192 9
84 129
473 494
92 76
231 449
142 236
492 305
190 153
101 113
118 114
93 43
348 97
372 353
314 457
58 141
79 169
149 82
297 123
77 309
119 308
259 180
45 172
485 154
324 7
186 362
40 279
324 387
375 197
162 110
156 219
250 154
307 399
236 106
441 232
334 479
41 94
161 5
185 67
158 428
491 264
291 32
44 116
338 313
1 447
388 139
198 461
446 18
198 471
379 430
306 279
390 319
439 395
5 425
472 432
417 237
145 368
200 260
128 39
492 128
405 381
187 25
344 134
460 461
26 260
312 251
41 204
71 399
20 493
326 411
426 164
150 72
452 269
252 81
308 245
128 134
48 234
158 391
287 40
273 312
299 87
64 339
210 54
240 149
48 485
61 394
70 130
385 23
399 138
23 128
303 151
261 350
384 339
162 173
378 354
404 178
440 468
437 71
441 178
139 489
84 200
304 153
329 190
176 229
248 198
276 52
268 39
321 74
377 402
166 176
257 71
353 119
458 291
189 401
388 328
311 471
447 116
46 197
305 221
346 54
338 123
25 28
161 265
101 457
168 266
134 425
336 407
463 216
119 153
118 427
400 428
399 268
45 444
465 269
86 312
243 344
434 267
371 17
452 391
473 121
158 29
465 413
435 429
130 473
4 167
401 403
96 222
93 60
167 59
329 173
370 73
18 225
259 308
241 212
200 136
333 277
164 219
111 20
150 241
412 153
407 315
475 423
38 69
482 124
47 312
216 416
304 153
63 65
460 303
276 81
358 30
277 441
249 388
380 398
50 294
470 456
30 446
300 67
435 284
110 481
17 326
319 321
398 381
305 280
105 2
360 463
32 139
405 200
446 287
99 495
2 488
372 31
435 174
17 291
457 126
274 393
371 94
215 271
474 439
52 80
441 331
462 472
389 289
173 336
495 191
332 496
180 206
28 36
379 44
327 257
89 22
151 460
115 286
152 10
226 203
9 168
35 471
61 344
261 233
181 177
343 433
174 24
140 121
478 438
84 306
116 172
327 266
53 361
471 204
370 199
326 298
286 281
190 347
126 370
1 306
48 344
240 221
287 299
341 266
158 424
491 273
18 239
459 70
21 431
194 310
51 439
110 257
221 299
105 346
171 25
74 218
368 233
359 77
34 121
342 111
465 255
384 482
413 344
471 434
196 86
245 167
27 274
423 247
75 447
15 165
471 88
302 261
240 162
337 193
203 100
304 169
274 189
152 189
452 44
124 69
130 288
235 76
482 79
322 476
27 256
142 418
263 363
180 5
445 436
197 149
37 2
317 311
110 388
419 63
431 462
132 480
251 286
57 234
365 299
131 311
56 272
230 239
57 329
243 3
186 359
151 223
361 467
453 390
356 373
373 208
256 6
190 8
211 166
162 77
384 292
388 440
484 39
180 42
288 342
44 473
202 194
117 482
82 489
374 437
283 248
146 40
173 255
466 383
341 49
380 226
260 189
87 245
227 186
206 434
29 169
409 231
282 445
134 363
436 9
221 220
176 287
180 348
461 147
153 303
195 34
31 454
222 117
121 368
303 326
304 251
415 134
401 198
80 37
63 435
463 203
157 141
489 256
408 452
402 62
176 98
15 206
471 156
243 93
26 465
339 249
217 255
302 120
452 381
76 434
318 40
139 394
180 49
151 10
420 472
489 98
489 6
223 461
81 465
56 106
351 314
274 70
70 77
109 441
378 184
297 117
223 355
430 323
403 82
332 325
55 242
422 45
247 66
425 248
33 400
273 383
215 49
372 204
45 400
147 422
5 363
40 148
219 469
470 123
470 223
367 444
464 210
408 133
276 335
380 308
156 74
112 371
122 404
494 87
225 142
10 230
424 468
377 144
358 268
267 250
410 55
195 375
265 25
427 42
279 228
269 434
302 300
226 343
125 222
429 350
283 359
81 209
248 377
352 107
146 40
356 57
95 471
351 359
495 200
320 275
347 90
130 70
309 356
333 434
497 263
285 201
43 285
409 290
163 183
317 308
222 174
284 316
146 56
96 62
255 415
256 104
424 386
93 235
163 425
170 81
110 374
281 152
160 192
362 322
294 180
51 17
353 334
253 419
309 348
400 66
185 158
89 110
463 181
264 47
28 353
127 137
228 327
288 387
438 71
130 233
250 100
250 25
353 422
363 164
271 264
229 375
341 237
405 225
417 170
271 364
25 317
2 172
146 210
479 5
280 110
238 32
210 407
56 64
330 418
227 22
103 375
397 444
113 303
170 450
392 361
315 416
179 237
10 244
446 488
169 227
99 406
178 228
314 153
212 145
490 358
86 95
155 482
458 187
206 129
138 100
409 373
435 10
31 444
173 476
433 341
124 452
248 302
101 481
454 232
47 366
92 133
460 166
36 339
352 242
387 410
261 298
204 117
307 234
63 479
211 415
242 334
368 489
57 389
392 431
122 438
298 133
72 179
298 28
19 152
189 405
63 449
204 266
67 430
1 49
331 131
464 74
384 253
64 441
143 455
293 265
315 92
397 306
190 117
333 208
268 23
34 250
391 158
435 378
89 355
426 419
485 311
412 290
66 396
232 208
272 26
392 88
37 211
394 226
327 148
353 16
171 387
265 481
46 121
360 54
395 208
393 301
20 306
92 85
203 324
213 475
269 106
482 226
316 297
371 64
445 226
79 37
34 263
19 497
383 299
52 279
8 364
81 27
92 173
32 214
416 244
110 106
269 94
251 87
390 124
150 336
349 149
372 382
411 311
380 296
111 351
494 118
137 495
64 228
169 95
441 6
258 53
31 29
66 282
35 375
405 104
213 175
252 6
476 165
236 357
380 346
129 375
383 185
371 447
412 459
461 275
384 221
247 335
169 312
118 203
188 442
226 320
118 478
246 95
64 481
371 443
249 419
239 133
106 32
1 437
410 462
213 296
104 459
132 192
192 169
394 300
32 41
41 69
20 286
163 3
189 453
365 437
293 106
489 398
57 490
257 466
373 469
183 396
350 234
89 461
322 402
182 353
442 223
421 382
428 5
384 118
377 251
474 172
276 465
489 332
456 247
219 250
138 402
147 487
57 155
369 379
58 53
153 1
195 76
382 124
498 188
242 377
438 217
468 215
103 458
466 60
207 186
229 264
9 295
172 66
449 42
364 8
14 18
427 208
13 230
332 13
417 75
309 356
211 278
490 314
157 377
293 283
65 442
48 491
238 219
476 109
261 116
274 279
462 482
211 114
235 143
32 309
371 308
439 150
219 174
307 98
387 91
82 330
59 74
69 277
470 177
457 232
213 233
430 96
136 63
209 370
205 161
100 78
468 458
147 188
134 373
205 22
384 286
271 442
280 259
220 251
356 179
402 488
331 254
85 386
316 214
177 22
374 276
19 343
155 86
450 288
458 157
229 343
442 419
206 143
180 346
393 37
444 217
26 196
470 30
83 287
243 259
228 118
454 167
380 110
252 332
318 211
408 466
474 271
387 101
414 68
446 228
24 391
444 49
88 415
496 90
123 241
348 351
278 223
437 160
333 190
411 152
320 240
39 295
12 425
396 425
492 263
155 435
76 20
403 163
355 401
173 477
63 22
249 340
165 187
419 497
376 251
70 198
490 108
412 422
453 229
348 366
412 422
303 487
442 207
151 298
29 323
196 91
265 445
351 349
53 191
347 349
442 336
466 353
363 379
196 317
30 46
185 441
387 487
429 250
115 1
467 144
244 165
154 428
31 6
278 83
197 46
351 60
301 318
332 165
119 30
482 148
493 88
10 301
494 358
53 110
278 21
173 441
185 327
370 135
252 69
138 368
34 488
347 334
308 101
1 346
130 402
493 44
409 422
344 404
201 396
433 478
417 28
421 23
274 212
158 27
201 295
395 234
204 163
70 13
263 488
358 312
391 272
275 301
115 121
126 315
436 60
215 274
87 57
217 360
188 374
307 388
90 123
124 293
285 113
226 468
102 5
281 492
277 58
214 311
98 339
48 35
318 262
229 325
318 445
186 425
240 412
315 329
36 358
43 241
470 268
210 73
273 490
484 469
467 119
281 66
377 328
21 196
11 169
22 248
115 128
175 354
41 489
104 495
268 146
237 239
334 366
231 108
277 136
496 246
254 278
231 132
28 171
247 38
339 269
206 453
316 380
228 276
290 251
192 59
397 428
217 232
295 367
259 492
4 256
239 177
453 469
228 480
142 474
438 400
164 65
355 399
444 4
177 155
255 368
133 73
218 269
224 432
137 482
425 60
159 165
156 113
56 383
15 117
278 372
18 442
356 292
342 301
216 438
375 390
308 427
462 445
197 107
378 253
10 305
232 88
389 387
200 364
191 134
400 468
425 418
411 282
131 175
4 346
114 378
237 421
306 120
367 422
146 167
176 155
391 327
242 201
215 362
67 405
415 466
295 342
305 207
45 436
381 49
283 495
346 440
337 74
479 126
495 127
292 93
281 184
339 443
384 56
226 370
380 142
258 96
483 64
303 30
1 105
496 204
21 343
65 278
336 45
403 333
171 116
345 372
219 185
316 104
160 43
394 460
104 153
57 89
216 279
38 137
304 453
340 324
297 404
23 135
448 425
387 41
42 153
412 260
257 149
284 337
111 99
218 214
251 274
222 466
473 179
24 278
133 363
23 350
188 46
484 58
390 292
98 352
364 429
33 122
79 316
378 109
414 97
322 86
291 464
472 265
144 495
44 277
280 484
128 467
31 33
444 421
244 43
274 109
391 306
150 389
44 448
497 377
46 241
463 336
206 356
102 269
352 65
47 133
51 94
22 1
46 465
341 289
428 116
317 320
342 387
131 305
336 129
103 381
289 485
219 414
342 240
185 196
305 151
248 275
245 269
275 290
156 118
1 85
153 317
324 414
205 374
140 42
423 243
343 213
229 63
129 73
222 233
188 446
383 435
222 129
126 417
339 281
454 339
285 28
77 30
442 282
404 83
243 328
325 87
42 474
149 90
466 291
322 155
238 127
11 460
175 136
298 15
336 253
273 42
200 350
72 143
53 395
146 295
224 390
382 185
365 450
195 332
242 436
406 480
64 417
361 159
472 80
173 230
252 366
271 451
217 262
16 269
158 161
483 301
470 366
486 337
318 102
90 61
39 416
460 23
254 242
181 147
321 273
376 74
60 69
27 276
330 42
464 408
122 449
210 93
236 117
349 55
218 359
36 177
276 415
119 31
159 219
177 479
491 473
55 53
43 81
248 292
42 134
201 163
4 411
255 159
447 26
214 87
384 169
183 81
85 301
31 243
21 127
224 431
101 278
403 63
278 73
355 239
126 57
401 49
387 77
207 336
102 420
422 405
10 26
485 95
326 17
337 266
144 480
118 164
179 441
227 456
15 83
