528 2084
415 516
348 140
191 416
421 386
30 210
161 477
475 61
143 18
408 262
467 93
273 68
22 254
466 248
281 382
42 409
105 521
396 516
132 122
404 88
44 497
297 268
445 307
328 124
388 271
385 326
363 129
393 385
446 395
168 199
248 274
143 417
266 10
404 461
196 343
20 239
311 380
506 292
158 305
415 17
48 271
406 474
463 270
330 381
200 34
115 512
307 257
464 44
330 339
40 525
154 59
235 528
438 276
291 131
53 177
211 164
447 88
109 382
421 503
298 157
8 476
140 314
204 75
421 69
477 460
66 166
518 364
166 491
112 456
93 228
169 367
391 87
518 499
4 410
9 365
38 16
312 241
329 51
379 285
120 328
216 249
493 269
148 194
231 323
186 387
22 354
289 476
504 278
511 44
224 519
408 325
7 256
38 399
370 416
156 25
279 435
337 308
176 485
501 470
279 158
393 365
47 153
376 23
431 358
66 126
349 9
450 419
328 23
353 170
439 44
194 189
479 3
32 190
23 5
131 365
226 523
265 273
148 113
295 114
470 424
303 354
496 224
308 296
311 197
1 221
240 258
473 254
324 505
443 346
45 110
247 270
104 511
14 315
95 372
492 37
331 266
454 363
26 234
130 336
430 194
92 205
451 100
459 247
140 437
128 184
18 374
518 186
421 3
36 515
439 528
87 305
329 13
139 354
310 332
225 275
525 316
479 448
416 473
230 27
382 421
275 399
331 264
120 223
330 156
209 240
155 360
81 19
436 219
373 217
23 69
27 19
449 41
2 400
514 295
490 367
188 236
301 54
499 485
276 301
112 20
76 330
379 156
348 286
439 256
38 461
389 64
15 309
105 17
180 154
375 141
56 98
441 420
151 411
376 490
247 487
510 387
352 424
78 172
246 516
427 347
448 287
475 527
131 115
15 374
268 389
515 323
23 427
214 173
373 62
135 92
84 180
14 436
139 91
143 448
143 105
267 126
456 213
124 58
327 202
432 130
127 482
452 149
380 201
321 288
326 519
443 474
170 456
445 309
83 59
292 225
163 30
350 90
306 10
212 168
211 115
297 337
68 284
485 511
21 278
270 346
268 185
291 502
176 271
346 322
329 109
18 492
203 432
117 44
441 328
212 187
506 44
524 109
392 16
91 412
357 425
293 161
145 120
134 384
390 15
178 191
187 195
218 389
162 334
497 138
198 180
325 175
287 384
348 150
463 438
97 292
398 390
452 14
509 121
398 370
135 47
96 321
305 313
246 3
183 214
140 444
457 528
154 279
447 501
429 382
475 61
209 344
450 132
422 494
252 291
336 450
401 495
306 241
344 23
307 526
300 447
505 228
510 130
507 493
167 471
410 113
3 90
456 517
221 349
482 8
175 353
457 111
320 234
416 199
321 194
196 92
176 236
384 158
365 426
186 67
432 67
179 434
156 171
486 440
55 440
447 230
328 439
404 183
208 291
381 528
21 112
156 196
347 75
417 248
500 74
314 403
204 29
372 359
199 330
270 253
305 252
18 168
162 422
415 434
248 267
497 268
443 124
528 325
262 416
44 233
26 422
171 229
514 79
124 184
472 457
500 312
181 518
479 406
475 365
311 258
168 280
62 82
467 61
406 201
12 514
497 37
471 204
330 456
282 453
175 225
381 146
72 97
199 22
503 209
451 285
3 90
100 64
235 103
188 176
367 199
161 399
300 167
74 101
94 419
89 332
179 469
14 250
38 212
272 76
485 258
360 487
347 524
86 117
98 273
292 464
7 453
334 306
155 472
470 313
362 30
116 77
499 129
326 72
405 133
147 361
390 42
383 272
101 468
388 198
276 152
197 282
140 67
60 358
10 65
142 435
95 258
47 129
450 373
264 390
41 410
286 495
515 140
302 88
143 226
349 418
377 18
172 52
148 295
409 157
359 87
127 517
408 238
117 329
146 380
255 186
325 12
216 312
216 518
399 358
279 219
312 127
300 19
242 447
313 186
139 207
272 330
196 151
39 312
16 184
228 270
369 24
281 121
335 32
174 269
390 452
488 237
114 323
255 355
242 39
76 380
309 348
245 504
498 283
352 49
466 51
318 371
74 135
491 409
166 200
213 91
123 236
327 236
31 117
126 272
219 201
187 528
84 432
503 118
250 326
166 188
376 20
30 514
154 56
458 383
255 142
474 441
378 336
212 472
453 337
215 143
73 465
206 157
432 181
338 154
42 39
405 482
58 498
467 211
89 396
66 343
73 75
319 450
474 2
393 398
338 143
77 474
144 346
166 111
526 503
328 104
14 204
57 135
237 59
346 325
518 475
203 62
85 521
48 30
522 504
492 395
119 104
341 326
449 42
500 511
81 300
86 158
39 206
292 276
264 109
72 253
119 275
314 203
267 425
297 325
401 260
191 55
363 67
380 347
109 351
329 189
186 414
346 225
155 109
500 418
282 107
206 464
381 56
203 184
480 499
508 352
230 234
470 128
301 321
474 473
208 275
133 393
224 14
153 379
186 188
332 3
295 10
467 211
129 205
458 80
175 437
496 468
207 437
67 507
294 12
515 37
350 183
493 46
196 118
488 445
305 291
512 135
364 514
346 492
190 275
108 364
248 75
303 454
511 433
496 340
508 482
376 330
136 341
439 395
458 462
311 298
224 358
433 124
343 314
151 4
60 258
431 371
332 269
296 379
173 327
190 153
280 38
482 479
442 456
345 371
389 192
204 148
21 108
271 364
421 422
431 17
151 334
387 19
74 219
461 247
81 122
463 425
223 416
375 200
407 192
42 267
447 310
414 467
417 221
366 374
114 333
454 328
202 376
410 275
130 342
57 211
528 519
107 286
470 481
486 348
208 63
150 126
372 36
129 325
256 30
234 433
362 159
296 35
6 178
374 136
519 494
410 54
21 516
340 26
468 361
374 212
487 523
337 331
94 1
191 349
31 424
317 456
118 85
491 187
262 400
386 316
365 267
434 385
318 309
411 258
141 320
5 99
378 405
493 8
406 219
356 500
178 209
427 295
293 453
18 90
388 467
469 225
206 374
145 523
154 91
316 358
410 320
521 324
261 485
331 138
176 222
173 417
430 135
184 258
124 265
411 511
203 352
207 472
197 416
3 415
506 382
244 452
238 236
247 498
257 113
107 496
334 343
384 300
477 103
93 72
367 504
55 106
327 325
49 59
212 51
473 254
433 253
177 142
24 487
175 280
71 281
247 468
159 167
239 107
269 332
179 172
371 297
277 169
93 389
227 369
504 236
94 472
488 270
149 511
228 323
327 362
139 45
301 297
275 76
403 80
471 117
251 313
413 63
481 42
515 243
410 490
478 39
497 437
308 117
484 71
439 282
496 49
390 268
409 137
407 284
216 349
464 2
197 413
128 149
518 114
456 463
140 405
501 108
378 344
225 333
478 199
150 445
312 11
248 192
211 127
11 490
11 475
27 208
359 154
420 412
332 347
346 7
224 318
114 137
133 402
5 146
137 154
62 448
228 309
111 439
499 122
400 510
68 427
253 490
116 144
437 447
491 254
517 250
43 103
386 239
40 454
384 176
79 509
95 306
289 270
280 324
391 152
305 522
114 29
19 229
172 455
212 198
180 200
511 286
366 368
60 470
357 443
117 435
423 276
277 247
17 28
42 407
243 410
464 356
502 482
121 210
472 396
407 123
131 390
472 33
293 3
502 122
509 90
92 467
365 432
185 445
460 291
323 238
236 322
130 210
275 250
419 218
181 361
404 375
286 411
407 115
413 380
300 457
6 391
395 434
359 116
351 290
406 209
63 113
3 192
386 341
505 276
95 157
173 498
68 522
445 474
108 393
390 407
322 395
334 188
364 164
367 186
517 308
459 51
421 461
307 342
273 283
154 367
504 326
401 43
319 317
516 491
245 377
369 38
307 238
290 143
401 128
392 453
436 322
40 392
254 346
205 63
100 358
493 75
219 429
181 74
281 233
36 526
81 468
35 452
178 388
66 114
52 521
103 23
315 142
414 104
487 154
166 122
48 195
261 330
95 441
467 376
145 502
373 290
506 471
277 219
331 406
396 382
398 498
468 184
175 417
288 197
42 517
383 153
183 115
19 278
91 485
125 300
523 33
125 500
503 401
190 305
278 121
222 147
155 161
395 329
113 218
526 219
206 444
371 389
30 453
202 184
410 390
483 404
422 143
439 396
15 164
237 356
284 458
503 438
155 433
303 267
122 300
485 327
279 392
251 308
316 516
27 261
377 510
136 270
124 46
138 203
209 374
30 493
367 68
466 57
500 240
388 157
75 344
20 353
271 270
196 123
322 223
383 170
268 519
440 391
100 113
129 373
22 223
401 388
290 338
509 326
50 368
482 188
183 37
13 518
307 272
112 164
494 30
333 233
20 308
160 184
420 288
28 441
510 428
365 336
237 345
197 350
248 150
74 494
187 150
483 29
421 130
192 387
160 60
155 243
368 314
426 323
138 517
300 183
416 136
54 189
16 250
74 263
464 147
228 186
360 247
214 253
376 469
175 7
528 329
314 431
179 211
226 380
200 525
98 151
196 152
339 275
465 477
73 400
95 364
57 455
82 334
243 522
274 417
64 338
281 377
304 523
60 1
438 323
61 72
473 256
223 348
66 159
296 138
95 454
502 151
380 119
485 158
112 294
110 176
167 391
24 471
449 147
7 423
469 68
494 478
387 188
297 453
410 128
62 40
53 99
191 497
218 211
126 329
504 236
504 207
162 528
149 146
210 155
40 151
286 5
164 145
256 460
69 202
123 194
241 175
293 431
207 46
113 397
374 153
168 414
359 329
477 43
474 158
261 50
372 19
54 7
163 310
2 295
511 124
24 223
363 380
190 105
425 302
501 335
518 140
220 412
4 232
454 14
453 187
63 297
269 116
303 495
489 369
261 471
492 284
230 390
136 419
495 96
192 3
430 246
207 185
129 274
416 55
287 341
305 413
109 45
1 475
11 25
315 335
496 343
154 197
268 289
87 298
385 342
301 350
59 507
7 252
316 422
306 75
298 146
487 406
254 23
417 264
48 203
134 79
81 287
339 349
48 425
118 496
302 482
317 425
524 387
148 312
281 517
386 50
134 408
520 387
431 408
186 14
146 319
156 291
77 494
111 188
454 292
219 227
246 8
187 241
458 334
24 210
322 473
324 455
353 315
377 319
258 34
332 467
352 487
229 429
516 403
152 441
167 371
203 412
442 390
124 371
195 212
117 517
156 440
507 508
290 356
362 83
389 165
21 277
187 314
241 238
188 392
150 354
298 353
301 211
214 489
118 408
172 234
460 391
145 503
371 498
330 204
52 254
433 72
66 155
385 306
393 109
234 78
462 3
430 299
278 179
259 395
59 494
164 54
356 372
28 262
341 421
2 392
211 498
463 276
188 384
118 116
492 415
194 489
481 95
259 230
274 53
160 396
18 387
513 374
230 77
171 42
497 172
433 243
205 432
519 393
287 172
508 314
58 173
274 74
332 5
304 141
57 527
72 139
386 56
48 87
132 218
193 165
454 97
407 130
528 461
522 350
168 502
135 289
210 409
363 13
477 202
217 69
200 288
207 121
344 254
272 11
8 464
239 461
96 118
126 96
114 120
509 282
157 116
42 430
524 468
507 8
141 195
76 405
483 347
61 362
136 332
436 143
331 147
139 491
328 265
122 441
384 102
258 76
217 364
505 276
303 19
283 444
214 423
320 168
241 444
65 376
248 500
519 114
118 129
76 509
457 197
422 376
299 215
451 51
50 492
327 417
510 145
332 195
39 187
426 343
102 26
191 413
526 245
63 179
437 138
160 366
399 117
213 233
331 200
283 381
163 145
269 208
290 136
467 392
386 428
207 487
454 397
436 451
177 498
101 85
171 324
514 41
440 199
273 243
462 28
159 96
172 491
367 525
98 305
389 483
205 67
505 194
527 476
116 239
445 280
387 88
76 373
192 51
107 465
293 40
28 515
199 263
477 37
260 46
406 184
64 146
250 105
339 312
52 518
22 497
269 408
120 408
316 311
523 422
311 287
461 338
274 195
73 286
232 396
332 173
51 459
318 364
35 128
147 87
181 232
119 449
175 302
393 491
148 387
448 459
209 381
332 18
111 404
304 342
271 171
514 321
101 367
156 200
30 366
350 210
133 4
195 308
305 59
334 516
509 253
446 189
169 250
271 280
189 46
157 524
280 143
380 45
72 115
75 437
464 284
42 467
14 413
243 72
218 231
116 470
212 369
111 525
111 454
186 156
82 245
499 288
96 350
333 167
465 407
76 464
226 181
403 240
65 181
375 282
475 27
287 159
395 461
219 505
386 468
196 468
184 166
227 280
51 31
446 51
501 57
515 263
301 389
38 365
105 476
182 52
502 5
274 368
465 492
408 323
496 75
326 151
240 88
430 355
119 412
405 155
4 391
481 305
315 54
205 484
2 387
7 39
391 344
471 391
371 350
249 338
425 46
489 200
134 454
26 316
401 431
6 405
357 23
245 208
76 449
163 141
371 233
180 297
48 122
160 418
471 408
292 431
518 252
103 187
241 192
502 114
158 43
54 515
65 362
258 141
282 420
345 125
188 524
421 235
181 116
188 60
479 90
49 266
256 235
507 448
272 156
77 314
273 127
443 106
384 119
387 339
463 47
526 459
4 296
111 119
484 298
178 498
452 290
236 179
60 278
162 331
433 303
181 177
429 95
282 349
213 204
223 147
315 285
77 318
52 252
500 71
85 214
41 72
503 340
251 35
89 476
429 521
250 81
233 215
175 50
99 387
317 385
70 103
141 210
484 257
525 456
391 82
205 495
153 179
306 467
277 458
479 242
514 264
322 218
478 33
331 112
483 120
497 24
286 173
234 242
429 230
233 356
375 437
322 64
151 164
66 492
93 16
205 79
280 526
360 293
30 227
405 513
410 437
72 167
81 369
472 46
71 240
401 509
148 258
44 363
421 110
326 50
189 2
128 4
63 23
297 157
249 237
205 130
145 276
361 289
117 304
398 251
80 270
231 291
64 339
125 20
512 450
69 172
515 260
176 114
283 8
270 67
244 474
197 452
285 93
276 465
460 146
187 11
479 482
302 14
356 426
34 339
412 166
46 462
426 221
47 244
292 316
310 71
325 42
58 146
134 334
82 130
15 333
140 493
286 505
43 177
467 140
515 350
305 32
347 266
317 394
509 144
245 355
215 106
396 272
251 66
141 396
195 155
200 398
184 21
375 290
197 313
429 247
198 269
279 16
71 131
473 51
274 254
405 24
423 337
360 145
466 500
12 132
127 212
65 374
296 503
135 493
287 35
211 20
367 25
100 437
219 108
24 29
361 492
52 255
300 411
463 237
447 11
432 45
286 497
482 53
471 88
81 294
186 292
377 24
380 12
525 135
120 20
163 16
511 214
335 347
161 269
119 79
279 23
187 100
55 140
153 61
291 233
418 476
60 267
35 504
342 31
110 461
114 272
13 161
21 347
507 245
151 161
323 494
183 45
65 301
248 217
362 10
514 315
485 109
117 56
84 459
86 193
455 264
528 467
424 21
285 466
265 436
98 124
401 345
168 465
117 416
218 14
489 203
393 510
311 509
37 459
503 186
123 430
449 187
368 408
207 125
345 7
96 507
194 496
387 362
496 503
313 249
53 337
451 509
318 298
489 354
228 464
12 414
429 524
72 268
468 342
456 284
413 23
326 78
54 184
503 86
223 287
334 339
160 321
319 477
90 343
367 381
342 442
330 242
437 466
510 376
343 437
196 227
524 57
305 49
241 343
134 527
102 468
401 325
260 191
273 413
69 111
329 411
24 194
188 525
131 169
436 10
142 103
236 201
224 76
249 528
419 447
526 56
450 398
380 245
124 188
193 192
299 521
138 322
250 326
382 381
30 290
454 235
456 161
435 151
301 220
150 255
138 147
310 123
80 225
367 203
412 31
459 246
87 68
104 336
393 485
252 423
246 177
129 174
402 100
324 238
319 474
492 520
156 337
114 236
33 480
502 508
46 432
226 196
500 329
67 428
285 319
386 67
31 515
304 496
150 99
205 468
108 168
459 264
40 44
35 136
59 8
116 168
440 405
363 475
205 493
374 25
347 232
155 378
282 458
409 431
29 86
370 200
317 364
527 357
407 33
492 1
105 143
168 80
19 66
26 287
30 463
376 377
230 2
290 511
460 234
477 24
319 318
287 172
217 286
64 95
382 91
159 486
298 390
101 316
455 190
139 21
125 514
461 354
515 286
401 510
519 349
69 374
203 356
81 419
177 208
50 30
298 272
52 67
134 152
447 124
406 57
144 66
106 140
483 156
425 355
138 480
240 270
325 442
97 469
396 273
148 509
367 509
253 418
48 386
105 30
509 510
150 189
47 255
328 66
474 289
420 147
240 131
417 100
108 49
40 386
251 20
224 231
272 113
342 193
281 371
238 327
56 426
437 310
289 502
320 49
394 466
352 60
354 451
232 403
26 271
260 276
354 19
43 98
195 384
354 475
227 63
273 346
24 182
128 313
155 511
425 84
448 249
208 274
171 439
212 261
181 7
72 6
25 114
167 219
498 57
229 260
183 502
77 207
219 268
55 437
250 479
521 170
263 200
507 498
110 254
230 354
260 301
423 348
479 126
102 448
182 330
243 364
367 319
106 57
59 224
30 372
175 86
13 501
285 55
470 458
308 171
347 103
8 241
450 486
430 23
469 83
417 183
511 255
501 152
376 95
376 405
467 86
490 15
58 310
134 528
303 441
234 121
80 241
425 1
198 391
88 202
473 504
384 519
230 357
143 141
515 518
81 453
75 42
4 196
415 137
195 189
113 429
373 192
205 334
193 467
196 344
140 204
319 524
195 84
416 401
225 402
390 305
391 528
411 458
259 297
66 454
22 178
418 458
434 94
263 162
32 522
505 172
198 359
231 456
442 118
328 202
55 253
507 509
316 453
438 46
221 503
35 306
217 452
236 122
18 34
347 113
92 323
348 289
153 50
280 130
231 143
332 350
395 310
330 246
234 240
291 518
278 326
360 30
249 131
215 330
164 33
443 319
355 262
143 43
376 422
173 78
36 504
427 494
349 293
211 118
4 38
171 345
427 2
375 211
196 61
13 424
94 519
214 512
316 357
91 163
250 327
305 350
366 267
379 186
31 62
367 34
163 9
443 61
75 289
271 270
349 347
165 506
337 379
26 189
207 116
415 520
506 191
341 343
522 192
64 24
317 430
122 15
502 36
139 48
324 409
382 208
292 82
250 164
460 275
352 202
454 239
258 431
493 70
309 486
325 372
46 177
273 167
255 310
266 393
422 125
338 275
332 101
420 117
264 352
391 88
89 380
390 346
346 418
480 126
376 340
497 485
53 305
123 307
151 452
236 44
48 45
382 443
145 273
32 472
160 486
95 249
338 484
130 155
374 145
345 285
485 377
