353 1809
331 206
258 208
124 172
226 142
329 192
35 38
332 126
232 132
297 244
165 269
340 299
287 71
9 137
290 274
10 161
310 311
13 185
136 107
4 8
219 332
170 224
17 148
350 219
250 293
109 61
179 66
7 112
107 339
220 43
259 200
203 186
128 186
17 263
292 344
241 128
294 28
352 281
146 348
146 43
258 254
74 83
291 51
165 44
36 31
87 265
201 260
68 328
93 85
208 2
46 66
101 339
93 99
266 239
64 58
281 321
283 1
50 191
52 185
234 58
216 291
294 34
169 8
9 232
63 187
204 109
253 304
65 345
49 331
230 112
6 128
50 259
100 70
96 122
255 301
179 88
238 119
121 53
98 100
255 160
287 106
268 186
56 333
148 105
281 349
187 257
123 208
163 193
277 229
314 149
176 111
236 32
200 328
55 297
45 310
104 331
62 342
134 117
292 253
192 219
248 350
123 341
175 256
181 98
131 141
218 307
251 100
338 69
45 10
12 90
319 115
38 27
75 172
115 13
71 277
203 318
273 296
276 94
198 103
163 299
215 27
223 83
97 178
151 113
188 163
202 153
248 239
180 322
28 265
335 98
188 155
33 79
97 309
143 294
29 305
210 243
302 80
326 17
257 94
129 91
256 330
215 151
186 12
90 214
276 42
282 81
196 315
159 263
241 302
174 269
224 31
130 144
110 73
131 337
166 259
46 69
206 260
190 38
271 250
251 193
292 180
273 105
112 50
15 323
322 188
209 192
218 338
306 298
57 83
253 223
341 298
262 164
204 69
202 121
318 70
284 227
220 174
303 302
223 317
271 191
122 127
1 311
82 277
226 139
7 125
332 318
69 211
100 272
279 301
10 214
341 293
59 179
85 8
98 307
324 16
116 63
113 87
20 194
10 217
303 340
341 252
276 57
80 22
299 5
293 309
190 280
219 248
76 303
255 174
228 196
160 314
229 243
47 220
83 27
83 4
14 70
226 289
126 306
310 43
281 249
351 117
146 187
335 222
137 207
13 11
20 143
324 249
32 341
115 85
14 197
88 27
266 285
286 10
237 242
52 135
108 20
223 254
206 204
93 342
29 76
323 48
218 264
296 249
251 57
333 265
224 39
262 137
323 166
117 177
25 139
311 133
158 151
4 10
326 96
323 1
142 292
19 6
203 315
254 71
342 204
306 213
242 186
320 211
351 54
5 22
192 287
154 349
84 157
5 27
223 298
27 11
237 46
340 57
331 211
127 319
62 51
149 303
236 86
132 233
110 107
254 301
40 26
267 95
153 243
121 23
187 119
4 70
164 344
97 112
201 195
48 233
245 168
154 127
253 285
6 10
38 230
281 49
255 195
143 55
84 234
48 270
352 51
311 133
12 54
244 184
248 292
34 139
106 187
265 329
118 241
309 127
118 237
146 19
49 288
44 132
139 91
19 138
113 329
270 124
30 132
278 248
70 312
5 146
145 240
92 234
128 48
331 245
255 123
234 303
28 278
52 166
15 70
303 127
17 191
222 17
322 117
264 38
46 268
154 162
155 245
42 253
263 19
115 135
112 348
84 139
243 106
304 229
176 225
326 163
62 194
179 30
282 89
38 327
328 191
135 100
53 147
352 316
136 113
97 247
78 152
32 321
228 336
196 21
178 168
183 239
333 8
268 232
97 276
176 42
113 311
141 136
75 110
98 211
222 166
104 270
288 136
237 162
89 50
183 266
189 336
122 168
344 7
46 58
282 221
99 41
149 210
176 195
319 245
52 158
28 155
74 286
261 282
94 320
331 247
203 166
230 324
304 220
330 320
248 258
159 346
269 278
173 63
119 138
278 170
266 305
296 310
237 203
238 301
141 187
166 343
323 13
314 274
232 290
211 97
166 16
60 81
265 232
114 30
340 38
171 252
313 113
208 167
286 64
115 73
250 251
63 190
263 347
81 112
254 292
208 66
278 267
118 160
145 202
190 131
240 331
353 199
61 178
13 346
241 98
37 108
348 70
298 228
63 25
339 316
287 193
353 183
77 88
342 221
289 149
322 146
126 292
316 186
116 299
179 4
14 186
82 8
255 350
235 288
22 191
221 279
30 191
108 106
278 68
297 185
216 236
301 342
174 263
174 260
179 323
234 192
126 316
170 27
312 51
285 304
212 153
230 241
343 308
317 239
22 260
41 209
113 341
197 286
222 341
193 47
282 73
239 25
6 55
23 318
77 307
239 259
106 115
147 67
41 81
276 33
312 316
241 71
274 55
328 113
14 138
160 266
181 16
290 187
41 312
122 88
266 7
347 342
93 111
26 133
162 301
136 120
234 348
162 155
49 136
267 33
244 44
298 71
30 235
228 42
193 349
100 76
327 64
65 66
145 61
169 307
9 275
73 242
269 234
14 289
340 252
321 230
266 301
267 118
146 308
281 113
25 4
86 89
39 122
233 70
261 186
78 182
230 291
69 81
275 4
68 173
324 297
57 207
215 323
295 8
248 223
120 272
197 176
331 206
297 211
275 175
14 324
327 214
261 42
295 153
16 9
297 311
305 353
164 138
293 77
145 187
299 264
76 113
86 54
289 353
235 210
174 219
151 118
80 29
160 21
182 175
353 125
132 304
95 267
88 34
343 203
191 259
84 266
342 140
290 277
139 142
104 283
332 255
48 58
283 178
49 82
323 48
206 73
322 300
339 28
304 299
230 141
175 314
25 163
100 285
57 210
74 160
110 52
32 128
80 315
305 128
43 246
146 220
318 114
137 303
112 88
219 342
199 40
273 223
173 343
155 229
170 199
6 280
221 38
25 300
352 301
45 12
193 190
202 157
274 339
77 33
73 295
345 242
305 235
112 124
224 237
323 12
53 328
291 273
12 286
190 334
233 234
317 72
41 165
199 285
121 275
288 164
187 250
53 138
131 135
232 326
18 172
337 70
147 245
313 129
177 149
81 57
353 15
99 11
150 298
295 271
219 201
81 24
97 133
132 228
238 11
171 255
153 154
295 299
45 254
46 192
20 97
248 19
111 347
29 260
262 295
148 127
142 229
150 238
332 282
83 217
263 253
89 62
24 31
332 39
255 348
231 246
62 96
264 172
60 264
49 321
205 197
66 346
43 186
201 345
85 255
208 318
154 268
351 149
269 329
187 170
294 35
33 2
131 297
144 161
207 163
129 58
6 194
21 19
350 192
11 82
93 189
46 218
103 43
13 18
342 170
159 253
205 191
254 306
105 15
113 282
178 241
310 154
52 330
173 49
169 154
101 261
342 117
125 63
160 108
80 119
278 209
19 129
18 243
81 122
229 164
51 53
52 7
177 74
308 320
93 94
120 193
325 80
310 97
142 87
175 192
176 99
48 165
198 36
26 249
157 254
60 178
277 82
156 100
126 110
67 219
203 157
58 174
236 338
241 24
42 63
216 218
132 234
29 301
269 54
167 43
278 197
192 201
278 347
301 51
103 338
240 276
141 297
96 24
253 308
18 265
341 204
129 90
84 129
8 323
153 175
337 49
18 175
249 267
168 167
288 241
151 174
163 292
88 229
286 340
183 303
252 141
154 351
231 208
97 238
149 221
30 132
269 48
306 164
314 120
331 248
7 99
39 169
8 126
15 293
113 198
214 335
309 338
303 186
163 47
42 311
267 71
89 182
89 41
316 20
131 264
267 137
10 305
276 17
49 291
281 161
106 141
113 32
96 62
218 258
79 230
216 316
271 275
115 7
316 78
26 64
341 264
172 321
186 94
338 234
2 236
12 78
23 124
110 89
157 298
346 206
145 179
169 62
72 283
39 34
331 65
68 290
299 239
257 131
304 212
12 305
94 347
1 87
89 81
175 216
349 139
68 140
288 236
172 6
137 211
10 114
275 78
50 220
316 278
321 266
136 303
189 230
297 160
316 32
240 109
247 206
218 314
345 152
168 163
129 304
344 138
35 236
186 85
102 149
9 41
32 115
343 191
344 286
321 278
288 178
4 152
30 221
84 345
343 251
155 118
172 116
256 206
352 59
261 100
207 240
111 210
2 101
18 316
4 339
211 292
163 214
61 164
52 144
155 42
12 280
130 154
43 3
331 41
62 238
111 239
96 222
95 68
322 84
30 296
40 241
234 202
72 266
336 95
27 138
136 39
64 265
163 106
268 140
146 300
349 257
185 91
125 251
158 64
334 187
6 20
45 211
192 88
123 175
182 120
312 288
158 346
170 292
99 55
78 215
1 73
118 186
163 213
54 291
247 34
125 224
24 140
81 186
198 174
7 350
293 289
284 69
282 72
7 351
126 55
212 98
128 301
254 261
131 307
199 25
311 294
248 334
51 299
166 249
90 144
216 353
50 118
39 302
189 16
299 285
71 158
29 169
76 282
76 206
235 245
230 192
185 95
143 207
11 280
73 100
41 288
71 90
52 109
39 240
125 308
172 166
83 171
334 158
100 27
11 305
272 211
144 74
306 257
280 287
183 323
34 194
258 75
284 280
183 293
138 278
247 280
90 330
97 41
105 196
39 115
148 310
326 262
1 249
136 252
182 319
221 215
130 96
260 60
23 90
323 160
338 188
57 46
135 153
86 239
320 124
1 85
51 326
346 23
221 99
274 20
35 112
206 165
208 112
224 201
201 165
331 186
352 34
231 133
186 287
18 123
29 18
207 79
314 170
72 152
269 345
172 303
75 348
114 253
106 309
100 278
120 77
81 118
81 282
221 237
215 238
7 214
227 213
293 158
30 335
281 298
298 70
247 19
64 332
271 169
287 17
93 53
64 173
141 115
101 8
351 287
216 4
147 60
217 57
218 217
39 116
161 336
185 25
1 248
3 242
63 289
229 156
312 292
299 70
53 47
48 21
304 264
25 97
294 212
154 158
75 192
244 235
145 75
230 116
322 204
4 32
139 232
158 69
141 74
138 193
91 186
184 41
67 208
138 7
66 262
136 140
71 26
345 215
101 193
330 40
43 333
71 152
211 199
191 351
273 329
161 10
132 344
22 169
170 159
175 206
38 281
317 108
278 279
293 25
118 269
64 131
219 106
283 47
275 120
15 194
66 146
175 168
136 196
336 276
325 129
129 333
56 92
87 333
17 26
328 106
265 10
236 130
86 136
147 7
227 161
172 292
306 317
107 59
130 60
335 72
188 81
51 244
143 137
194 130
133 140
235 15
120 89
144 205
224 261
182 97
68 324
7 20
287 84
49 34
143 1
105 331
81 126
221 223
233 32
353 336
171 205
350 290
293 111
112 135
18 294
231 85
235 208
75 140
291 124
173 81
124 249
58 176
345 249
45 225
280 15
207 69
191 204
329 130
314 88
235 332
352 113
34 233
291 80
343 229
174 134
309 268
29 337
90 20
232 106
215 129
91 69
168 281
243 144
29 174
202 263
123 200
346 128
50 284
207 11
130 27
144 85
294 143
39 2
133 241
107 348
340 168
34 155
96 247
269 124
67 117
4 190
287 350
317 307
280 141
317 56
138 107
111 78
220 120
50 353
7 127
347 346
295 351
118 8
244 33
131 310
120 134
117 24
101 51
331 27
162 265
53 299
343 134
348 209
253 44
208 230
171 172
194 83
169 311
90 59
315 191
340 52
295 74
76 43
96 53
40 257
288 93
203 277
197 133
97 240
311 326
28 130
166 110
269 95
170 328
56 7
285 107
302 329
182 315
71 205
1 328
140 64
177 34
261 344
137 4
230 95
300 229
195 84
309 110
178 126
55 204
103 310
281 22
286 81
336 3
285 308
330 42
18 124
47 249
114 183
223 315
248 141
161 89
224 116
170 48
212 224
222 286
181 149
307 84
229 261
86 132
186 34
144 174
157 190
41 242
20 263
203 238
50 334
327 273
96 143
291 279
337 159
211 135
279 135
218 125
13 275
256 169
308 18
343 82
207 30
294 197
263 114
82 313
94 26
203 161
168 112
86 122
241 267
257 166
19 121
262 32
42 135
171 320
152 160
20 330
160 313
144 70
74 196
353 167
221 173
327 6
284 30
128 143
296 2
279 286
93 187
317 106
322 105
72 120
236 62
67 42
22 211
82 66
53 52
203 245
196 177
221 97
177 319
239 91
320 165
23 60
322 310
165 290
61 207
28 296
269 65
309 261
275 37
326 299
60 175
190 255
322 28
351 146
347 208
207 313
19 229
343 311
185 154
219 216
332 246
159 218
281 114
125 203
121 68
148 180
242 308
52 182
335 50
298 328
257 151
259 246
26 248
174 181
20 39
43 322
255 201
186 183
285 310
32 53
348 150
203 236
75 255
64 27
304 8
326 178
129 231
41 154
96 214
305 115
253 319
83 154
137 239
307 69
166 309
92 160
105 294
43 150
195 77
177 116
56 120
264 184
350 304
309 63
165 231
178 35
196 231
159 333
117 113
19 282
68 110
89 144
50 102
264 216
149 87
331 204
206 213
6 173
163 285
236 298
162 31
303 5
232 109
308 348
192 326
248 230
82 307
344 131
55 255
317 174
312 266
25 136
125 1
308 287
285 161
203 93
191 152
68 70
231 22
35 40
347 253
270 75
206 260
177 231
161 140
52 120
52 47
255 147
47 180
81 302
312 254
41 120
52 109
160 254
101 195
293 95
94 209
140 271
87 287
148 218
45 170
308 67
216 180
214 233
7 294
181 289
194 222
55 216
301 215
116 48
27 56
113 91
235 253
8 292
186 127
157 230
296 111
297 159
291 157
38 268
68 190
203 232
29 228
65 329
89 181
347 115
207 107
206 59
330 184
351 162
310 154
10 253
235 306
58 143
80 66
28 118
226 201
349 254
76 60
229 164
211 194
250 35
300 73
94 276
256 91
55 213
215 64
112 96
340 140
239 37
176 266
154 49
114 120
302 189
151 149
323 8
313 190
43 230
262 107
123 165
197 177
348 58
212 106
124 169
216 9
206 9
246 330
57 6
68 330
165 218
96 105
196 55
295 209
284 203
315 53
338 129
200 332
186 29
55 310
198 241
289 21
250 181
321 277
157 35
224 292
223 319
44 66
344 309
274 245
129 207
268 114
335 86
63 139
114 89
95 311
329 1
302 196
153 270
120 280
304 314
219 174
251 233
210 241
188 101
104 316
307 18
47 289
103 110
74 188
198 139
145 144
110 94
340 262
334 77
189 255
37 54
75 287
257 255
146 91
3 249
53 309
237 100
215 340
180 259
145 348
15 289
138 125
353 95
33 333
171 192
235 179
216 280
112 119
153 257
209 155
123 233
81 7
303 267
317 129
172 108
123 187
14 260
311 14
2 314
317 143
153 169
321 15
67 80
134 219
307 313
344 48
192 42
54 141
308 17
240 98
95 9
284 108
240 212
92 212
143 27
1 295
166 293
281 232
343 32
68 267
344 58
314 154
100 14
265 25
1 152
122 66
160 52
174 17
234 236
228 24
262 200
289 75
110 216
277 99
247 345
12 209
20 326
333 90
310 244
115 311
42 236
23 173
259 167
189 110
50 35
133 282
205 69
3 314
255 280
59 120
242 41
299 232
13 278
322 323
168 54
251 181
260 244
353 136
29 159
246 78
164 349
6 15
35 333
299 290
230 4
27 89
45 325
320 28
249 259
321 34
283 189
214 190
80 213
325 108
343 188
156 153
184 132
168 218
82 113
125 282
88 151
17 103
122 308
101 341
213 69
22 143
257 206
303 307
37 245
32 26
80 158
178 234
261 345
98 342
76 194
271 163
344 258
236 84
212 336
42 43
51 34
156 279
240 105
203 276
320 235
301 46
39 125
250 299
88 319
259 163
159 176
296 149
51 178
203 263
131 245
305 153
278 78
78 135
182 280
57 119
132 328
136 142
100 32
87 158
350 316
291 155
109 233
275 160
28 124
69 158
339 344
310 235
68 5
16 220
256 44
338 5
18 120
146 88
123 204
245 119
166 182
245 275
32 166
81 59
260 120
188 217
110 115
98 148
91 84
14 317
127 322
321 116
89 114
203 182
317 66
300 100
218 191
21 221
327 72
250 234
191 84
68 271
170 165
65 231
219 78
194 346
18 161
79 77
245 281
258 179
317 204
279 153
13 270
20 339
342 269
190 150
324 257
68 111
39 103
341 229
152 181
221 169
312 270
245 204
168 149
29 132
323 278
255 335
195 274
292 154
160 128
274 101
3 312
211 12
62 198
240 213
349 78
352 308
347 243
129 162
9 128
