598 3145
273 151
108 213
438 402
480 147
478 10
409 566
360 369
119 159
439 179
99 83
42 414
562 159
118 55
308 320
362 435
100 168
585 339
512 556
142 393
105 154
534 513
121 427
415 239
119 387
550 217
470 125
164 433
283 413
22 591
266 515
427 366
84 414
106 129
503 380
55 9
533 588
55 187
549 4
558 69
390 509
418 393
35 581
228 449
396 381
441 63
297 402
560 512
349 68
42 253
447 96
262 513
217 448
101 167
451 60
236 243
102 55
37 268
169 396
119 98
310 93
293 8
494 254
519 376
453 94
31 301
189 424
347 538
273 448
106 258
41 473
500 275
61 70
542 230
598 194
459 441
287 285
449 314
539 501
92 525
595 254
228 317
211 108
256 483
89 494
274 262
368 175
536 561
377 13
324 508
207 184
350 27
469 332
472 541
367 97
467 495
350 228
213 560
336 3
577 424
496 252
87 397
559 156
359 469
169 84
378 507
400 261
67 402
127 538
344 493
37 212
389 518
572 135
480 309
137 590
266 166
243 485
563 335
42 455
205 342
73 116
250 472
377 316
275 503
388 20
529 556
363 319
475 468
453 356
310 590
479 576
157 124
594 253
458 37
110 65
511 314
312 162
187 90
12 593
126 531
146 56
488 42
506 364
510 361
254 221
484 134
198 174
389 325
559 249
362 202
445 406
515 158
101 103
380 112
229 39
176 374
95 65
415 134
561 326
494 348
547 511
481 278
219 404
5 179
54 498
380 32
305 428
321 405
64 102
51 292
273 358
67 367
555 481
34 517
209 62
266 289
572 280
100 324
85 236
502 270
135 415
433 571
244 156
510 307
389 94
598 63
451 198
561 407
81 595
457 421
190 256
243 163
536 342
21 154
578 522
556 246
471 522
219 248
79 262
89 2
355 220
196 207
418 291
148 498
419 6
452 10
262 96
304 331
569 324
18 548
380 573
328 252
497 80
33 109
341 121
242 97
341 438
435 160
130 582
191 548
588 176
557 383
271 394
115 373
120 132
455 499
239 184
284 269
263 448
377 137
569 21
233 443
590 201
4 253
317 326
202 438
501 292
222 305
219 468
79 338
1 533
370 371
250 187
41 512
37 418
50 139
570 414
581 95
149 118
347 465
575 82
304 477
505 525
315 125
394 525
595 526
592 366
299 243
87 339
289 255
290 338
393 286
507 487
434 26
367 432
134 580
137 144
486 63
458 145
588 384
141 49
377 40
347 154
126 220
442 512
43 313
306 436
132 214
456 565
371 357
398 504
338 68
49 358
262 40
502 251
556 44
300 466
215 180
21 473
531 462
386 574
309 226
543 440
439 532
539 344
422 338
381 162
538 562
519 201
3 554
584 92
131 417
558 345
596 578
219 63
574 139
38 284
364 114
125 336
47 65
81 469
535 594
164 8
557 216
208 93
171 193
185 301
11 276
179 141
255 398
203 362
70 372
179 433
485 304
170 65
500 383
67 568
378 362
575 468
577 185
94 149
509 410
581 54
87 162
194 474
93 528
369 162
301 548
594 319
385 297
383 286
81 582
388 590
345 364
591 324
82 219
6 125
30 121
178 249
282 371
256 506
300 26
69 134
573 196
452 491
492 368
179 107
351 100
230 463
223 87
79 441
92 203
4 212
380 384
27 284
41 532
117 199
134 250
305 461
235 198
487 4
376 593
487 475
356 118
471 112
204 83
86 427
285 90
173 198
7 331
481 48
397 597
246 530
380 550
525 16
149 413
152 58
539 172
66 296
421 71
540 158
153 27
584 438
248 290
169 255
23 52
302 551
182 81
482 562
164 540
111 445
354 262
502 294
565 102
124 387
172 65
544 456
91 64
427 339
353 596
593 507
49 428
459 230
508 475
325 205
416 436
51 304
231 553
597 198
188 254
584 359
318 64
216 541
127 45
413 13
174 539
520 222
368 512
583 409
388 310
147 338
147 198
43 377
284 173
574 471
427 94
363 278
289 112
220 547
288 166
559 461
106 14
84 7
526 69
547 447
510 96
186 58
293 360
566 576
533 542
580 361
169 344
40 589
455 392
537 145
557 497
7 197
45 223
203 570
423 284
550 334
379 270
523 205
31 490
314 563
565 295
325 267
40 497
257 494
290 195
172 248
94 311
444 138
533 181
241 489
464 324
356 376
593 280
580 26
171 295
588 138
589 447
404 162
345 63
189 36
389 361
415 482
73 393
153 139
107 525
161 570
251 516
347 245
197 460
270 499
156 392
170 278
240 108
571 118
302 161
153 92
521 101
108 127
27 260
397 133
187 557
236 569
8 116
215 336
575 19
237 264
542 538
75 183
179 47
432 480
208 118
106 262
218 213
521 377
6 319
509 192
410 279
294 417
394 43
287 503
61 57
168 136
594 375
318 175
421 283
188 162
400 293
424 19
505 478
527 511
198 438
236 141
250 64
92 45
106 378
547 166
566 249
301 561
157 152
269 111
566 589
273 367
415 230
517 454
109 446
366 438
417 135
579 68
330 204
244 435
115 325
134 82
573 566
176 263
119 577
373 218
567 47
584 383
408 503
238 516
350 137
488 168
404 2
235 135
205 478
570 319
204 237
400 310
205 575
572 455
553 347
75 55
525 60
570 335
562 209
384 313
478 273
14 415
406 380
83 12
392 186
462 129
423 395
439 29
372 544
483 458
424 557
47 351
19 18
219 114
358 4
559 369
409 572
185 216
354 268
360 147
453 223
407 277
20 247
305 523
325 322
514 150
280 560
34 430
577 252
544 337
388 504
239 330
11 424
545 496
93 438
176 79
63 583
488 214
363 326
138 89
49 185
371 329
147 404
292 257
190 369
127 111
406 366
440 417
191 518
446 415
358 24
27 420
140 514
167 502
242 304
125 290
488 495
152 168
432 444
425 155
214 551
265 154
318 106
570 42
26 417
456 383
572 483
336 113
530 502
149 173
339 273
463 360
169 148
528 134
125 486
289 471
438 87
26 290
193 595
331 350
545 321
266 53
337 135
297 268
38 445
441 376
119 437
269 419
584 198
553 111
85 375
581 57
461 8
346 187
136 210
536 214
530 335
398 268
469 97
70 506
541 510
415 194
480 218
146 465
547 100
109 34
8 223
222 469
362 101
57 31
310 127
245 374
461 176
175 464
272 244
503 347
287 452
74 168
71 219
167 19
451 275
184 458
32 405
460 393
505 51
424 349
177 202
124 171
377 430
168 183
76 73
63 362
524 136
64 594
486 230
14 338
38 198
330 69
136 191
594 175
241 419
523 549
154 180
254 530
11 421
246 86
27 440
580 550
575 177
79 595
406 225
334 575
422 65
46 91
388 41
265 30
591 189
113 146
368 498
209 379
452 587
596 479
428 111
562 537
287 43
533 226
267 268
203 222
465 380
312 254
552 111
415 544
299 61
223 201
558 431
113 544
419 242
556 381
353 519
319 173
95 253
399 493
54 3
248 518
382 94
305 467
204 254
412 36
314 36
368 406
598 14
351 419
256 440
201 142
492 53
314 587
305 114
15 490
248 395
410 163
22 248
31 225
501 574
392 349
11 294
156 11
307 40
561 562
479 295
237 372
347 551
492 185
198 507
76 578
435 19
142 456
399 305
214 301
280 7
51 423
300 338
565 141
377 527
104 257
355 341
31 235
425 56
551 156
96 160
135 530
179 409
387 111
115 134
411 526
141 594
350 572
333 316
114 112
376 350
500 264
224 64
498 182
120 582
337 215
144 6
279 454
414 67
564 62
201 508
587 473
503 339
578 370
56 226
15 564
109 514
229 332
112 261
47 231
244 515
577 519
520 257
374 335
456 471
528 190
381 517
196 417
257 175
320 444
532 334
409 42
382 172
505 493
432 551
257 77
468 367
596 389
26 503
258 481
376 187
204 290
105 399
108 493
107 428
471 41
295 281
82 78
452 587
104 285
73 492
494 540
261 25
463 286
527 254
300 304
440 503
593 79
435 235
105 541
196 575
581 490
390 65
102 243
185 337
62 257
231 89
331 491
113 327
310 41
580 143
345 553
47 471
165 481
239 270
423 434
246 538
458 37
4 559
412 320
429 7
110 61
95 572
85 207
300 394
379 413
536 257
368 116
130 532
130 368
335 87
336 581
26 195
151 161
287 96
480 117
102 123
310 196
97 394
534 528
322 315
343 391
571 244
41 234
309 170
136 46
256 471
160 281
199 310
441 485
406 454
135 41
577 444
369 75
372 304
136 227
152 478
19 257
123 59
24 432
361 291
11 18
295 170
431 493
13 273
511 418
129 48
591 239
25 361
313 528
198 580
156 482
460 307
140 116
497 295
81 259
586 91
277 282
392 109
309 405
513 221
356 175
400 348
413 557
110 259
486 308
241 176
323 102
16 462
349 512
290 562
173 277
186 581
93 578
223 401
384 137
23 141
312 555
489 258
513 132
517 532
571 159
241 295
392 256
290 142
302 580
105 8
390 291
122 16
402 344
416 187
14 571
459 457
527 481
117 573
15 35
40 585
325 281
414 118
70 237
391 503
350 30
510 142
452 165
289 255
42 107
573 56
211 433
46 271
316 294
245 330
460 416
448 186
98 395
303 300
34 228
336 383
257 248
58 110
544 347
496 586
453 470
43 197
304 220
467 153
514 113
16 375
528 464
561 160
392 397
591 425
158 328
210 414
109 399
57 55
147 86
42 133
555 216
329 393
567 197
545 482
441 561
391 503
558 485
196 351
415 188
310 573
515 53
520 158
451 111
212 598
196 385
264 285
134 593
211 102
323 289
584 298
383 508
202 342
394 397
227 210
118 70
184 34
122 238
323 572
348 68
105 77
452 501
361 585
29 571
221 351
262 338
182 46
247 383
520 42
313 280
383 430
349 567
596 470
338 320
575 87
388 214
163 373
116 58
492 144
30 114
494 423
451 78
3 231
592 522
272 307
203 56
270 85
156 267
554 27
121 64
113 508
277 408
282 392
465 307
535 28
420 563
451 404
174 453
36 167
508 439
7 244
29 277
328 316
77 415
343 197
478 455
238 289
396 520
82 262
228 151
290 182
115 274
585 420
260 155
586 169
593 127
412 23
535 273
471 13
89 215
342 100
203 579
388 1
34 4
394 154
217 575
400 490
95 221
151 249
340 451
376 598
396 530
534 70
402 81
290 18
554 522
221 534
443 353
102 446
148 495
133 365
5 532
388 231
286 73
480 28
523 389
159 321
320 95
390 124
307 214
273 262
137 27
197 579
379 298
559 61
326 225
557 330
159 346
561 576
418 574
137 343
364 296
197 217
522 120
340 230
333 15
491 469
41 221
582 552
53 76
14 510
300 570
242 590
449 336
568 269
443 106
145 340
533 341
556 456
460 298
87 195
444 111
197 18
464 312
569 516
387 116
427 221
87 202
212 536
71 181
338 513
419 482
254 353
356 344
343 349
175 429
77 20
74 274
169 537
119 272
586 40
387 414
260 474
150 471
543 220
186 414
267 138
297 54
24 186
397 366
534 571
197 13
124 270
418 425
340 536
98 327
575 484
274 236
491 423
241 435
177 426
250 443
563 80
30 586
397 427
486 333
531 84
477 189
485 296
15 358
365 112
86 474
129 359
243 22
316 483
588 492
442 372
468 538
583 31
60 382
589 545
248 522
162 126
244 180
553 390
537 319
35 24
194 163
514 437
184 231
453 174
256 297
79 257
236 63
288 295
444 278
373 225
333 534
350 576
115 436
499 53
157 533
208 482
98 256
452 281
486 439
586 276
137 66
66 504
129 353
333 106
165 107
331 497
43 214
9 289
52 507
474 340
574 83
355 73
338 209
485 358
49 7
167 317
72 232
354 332
119 88
570 283
327 434
181 369
49 321
191 232
362 66
571 337
281 328
409 152
70 427
43 250
433 209
100 39
573 453
502 93
541 473
375 269
308 89
171 357
542 361
588 305
559 95
43 241
422 583
524 25
543 567
274 378
177 373
416 283
359 451
375 301
326 283
103 35
372 273
523 315
168 47
153 260
273 327
500 228
443 425
252 387
525 59
166 104
563 115
518 323
566 295
158 425
577 260
591 482
67 50
198 366
228 482
27 500
210 60
129 54
484 512
441 543
570 140
48 68
387 99
390 486
393 81
312 504
341 304
387 539
485 119
306 114
2 332
15 212
391 275
397 408
188 239
352 291
511 531
358 299
164 282
186 556
362 31
593 104
466 382
176 353
34 481
466 167
346 15
510 270
289 309
80 477
81 563
301 591
30 61
423 325
474 142
282 237
172 409
473 172
324 50
524 357
531 523
523 278
537 435
548 360
277 161
370 357
257 72
350 418
264 174
144 139
316 558
376 21
368 250
192 93
431 249
581 363
174 505
175 244
473 256
137 151
548 506
508 338
112 391
158 375
98 433
514 545
524 423
100 425
206 291
517 38
74 33
533 247
72 241
24 544
496 293
229 577
200 270
316 443
194 7
220 291
572 267
370 497
91 469
324 428
293 374
597 366
407 531
146 478
173 170
555 202
594 185
312 195
586 30
40 181
36 391
6 9
59 375
40 281
245 363
242 537
270 240
305 78
305 582
89 477
285 46
213 280
362 524
475 482
87 48
64 255
438 201
395 30
575 434
442 353
330 85
424 2
324 262
211 30
245 300
41 530
477 385
211 240
442 219
255 529
398 319
317 369
519 113
398 30
81 373
382 410
457 207
543 315
2 156
476 247
587 50
178 597
566 520
370 542
141 27
6 72
345 322
441 397
434 372
558 48
147 342
458 137
82 534
583 84
223 593
462 211
44 173
209 144
94 579
87 366
7 92
438 483
545 280
413 512
53 373
560 331
248 551
468 461
486 452
78 111
446 539
453 24
113 196
299 339
176 517
106 314
142 77
330 88
356 276
1 541
182 94
273 429
46 274
424 532
128 501
44 107
574 496
262 88
93 560
426 400
478 66
247 21
142 110
240 32
386 373
106 567
466 510
530 512
186 487
445 313
389 22
551 364
51 215
584 144
308 543
77 188
10 456
340 284
565 114
447 484
486 552
585 353
463 50
266 50
536 244
494 326
265 579
224 316
195 209
591 502
285 201
223 427
58 97
112 157
210 558
42 97
45 160
581 41
209 249
91 146
26 118
6 423
98 229
272 424
569 396
460 255
596 84
83 188
312 326
344 521
417 517
151 461
79 134
502 287
514 126
433 73
243 438
495 473
200 168
298 170
97 159
556 95
375 173
414 88
498 159
143 317
209 293
311 287
558 346
574 473
471 540
546 248
511 574
122 244
276 551
413 372
112 502
598 486
76 413
107 574
105 249
424 314
542 268
2 501
16 109
508 486
182 587
267 226
562 388
469 239
341 415
145 584
319 144
471 394
557 577
501 63
360 458
376 303
128 510
337 143
152 378
30 466
366 429
93 462
218 562
234 92
510 378
77 230
56 81
158 14
192 60
208 551
518 118
387 47
161 257
321 312
37 482
311 534
312 404
529 64
499 297
155 410
208 364
42 263
576 199
408 169
390 18
253 441
135 41
21 427
298 341
140 466
225 451
401 536
388 464
1 288
162 288
231 369
185 404
34 162
136 441
331 526
590 117
500 258
158 521
86 587
395 358
454 21
342 256
91 131
121 223
550 414
44 314
185 228
120 218
390 255
192 254
314 184
370 216
441 61
270 61
49 66
418 502
219 161
292 309
291 544
65 374
360 109
89 544
468 208
295 259
595 20
46 310
203 416
59 178
476 328
238 59
394 189
560 14
349 253
454 173
199 52
546 92
160 168
37 162
508 463
420 504
482 598
347 219
547 406
528 556
135 299
16 62
487 576
75 237
362 62
409 94
114 488
185 273
189 353
566 98
217 388
135 233
519 482
451 467
289 380
424 555
80 440
19 100
549 93
336 444
155 278
538 268
299 256
74 487
11 42
585 359
561 253
591 481
136 575
481 424
488 306
381 101
279 399
200 229
25 535
75 311
346 146
112 46
401 186
533 543
359 53
436 453
305 428
467 573
537 349
398 426
188 312
527 467
244 128
229 401
197 303
113 542
580 225
122 383
542 56
459 302
240 296
288 78
126 156
52 196
38 582
23 225
427 83
225 205
211 454
7 539
290 119
482 272
343 5
56 286
192 514
121 563
212 540
175 469
229 358
198 266
473 352
25 302
435 249
40 179
104 46
119 394
164 2
67 41
139 254
458 462
301 113
427 46
186 3
48 415
492 245
82 367
597 238
202 433
487 241
13 590
418 263
517 115
396 117
155 534
370 147
398 73
391 358
250 576
492 298
392 385
542 8
153 74
245 486
40 265
260 184
389 79
446 307
194 244
424 480
311 327
28 110
399 418
1 183
528 492
480 321
411 555
328 97
31 107
583 202
371 244
386 161
323 233
2 516
10 425
397 321
153 557
562 86
508 563
400 437
456 281
292 268
369 153
365 531
259 481
135 164
126 520
324 580
286 457
31 296
415 560
150 102
518 113
187 427
77 586
398 67
400 91
466 170
243 364
103 502
246 237
199 504
290 56
485 109
513 50
404 329
11 87
430 528
200 150
488 408
269 287
474 202
509 474
372 154
239 8
189 19
376 387
522 67
574 540
175 488
589 113
351 1
199 182
62 530
464 550
340 134
370 215
336 281
90 241
566 461
248 288
479 25
208 534
223 183
9 529
73 598
43 555
132 374
138 194
305 135
277 46
401 180
393 138
592 482
510 93
476 291
380 488
315 587
423 71
172 432
1 376
563 44
332 228
549 3
553 255
138 363
301 538
543 95
209 536
110 252
31 120
542 9
390 531
432 460
236 397
460 145
493 37
476 254
585 12
209 242
281 571
76 352
49 170
560 119
411 345
281 530
288 224
539 79
288 504
538 523
434 532
69 328
102 78
581 89
222 323
462 502
296 537
256 476
240 349
594 184
96 276
116 383
500 188
594 189
93 67
246 60
132 314
387 234
524 501
454 147
358 317
50 187
387 437
64 160
188 60
343 415
335 590
331 236
179 326
557 403
393 204
462 58
51 382
291 574
417 146
254 176
594 304
362 514
142 425
207 461
484 550
277 353
75 10
122 254
467 80
58 393
415 54
451 466
435 143
573 253
421 229
428 548
66 323
596 339
282 204
334 167
287 12
53 362
153 175
17 22
254 206
414 203
391 266
70 228
541 176
14 495
536 574
576 3
298 573
474 579
179 209
280 465
352 332
360 505
40 376
60 426
116 7
30 506
405 231
267 347
406 281
375 476
256 484
12 87
459 485
200 171
227 479
169 113
344 529
151 384
438 210
211 553
216 372
593 154
4 393
34 541
75 408
418 462
294 562
83 286
580 282
456 209
294 26
321 39
554 5
554 526
214 298
14 561
71 8
117 206
533 150
281 9
92 232
5 517
195 87
204 177
500 193
517 195
218 371
365 306
375 321
365 122
152 378
216 355
386 464
560 320
148 374
460 239
8 596
289 202
216 492
510 117
86 428
443 435
200 210
274 574
64 40
229 347
418 445
103 337
310 197
190 457
570 183
229 577
313 517
313 62
542 224
311 29
54 155
596 385
496 403
493 559
443 123
308 394
567 542
264 411
140 453
401 112
169 32
222 481
82 534
543 26
292 255
186 477
541 183
263 439
120 157
531 96
412 372
489 512
316 154
324 455
140 259
100 440
290 454
455 503
521 399
528 214
187 116
224 261
430 487
101 83
177 166
178 588
537 68
36 254
353 359
243 26
151 342
466 572
329 322
477 252
254 406
465 572
55 91
234 19
111 467
101 419
34 279
541 570
478 576
358 365
468 2
390 21
475 389
592 206
112 470
457 497
410 455
470 596
79 238
148 321
106 381
142 271
61 216
242 72
193 1
436 194
134 360
214 143
150 340
348 394
343 338
292 154
326 296
284 405
67 431
259 172
213 400
574 405
17 217
11 341
350 446
535 17
339 282
159 23
23 40
416 366
377 241
53 237
70 336
43 136
169 433
439 513
367 414
320 383
33 330
258 514
309 194
530 182
475 223
204 32
262 21
397 173
393 449
409 463
319 583
598 21
417 439
533 185
254 386
102 418
117 359
465 558
86 529
141 94
153 344
125 546
496 55
120 290
38 528
154 356
512 286
376 463
126 442
49 511
230 282
331 346
42 197
437 259
259 577
353 411
454 11
491 483
198 12
175 235
74 460
124 119
147 499
581 272
342 164
185 571
445 49
451 487
377 421
279 38
532 33
580 387
176 472
272 373
484 578
9 91
439 132
209 586
164 192
391 39
355 109
144 333
289 128
353 68
548 34
237 481
198 218
402 373
92 207
279 109
186 419
199 158
84 539
277 247
132 70
418 20
310 561
353 1
222 107
68 171
272 304
186 470
55 587
376 278
195 57
518 512
9 118
71 93
59 348
471 322
549 290
474 392
384 360
392 7
598 591
178 272
428 363
275 483
483 52
294 79
240 214
124 249
463 194
341 55
75 213
377 25
503 384
417 420
145 342
427 276
335 6
547 296
500 223
180 516
407 8
128 48
221 251
296 85
444 38
140 53
383 50
209 419
433 27
240 111
501 68
386 369
205 335
66 238
91 378
155 497
385 282
545 7
532 374
91 510
544 362
562 328
411 304
148 377
331 519
487 365
587 407
135 325
143 200
563 365
577 119
396 495
533 342
501 598
117 126
43 62
21 138
521 432
442 202
210 174
123 231
72 243
39 206
567 313
537 531
211 516
184 8
412 250
349 447
249 598
106 292
193 126
429 248
557 272
449 301
577 571
65 50
215 235
387 184
547 326
248 159
375 563
299 320
214 49
168 595
180 405
288 505
531 250
154 23
56 4
323 34
575 519
216 323
155 136
40 235
461 288
526 369
252 226
91 598
274 390
594 586
197 415
492 129
66 179
151 253
182 8
419 290
60 36
147 215
303 186
449 298
473 376
68 259
3 158
258 409
548 385
528 278
201 553
406 398
133 90
53 446
229 471
270 289
40 416
503 474
3 485
173 10
263 241
268 397
530 59
339 13
575 268
290 177
222 229
108 486
319 292
334 547
164 5
237 335
420 273
211 422
160 515
563 554
157 232
352 221
422 225
233 398
492 523
108 248
153 348
135 471
41 468
552 337
6 190
73 425
595 415
381 156
332 345
111 22
111 594
242 66
352 475
596 246
531 105
27 85
584 161
90 27
163 175
363 168
496 567
593 492
516 507
49 381
385 291
402 495
419 178
561 172
186 92
549 118
328 575
334 314
138 555
340 300
131 104
467 29
204 593
520 121
35 103
501 420
525 437
316 345
148 410
517 333
501 467
582 231
444 449
78 115
538 417
546 70
54 546
230 257
541 284
378 575
518 412
396 444
250 246
191 397
189 241
263 224
241 246
454 218
229 65
464 168
481 411
369 534
359 133
324 433
416 103
409 467
515 339
312 298
118 36
229 306
408 491
529 183
271 516
400 499
580 266
68 462
78 568
529 568
102 255
402 51
489 345
517 537
217 363
369 334
530 597
41 472
489 104
56 161
21 455
193 135
254 392
130 464
362 61
433 463
447 369
48 469
115 98
540 331
460 310
66 524
308 238
397 330
341 452
491 494
440 85
30 96
11 159
93 372
351 525
368 331
295 415
202 409
47 143
273 40
452 470
563 293
242 493
24 116
346 48
11 320
265 172
415 275
463 507
48 215
565 547
546 262
496 281
204 542
423 11
581 408
480 546
234 255
440 257
371 320
437 513
41 103
87 587
509 83
29 90
297 593
38 376
388 533
58 126
476 14
136 459
553 149
538 188
536 511
577 308
232 415
354 404
51 572
392 559
56 420
50 353
547 87
262 336
154 452
461 31
465 130
23 552
411 94
141 348
7 251
189 238
67 542
176 249
516 567
209 571
521 258
457 469
477 121
206 32
572 201
194 570
462 349
523 274
442 198
155 448
448 343
220 49
419 395
297 336
495 506
440 417
297 299
287 307
551 27
470 58
359 198
29 222
546 86
30 521
283 316
371 132
193 124
180 13
52 477
480 546
516 321
497 346
153 317
187 237
343 58
294 103
255 455
457 334
540 20
257 356
335 161
487 527
284 201
73 467
211 552
546 128
407 444
7 93
295 193
462 171
383 289
406 171
145 264
505 218
283 163
573 19
455 594
80 272
196 152
140 406
238 219
67 46
197 205
270 491
398 133
63 314
422 468
484 100
265 390
318 547
86 424
100 74
419 311
345 148
594 18
87 233
237 153
410 433
358 82
457 289
214 519
136 169
521 21
269 187
543 120
268 162
543 499
236 496
343 580
177 338
132 264
571 368
416 382
334 307
463 192
129 211
244 264
379 166
285 49
485 361
300 286
522 245
186 291
274 62
273 450
399 404
115 371
305 65
287 40
503 283
231 34
493 474
297 406
174 115
586 60
475 288
477 399
66 196
91 471
257 495
454 57
432 103
560 270
167 248
309 71
64 73
104 91
81 533
496 386
49 17
577 524
304 455
456 501
52 80
373 308
109 361
496 74
463 457
344 31
238 186
233 302
259 469
392 339
403 421
258 583
437 236
508 275
92 497
309 143
577 216
582 219
576 479
292 440
338 37
4 109
223 236
410 15
238 335
485 42
289 144
159 260
379 200
534 470
99 376
146 209
591 129
427 568
9 120
541 346
289 544
455 511
314 398
525 551
267 411
127 555
88 285
216 466
484 283
337 116
61 482
324 185
12 284
287 20
404 229
498 226
307 486
270 22
417 328
572 85
272 232
174 359
516 389
226 534
206 562
51 398
577 375
582 122
192 270
273 595
33 304
354 339
191 25
492 142
352 465
226 25
99 531
383 148
322 142
83 61
105 266
458 215
42 573
336 233
377 143
362 409
446 249
281 171
274 174
312 159
172 537
184 402
470 100
550 325
242 166
517 478
431 376
227 6
350 96
371 128
238 266
70 86
514 350
256 321
523 567
480 229
39 197
32 42
428 581
498 71
281 416
83 113
325 309
251 209
404 155
468 176
420 538
393 467
421 50
190 478
150 203
108 320
531 139
494 360
254 393
563 534
343 179
180 69
21 562
409 556
118 279
133 71
350 525
538 304
108 261
183 389
595 422
111 527
95 6
420 348
530 384
415 274
562 128
475 116
92 285
74 341
97 206
412 578
133 351
284 372
145 598
163 141
554 273
201 50
410 22
397 341
406 345
149 501
472 157
19 97
573 92
438 72
429 251
183 95
135 466
467 411
598 31
551 553
435 153
4 378
174 532
252 113
278 400
148 283
556 298
380 65
521 219
136 483
3 318
578 137
318 446
547 449
10 33
403 576
317 538
355 490
471 8
137 282
540 416
564 31
247 345
95 169
97 362
53 99
214 164
235 65
143 315
513 152
347 449
129 65
388 17
89 392
157 357
207 98
306 304
260 552
51 355
254 279
250 438
378 463
4 146
527 146
461 573
430 341
423 558
538 344
109 160
269 265
50 475
494 355
181 287
308 363
175 561
43 425
400 552
421 535
100 350
83 94
324 512
566 281
5 505
26 245
198 427
509 247
303 536
3 17
225 442
511 399
536 88
357 338
41 180
274 140
63 488
365 518
401 333
200 538
371 358
184 569
186 227
349 22
296 484
171 520
327 83
453 265
170 343
136 343
522 541
482 584
563 381
504 497
115 237
436 485
594 22
587 313
380 338
335 77
355 505
131 83
121 117
479 291
459 148
35 383
91 50
500 55
430 405
551 78
176 521
97 303
76 85
18 455
554 484
65 310
522 195
525 176
311 537
598 172
87 166
88 309
348 587
495 311
526 579
389 103
501 485
537 110
103 554
564 59
571 163
500 28
357 558
336 202
497 335
373 117
501 460
425 250
580 321
560 507
301 482
143 336
368 82
445 471
169 543
63 274
107 96
301 595
56 38
198 86
505 570
202 407
563 28
190 545
480 283
585 314
167 130
51 534
211 30
538 379
572 134
54 212
230 487
208 417
58 406
502 562
377 105
502 474
132 225
552 145
508 538
458 76
69 509
143 279
538 215
192 45
348 377
256 111
265 463
527 455
270 430
550 181
534 454
188 199
212 141
343 121
80 203
196 281
245 471
93 184
87 284
360 434
63 17
545 459
13 473
315 415
437 399
129 372
386 316
105 597
588 447
120 69
183 447
349 427
319 442
144 537
259 503
373 453
53 451
314 66
457 162
14 295
560 142
201 347
457 305
346 446
285 597
48 2
445 529
560 298
504 106
236 164
142 19
327 126
464 392
583 159
405 411
121 546
13 1
536 449
346 515
