634 994
140 49
109 574
134 404
435 187
427 141
285 233
391 167
330 414
122 472
118 224
115 326
87 5
183 578
304 28
616 601
126 121
533 118
579 32
521 263
219 197
403 387
313 159
553 9
456 558
480 574
147 478
149 117
367 215
60 36
243 41
520 252
45 418
369 507
449 139
136 551
219 538
303 532
581 105
424 402
28 153
225 58
631 374
174 363
588 117
282 80
157 167
215 86
468 467
592 166
489 611
83 74
515 385
489 345
490 278
112 401
314 337
459 310
594 516
556 431
633 203
511 39
253 609
124 604
442 600
136 296
576 218
253 340
486 107
50 341
268 162
626 582
498 450
141 341
215 63
137 97
149 531
136 286
506 143
255 197
108 390
492 50
491 111
389 343
101 439
567 369
484 558
316 231
257 340
571 356
402 73
452 435
604 471
86 475
614 224
37 87
498 412
20 354
406 293
580 507
97 397
125 464
320 324
60 461
29 630
182 315
68 517
115 555
354 84
395 333
191 315
303 54
611 323
292 266
499 121
22 595
517 146
308 87
469 367
431 382
362 612
62 313
378 176
234 97
143 512
313 333
77 616
271 571
188 446
202 52
566 224
530 449
253 203
419 606
453 215
353 64
76 414
376 453
473 493
434 499
255 112
81 331
611 351
151 48
162 352
617 612
575 512
310 78
598 94
49 300
308 401
363 267
64 623
85 420
481 518
168 619
514 248
315 374
483 349
422 528
67 404
505 525
166 180
602 13
273 534
313 464
184 41
96 247
547 65
550 278
466 83
262 229
215 461
603 63
175 274
590 241
43 461
16 92
524 617
105 47
517 301
510 66
225 490
197 138
438 630
415 269
79 42
498 177
502 350
239 561
623 194
167 549
538 66
7 428
49 111
358 449
411 117
398 1
606 478
22 293
474 436
562 436
362 309
612 113
542 100
39 530
293 90
444 81
155 450
392 87
444 115
419 104
231 183
623 87
544 10
379 383
330 190
68 57
498 45
53 289
144 92
184 321
181 628
285 219
327 42
306 21
40 90
124 154
156 630
240 66
524 503
332 219
58 400
159 440
328 211
94 356
302 278
560 366
155 210
469 365
135 24
269 58
113 277
211 153
272 335
218 161
203 433
263 260
198 421
583 410
516 43
131 67
204 56
317 242
149 151
490 167
174 125
224 170
401 434
322 556
134 423
601 220
222 113
364 303
534 312
78 299
238 92
365 325
31 47
450 179
81 306
229 138
314 452
308 598
136 513
403 269
186 369
373 291
482 102
477 265
297 439
563 535
530 177
109 561
108 559
623 72
114 218
210 427
553 401
274 54
163 42
207 232
295 579
406 142
564 249
290 226
53 102
10 466
162 119
276 269
43 149
341 40
250 434
350 168
200 623
106 246
548 312
478 208
140 249
233 69
497 522
178 433
507 188
149 35
306 424
303 232
572 527
271 71
326 620
239 409
492 344
21 405
539 382
497 44
630 95
630 377
501 173
59 373
244 207
407 549
631 594
30 452
486 300
523 62
169 11
354 544
238 374
315 142
121 177
69 1
155 64
377 21
120 435
394 364
8 166
162 522
9 192
223 379
375 111
440 428
121 159
337 358
417 535
383 421
595 451
421 116
398 163
136 402
482 413
15 373
463 176
144 471
251 366
215 510
477 538
187 481
581 407
89 363
308 355
33 152
172 454
267 453
500 287
104 231
65 118
603 527
178 112
248 312
478 346
71 204
250 257
50 196
30 22
442 337
377 474
372 432
177 5
134 43
175 238
273 239
239 126
16 300
237 263
496 598
608 566
167 107
189 101
186 218
122 627
438 382
351 175
179 527
63 197
453 237
434 610
360 556
101 375
106 337
521 601
301 378
532 351
485 86
451 554
187 457
431 508
204 147
49 267
557 629
463 260
232 146
235 591
67 335
215 56
37 619
22 221
362 554
572 96
523 272
16 594
94 330
467 298
476 399
448 282
394 276
541 509
421 141
349 371
475 447
427 396
431 448
500 158
251 321
138 24
593 37
617 570
366 333
117 91
616 564
372 259
205 163
17 625
303 365
246 28
177 38
307 607
369 172
14 620
377 35
527 219
71 393
154 436
609 155
526 590
84 148
214 173
310 230
47 612
478 292
523 538
329 195
394 64
251 408
567 627
442 459
95 397
101 248
198 75
286 608
31 254
121 128
426 314
242 472
175 85
130 64
623 342
258 382
289 392
39 221
268 365
563 362
127 547
494 208
622 145
65 536
398 185
29 73
382 270
545 557
355 558
620 227
149 127
608 438
403 531
542 36
261 355
398 387
267 257
478 254
285 543
155 567
611 68
5 359
337 433
281 575
356 150
51 389
276 543
192 44
439 617
598 65
337 361
335 604
501 178
107 35
604 146
601 581
213 490
305 433
288 469
258 528
618 308
282 143
216 357
71 538
339 34
602 42
278 186
529 28
248 519
62 217
30 547
163 126
402 351
559 573
185 182
466 52
373 113
195 589
353 149
492 58
182 344
617 343
413 395
370 26
279 315
243 193
111 289
318 512
6 126
335 190
307 166
242 564
163 320
518 515
468 259
456 533
486 438
241 265
198 494
174 477
174 416
35 285
589 236
46 594
362 264
33 552
430 274
481 476
477 248
240 310
507 62
92 242
499 216
390 63
75 564
423 133
229 341
301 183
576 346
142 303
494 175
221 289
332 67
14 175
199 253
368 71
314 344
196 63
559 586
9 634
515 431
132 627
21 432
176 596
27 317
149 520
375 369
58 73
319 589
131 517
208 382
471 405
91 551
351 16
502 359
533 266
39 30
258 59
345 317
539 255
634 53
25 258
305 600
214 507
555 344
274 12
610 110
300 66
26 17
599 411
375 497
560 298
410 68
240 4
384 144
259 267
80 283
525 384
132 104
257 52
332 530
581 307
523 247
256 433
263 105
93 521
601 19
68 377
86 308
264 469
451 522
620 531
54 510
164 186
497 304
121 194
83 68
384 606
198 524
288 460
628 380
230 594
282 298
220 251
489 484
604 189
255 589
85 309
464 133
378 210
436 382
404 519
333 37
374 530
560 27
239 553
290 469
397 572
16 500
188 504
349 157
58 488
629 27
46 458
159 423
552 478
54 321
362 387
241 101
282 167
11 521
603 301
239 365
238 138
231 309
7 463
350 582
316 344
492 361
52 534
33 603
378 87
173 623
357 413
608 4
463 618
408 432
284 12
46 405
149 276
80 39
623 429
505 188
22 246
433 73
146 465
559 407
435 97
279 157
394 252
45 222
236 452
19 519
348 65
290 380
224 253
419 212
565 173
284 586
418 82
543 447
430 467
103 231
448 382
271 207
517 199
428 118
535 331
521 248
395 60
627 502
312 295
80 242
351 247
77 19
328 619
465 123
336 452
237 149
83 392
239 599
590 550
601 374
246 371
621 6
430 498
508 625
158 471
116 393
601 192
411 294
61 125
300 396
576 421
428 24
62 32
507 535
581 473
275 77
209 261
600 522
124 357
512 166
193 627
558 159
68 218
336 128
342 520
407 284
306 200
191 367
115 63
267 580
419 541
22 511
52 621
398 59
344 159
108 420
35 31
463 103
132 48
114 474
567 521
123 122
604 197
488 603
260 5
548 562
429 453
439 480
323 86
539 550
245 530
220 279
445 48
265 576
613 379
415 430
265 537
551 118
100 289
86 243
293 633
170 605
335 492
451 24
578 239
457 72
134 42
350 578
607 615
520 586
359 184
381 507
605 297
624 588
585 76
196 127
592 249
98 293
625 432
200 568
554 22
5 571
64 238
515 36
218 284
505 460
467 251
332 437
432 206
390 266
165 469
277 122
602 258
298 592
55 497
525 608
403 413
544 350
16 308
385 118
475 140
577 192
390 159
628 71
248 268
337 412
620 613
533 587
236 81
544 174
461 434
31 229
96 458
578 112
132 213
113 490
352 573
47 625
97 41
62 228
192 398
5 177
260 422
130 379
502 557
436 328
241 466
441 336
173 384
331 304
596 443
44 197
266 90
188 246
14 249
474 205
530 478
266 39
149 279
301 16
201 102
228 441
451 34
27 623
417 357
177 263
50 220
343 315
309 530
444 207
144 283
295 557
11 560
595 159
88 261
175 173
246 286
613 62
319 523
569 619
130 111
131 63
214 474
377 522
369 186
612 397
353 273
319 363
82 164
521 170
424 579
342 554
230 204
499 548
93 433
533 222
543 29
284 122
502 544
528 121
613 505
517 215
27 201
577 109
248 464
278 556
408 503
475 522
72 339
435 48
138 217
153 564
130 320
570 515
229 463
1 92
217 517
306 128
602 133
236 215
596 397
136 253
265 494
140 220
199 459
268 336
41 420
149 54
106 84
569 218
546 569
193 13
336 383
140 187
515 259
285 360
21 305
496 285
164 520
388 362
228 21
581 268
325 614
206 314
63 140
415 493
74 492
505 293
124 528
479 4
152 130
247 56
434 626
224 481
511 611
209 104
516 39
256 206
18 461
403 599
600 67
457 557
