38 681
22 1
10 17
1 30
25 18
36 21
8 5
8 20
33 7
24 36
6 18
15 31
10 28
18 1
32 12
38 7
25 37
7 12
16 7
3 18
2 16
38 25
36 23
7 30
30 5
13 9
35 5
19 25
38 35
18 28
12 24
14 11
30 25
4 14
5 21
15 20
36 2
33 20
24 27
15 28
1 2
22 35
26 21
9 5
10 21
6 1
9 13
25 12
26 7
32 19
4 29
36 26
21 37
15 13
4 31
13 6
14 10
31 35
18 36
22 16
19 23
24 32
25 35
19 32
6 15
13 12
12 11
16 10
9 30
22 13
22 35
18 14
22 26
26 17
1 9
33 20
9 34
13 34
9 5
30 24
17 4
13 5
19 23
14 26
6 4
25 18
37 38
17 24
3 34
25 12
6 22
20 17
34 31
25 20
13 17
5 30
36 18
34 32
18 25
19 23
6 21
19 20
37 35
6 1
30 8
12 13
29 10
30 2
18 32
21 31
10 4
22 23
37 33
16 36
12 16
19 33
34 1
31 22
9 38
7 37
13 8
20 14
3 13
12 33
1 31
32 23
29 5
1 6
18 12
22 36
22 17
36 14
25 35
1 25
3 37
15 6
34 6
8 24
18 19
24 10
12 25
1 16
3 22
33 14
21 9
14 16
22 5
2 19
5 4
21 3
18 14
24 13
19 10
15 14
28 16
24 1
2 33
20 1
5 12
22 29
25 15
13 29
16 9
34 20
7 36
15 20
22 6
1 31
20 14
36 13
15 36
31 32
8 12
33 29
23 32
19 9
24 9
38 17
17 11
14 24
8 29
5 7
34 21
15 31
13 12
5 26
35 37
11 9
9 1
31 18
36 18
3 6
17 35
23 27
11 8
12 1
28 19
12 11
11 4
1 23
24 5
10 21
3 20
7 27
37 6
34 16
24 1
10 21
1 14
31 24
26 9
14 22
36 2
32 1
2 16
2 22
3 22
25 1
6 29
37 21
35 10
14 36
26 24
18 5
37 26
28 2
12 19
23 9
36 33
25 37
26 27
21 7
26 23
7 32
13 21
14 25
8 27
23 33
28 18
37 5
22 5
6 33
23 7
20 21
17 6
35 4
32 33
10 36
33 32
29 24
30 20
10 37
24 10
10 14
6 24
34 27
28 17
21 29
1 18
27 17
24 23
21 33
34 8
30 28
18 36
13 9
33 1
8 19
10 17
10 15
2 21
19 8
37 18
36 38
35 24
16 20
24 14
15 19
38 22
25 17
36 15
3 30
15 26
26 3
20 35
33 38
33 14
7 32
9 20
9 5
5 2
25 6
16 17
3 31
16 27
25 13
19 5
21 12
31 8
14 12
21 24
11 15
15 33
24 23
14 32
28 34
34 30
2 27
24 20
35 1
8 21
30 4
25 12
15 33
35 6
7 33
30 33
10 22
28 11
7 19
5 12
15 16
19 32
4 13
38 4
36 11
1 38
38 16
11 35
21 17
29 28
27 16
12 32
5 34
13 9
23 5
24 3
14 5
6 26
20 25
1 33
36 1
10 13
32 20
9 31
14 16
20 3
9 34
13 20
24 37
4 6
38 6
19 4
27 6
1 14
6 33
27 23
5 1
16 2
26 8
16 19
6 18
27 30
29 2
12 31
16 31
36 16
15 17
19 3
38 36
32 22
30 36
6 12
15 37
30 2
23 7
36 28
2 24
35 30
3 24
38 19
17 36
34 31
14 30
11 13
27 21
34 35
34 17
24 10
16 15
27 38
37 24
5 38
26 17
8 28
3 7
24 19
4 19
27 33
27 15
8 31
13 19
5 9
14 29
18 29
21 23
6 20
8 26
19 11
4 1
22 11
24 18
14 21
6 25
25 37
32 17
11 28
38 19
3 28
15 9
26 15
30 23
38 33
20 11
15 23
27 36
33 12
16 25
10 37
11 12
35 20
7 24
25 6
20 6
11 34
14 36
26 22
21 26
16 2
36 30
2 24
6 35
13 21
21 1
19 9
28 32
28 34
17 14
1 36
19 11
10 11
25 35
32 23
38 25
2 35
33 3
36 38
15 27
20 35
5 16
21 32
9 10
28 3
2 6
1 20
33 26
8 19
38 17
19 38
4 20
34 36
22 10
35 37
36 32
11 2
9 10
11 34
19 38
36 20
6 14
18 38
17 25
34 17
4 14
16 23
33 27
20 32
36 32
8 11
3 35
28 27
6 1
22 2
16 36
38 37
27 17
14 6
19 9
38 15
22 10
3 19
20 17
28 27
27 8
1 17
35 22
33 34
24 10
9 1
25 36
33 38
19 13
25 18
29 24
10 28
12 9
31 28
14 35
17 22
36 11
34 35
21 29
36 8
38 36
32 13
30 32
9 21
18 4
11 19
13 16
30 24
24 22
30 16
35 24
37 32
12 32
6 32
38 4
1 15
1 33
27 9
4 13
29 37
16 17
17 28
32 25
30 34
24 37
27 20
22 25
29 33
34 35
4 11
38 20
26 16
30 14
24 33
5 30
9 20
24 4
26 34
28 33
7 29
31 33
11 14
35 1
24 30
13 5
2 12
24 5
28 16
35 29
26 1
37 35
20 22
38 23
17 5
17 1
33 9
33 21
38 29
22 23
36 34
5 16
24 29
20 29
22 16
19 25
16 17
21 14
17 36
36 11
18 15
12 29
23 22
11 23
13 10
23 10
22 28
25 7
34 7
13 33
38 9
19 16
26 18
29 20
31 26
8 11
18 19
1 3
3 11
3 31
37 3
2 20
8 5
4 3
27 16
35 26
24 32
19 27
11 25
8 3
29 16
29 8
12 7
26 30
34 28
22 32
31 2
13 38
6 16
19 10
9 31
13 32
24 32
21 12
18 6
31 8
37 21
16 27
6 19
18 1
9 2
32 17
3 22
32 24
15 28
33 23
21 23
32 22
16 30
12 36
4 19
12 2
12 38
7 31
18 7
17 35
16 11
15 37
20 38
29 10
10 13
8 32
23 29
26 14
18 37
27 21
33 1
23 16
7 31
11 30
9 7
7 35
21 22
16 36
12 3
23 3
10 33
25 17
20 16
34 5
