593 1313
463 286
448 433
399 249
134 332
405 406
507 384
270 166
159 366
360 440
499 98
28 125
282 406
21 454
11 55
497 422
35 396
144 482
264 542
166 397
281 570
210 223
361 508
418 548
280 184
423 185
310 450
338 592
262 358
481 302
442 385
130 505
187 273
422 450
251 587
283 531
592 521
160 388
435 577
371 150
196 200
363 506
85 108
533 347
494 420
55 371
211 213
282 426
515 110
312 172
132 1
138 131
521 297
547 391
310 325
540 505
524 309
446 16
445 385
391 346
212 474
152 451
122 434
284 72
572 31
243 140
31 409
270 580
142 252
377 451
576 323
391 536
38 244
580 512
64 406
264 275
286 415
133 436
284 445
508 292
475 157
431 505
566 136
520 114
387 303
593 399
61 419
341 127
98 356
45 162
168 308
436 453
159 4
295 471
448 209
198 329
395 35
269 396
170 195
538 586
497 566
391 557
391 167
91 518
522 164
86 96
472 550
577 66
554 307
565 437
516 170
173 346
204 441
177 403
43 121
424 568
122 221
561 541
416 87
465 344
250 579
468 157
536 451
222 525
164 223
368 115
421 540
489 31
417 72
462 488
221 292
462 342
541 429
290 363
544 161
142 201
147 16
357 118
495 15
49 95
237 445
238 64
421 134
123 244
234 21
138 455
341 35
203 289
493 521
87 443
118 229
50 264
273 436
410 175
450 487
298 122
338 535
185 194
75 336
437 309
385 10
199 133
74 430
450 566
358 536
444 475
171 523
174 473
365 583
83 221
505 380
342 278
321 555
472 425
326 315
140 118
354 367
279 427
203 135
428 560
77 278
441 277
207 50
156 571
68 238
227 572
24 4
257 373
558 135
204 320
478 372
437 238
145 122
100 348
285 527
314 361
212 191
73 447
269 257
454 337
494 87
315 546
91 7
326 84
141 558
403 55
337 275
292 481
425 421
235 116
354 578
506 1
204 578
477 472
242 337
215 171
452 559
124 542
565 478
62 142
442 493
196 214
175 516
102 6
343 365
151 133
349 63
133 581
47 45
460 288
381 110
459 240
75 18
217 47
524 307
188 401
207 412
22 381
334 123
415 84
487 565
216 272
63 377
288 110
422 183
426 238
293 320
506 396
337 159
471 296
465 65
104 78
505 125
487 246
247 338
358 169
309 9
469 401
414 164
510 242
346 371
509 45
98 421
470 463
15 347
166 480
441 269
557 352
393 480
4 75
224 361
243 561
398 119
368 219
282 313
489 63
91 404
137 188
261 13
57 275
359 251
161 206
519 154
558 318
69 590
392 292
387 71
259 191
189 63
409 499
375 305
590 465
144 133
88 404
145 174
115 504
424 304
145 379
486 109
132 554
135 524
252 521
30 540
147 247
38 556
152 412
296 148
313 439
310 429
279 454
38 393
393 491
103 538
276 589
82 407
578 216
366 237
172 395
212 319
48 249
281 228
96 576
405 437
421 121
273 135
574 339
527 403
236 37
347 511
61 428
354 45
80 155
310 251
550 569
33 234
256 261
359 267
101 202
124 221
503 258
230 249
192 39
513 257
414 460
346 249
220 419
328 374
165 14
359 121
583 392
355 274
88 120
541 217
350 100
437 260
357 102
537 577
170 456
269 19
322 50
296 570
469 59
351 40
73 145
189 62
536 543
335 59
98 311
275 477
410 147
172 203
278 115
215 476
6 484
494 328
562 197
333 437
255 119
505 327
264 101
388 235
79 159
294 177
469 4
89 315
151 260
517 457
374 138
339 379
57 239
142 26
464 504
491 155
29 403
481 292
503 305
556 581
492 285
193 367
288 310
117 467
569 40
330 349
207 104
164 292
372 334
346 242
244 396
273 82
313 593
584 53
555 7
544 275
229 346
563 538
463 465
514 531
202 298
173 334
490 465
112 260
246 383
503 518
214 211
6 526
240 25
578 230
61 557
505 289
310 503
262 179
374 211
145 11
538 318
345 434
218 485
100 463
274 39
388 488
278 393
449 517
447 463
183 507
426 94
202 142
3 492
349 376
139 494
416 83
218 167
545 435
58 81
333 361
119 156
255 425
549 139
378 402
8 560
315 463
60 545
40 91
472 389
495 17
318 317
99 535
483 80
405 570
160 173
337 307
329 27
138 313
194 515
150 202
481 493
100 569
444 139
95 351
527 590
397 251
313 495
221 232
10 61
237 169
234 573
475 591
35 49
310 228
592 459
458 509
358 557
513 237
103 15
23 65
11 419
345 352
350 1
19 359
91 255
528 353
263 438
350 297
515 66
554 514
553 418
429 346
411 348
582 542
391 11
42 401
430 386
189 186
416 207
573 506
462 507
265 131
381 50
457 302
144 417
251 103
270 115
448 87
492 465
35 289
504 77
126 369
491 314
583 313
520 563
254 417
505 547
577 292
3 440
30 175
292 309
306 561
424 189
55 322
60 118
17 564
194 142
368 92
484 358
433 440
327 94
263 238
76 275
559 108
150 24
282 441
332 588
438 162
183 521
483 272
45 529
271 239
77 45
359 561
402 198
436 164
320 105
402 396
409 367
532 558
419 249
435 157
243 308
319 455
235 237
162 279
172 432
546 278
505 311
245 314
509 116
477 264
249 314
95 64
116 33
58 534
282 492
98 553
235 445
443 469
88 11
154 260
471 107
537 383
446 217
132 361
332 15
61 580
358 155
80 473
217 137
414 498
64 540
486 298
391 365
173 478
404 355
173 282
490 116
71 343
361 202
110 99
245 199
115 9
354 194
511 570
330 360
503 422
306 424
126 103
195 298
16 6
88 189
316 578
333 386
327 101
23 465
199 296
71 313
334 424
535 280
429 300
46 338
128 380
197 253
511 392
579 526
426 74
150 148
87 483
562 413
583 20
284 217
315 383
530 84
213 500
363 77
207 437
443 334
223 47
23 140
467 37
73 299
110 222
446 225
140 443
44 129
462 357
346 212
146 311
296 388
217 94
464 452
531 314
222 189
389 244
329 262
280 430
560 419
87 441
50 227
290 123
355 187
508 136
398 89
446 129
476 99
252 376
550 218
125 207
406 513
450 141
181 166
570 176
584 64
52 69
319 370
220 109
556 134
245 389
223 126
547 134
224 205
538 210
422 69
416 234
17 302
404 226
467 380
430 486
472 481
583 226
286 210
335 277
372 579
73 30
111 26
164 364
230 137
9 87
235 424
320 251
161 130
477 63
539 342
548 446
230 538
79 544
183 413
228 554
398 300
584 537
354 183
336 19
319 344
105 553
204 424
240 364
583 152
427 557
493 410
409 158
354 487
109 536
306 336
526 139
71 516
112 424
134 447
442 452
227 546
441 430
405 87
200 423
238 62
386 166
472 202
324 261
95 432
233 430
203 165
4 273
116 144
103 249
591 573
136 224
554 576
89 365
69 317
195 335
379 580
501 286
188 231
546 312
98 185
177 300
378 180
8 493
324 139
148 350
118 284
9 78
266 97
471 364
413 101
134 227
88 70
512 304
329 465
51 426
85 227
161 463
436 197
362 166
335 539
544 481
229 552
587 523
55 465
322 496
1 456
130 88
525 48
421 261
541 471
122 62
105 312
524 540
508 321
141 279
266 91
166 494
78 160
453 161
60 181
63 60
72 221
177 33
298 4
322 245
503 472
306 43
190 265
18 134
586 187
412 258
277 577
188 383
172 47
543 260
256 42
349 357
262 525
389 588
557 146
269 466
24 574
538 243
275 555
376 267
149 194
553 454
206 176
273 378
251 222
73 507
263 421
299 554
352 94
548 344
268 223
246 291
233 190
533 536
180 344
209 357
537 197
247 150
373 519
556 30
147 64
565 439
485 270
428 272
392 382
23 95
41 268
386 302
486 354
244 101
105 481
458 77
84 111
255 485
36 246
544 211
310 544
56 201
250 512
501 77
301 523
172 370
226 557
78 147
346 321
248 479
208 112
556 291
251 217
212 315
492 162
525 208
141 17
437 390
528 344
467 264
303 45
40 557
37 117
111 411
437 358
297 51
498 288
371 155
533 582
469 431
179 429
74 319
445 510
145 409
290 18
79 592
91 119
555 156
235 101
566 108
458 269
158 391
585 557
545 525
574 449
362 188
285 436
507 165
381 87
573 77
104 88
104 223
206 95
378 469
195 350
576 89
55 170
479 46
162 460
570 143
315 368
330 35
239 272
229 26
358 237
132 490
324 235
119 558
329 525
463 524
282 445
19 365
50 497
439 212
392 445
383 143
219 119
177 457
420 434
511 213
78 49
139 430
284 286
424 19
218 293
571 528
173 25
328 223
522 173
463 349
24 252
491 242
399 75
134 254
537 52
467 50
129 41
509 412
326 339
460 543
38 466
506 210
491 240
461 448
413 330
203 436
17 101
114 445
204 276
105 147
327 7
197 485
47 112
332 402
479 227
351 516
100 264
161 590
532 29
473 351
387 82
223 433
182 336
284 385
18 417
561 374
453 193
265 499
333 32
307 218
259 94
169 358
386 329
383 324
357 262
111 180
372 333
19 583
104 302
374 121
154 370
523 13
591 223
541 330
255 283
576 513
376 151
306 197
480 124
550 272
414 67
480 192
428 498
181 531
235 584
87 389
360 17
401 358
268 348
123 522
67 106
470 442
256 182
75 171
305 31
472 125
126 358
346 582
292 526
548 526
516 41
321 312
86 158
105 354
534 227
311 7
361 188
478 53
369 581
223 110
18 130
263 172
517 15
160 215
541 114
147 492
183 497
239 298
61 343
87 30
6 397
37 395
584 543
447 389
530 106
527 576
235 196
154 158
211 342
372 187
484 548
114 102
451 353
399 511
131 485
569 165
318 12
560 308
583 413
132 519
518 65
530 189
261 90
375 500
460 183
122 379
137 235
481 587
587 315
533 154
236 508
318 553
549 284
267 538
104 428
493 57
492 429
274 188
548 56
123 443
238 244
229 374
479 145
396 501
459 335
61 101
278 408
60 233
98 356
207 230
190 135
287 117
563 560
305 546
51 456
396 288
107 60
97 21
204 492
521 98
262 18
199 540
425 287
208 522
78 443
188 267
577 474
413 576
469 153
557 520
15 388
214 121
447 340
141 86
238 98
184 529
144 411
504 568
104 118
525 182
590 119
477 9
28 296
20 497
448 577
452 463
371 101
19 225
440 160
310 114
286 522
49 429
339 552
403 443
105 363
60 130
511 536
139 538
268 158
470 122
141 328
20 541
429 39
201 304
198 510
417 483
468 465
347 213
452 156
62 586
547 150
122 464
93 260
409 360
447 314
510 23
49 530
563 506
568 170
216 201
116 69
119 583
562 465
202 421
56 293
442 9
442 563
473 563
259 317
358 112
37 275
134 114
240 104
26 243
302 271
443 417
339 561
406 307
461 15
163 516
336 11
553 184
10 432
183 268
155 569
408 221
250 570
334 518
109 389
167 411
95 45
234 433
12 76
175 501
90 367
423 454
406 383
73 415
250 255
118 434
231 525
61 509
531 423
463 46
218 36
456 341
81 126
209 121
201 413
29 319
186 480
179 591
298 280
442 577
535 559
417 201
520 506
145 486
364 14
531 18
79 423
358 159
577 567
308 184
386 365
531 7
281 145
33 578
424 474
590 394
469 442
30 424
383 175
316 154
217 282
200 295
111 557
482 94
559 197
306 351
590 272
357 277
416 390
291 276
299 287
76 174
165 135
33 547
338 348
136 554
37 335
285 176
299 202
270 264
427 11
51 424
283 436
107 105
232 397
409 560
120 485
169 284
26 202
237 363
549 373
352 21
114 43
197 441
274 495
141 107
534 191
530 223
33 44
357 294
469 172
260 588
92 428
307 146
65 573
537 50
381 296
70 523
367 295
371 47
225 511
154 195
108 119
417 169
162 209
462 67
410 157
90 530
585 397
83 85
405 26
134 192
350 233
121 124
556 491
199 188
437 352
382 544
471 234
120 68
472 17
