543 354
110 109
74 511
209 182
232 135
200 92
94 191
48 59
524 161
82 110
78 347
176 1
99 350
454 377
376 104
377 470
176 486
480 250
355 146
431 43
280 88
37 275
180 529
235 160
146 317
172 125
120 347
125 121
55 480
497 332
485 232
259 118
174 97
367 430
242 254
473 424
243 411
57 325
396 194
484 443
510 14
470 531
360 51
108 316
433 506
105 374
194 265
393 269
361 216
156 505
372 530
287 71
397 343
297 249
536 140
50 404
153 519
294 415
472 303
187 361
168 291
93 361
457 486
532 275
60 144
236 431
130 522
404 428
223 157
35 118
296 84
423 449
60 173
222 531
476 408
250 100
58 244
362 514
88 350
147 148
395 382
35 426
262 438
310 387
497 344
406 249
428 285
56 389
458 277
376 292
44 82
293 3
227 111
418 315
363 22
462 214
305 496
542 469
293 308
312 246
11 174
396 340
458 452
185 274
87 462
467 130
445 216
132 128
229 452
442 493
473 360
65 136
215 63
61 409
273 372
13 283
447 408
524 264
218 165
439 305
83 363
336 429
480 370
13 165
278 455
16 207
173 81
244 289
143 305
154 415
35 166
56 482
476 36
104 150
102 542
454 86
263 247
514 200
518 527
266 252
340 282
360 414
264 60
160 308
364 215
82 301
283 137
141 215
75 244
364 176
144 177
262 309
325 232
508 299
117 132
7 358
315 268
229 35
327 290
245 50
406 326
350 145
462 490
261 438
92 527
71 137
160 234
445 484
367 311
141 484
345 49
200 116
316 330
53 1
521 297
50 384
79 301
430 442
149 50
337 142
33 309
279 192
542 82
34 365
393 174
207 96
222 309
113 537
95 165
439 73
363 391
358 343
50 146
144 199
195 382
242 227
147 422
418 47
504 353
411 255
526 520
350 106
285 462
1 281
529 440
255 250
287 69
495 336
215 95
436 311
476 37
538 524
458 314
27 320
124 339
31 8
217 282
114 501
103 114
141 88
10 395
239 198
464 190
534 37
284 328
347 118
364 341
543 279
14 26
500 137
267 433
144 483
171 257
343 273
273 483
262 282
334 501
382 254
49 372
192 235
58 539
352 422
238 254
59 251
181 15
289 447
447 335
289 520
493 88
151 222
27 413
406 262
272 244
418 320
517 66
456 31
506 167
452 201
420 412
353 57
329 1
504 232
335 249
110 284
238 261
506 166
32 368
427 303
513 301
524 486
367 339
516 231
505 327
333 381
195 143
437 523
45 299
114 379
449 223
119 143
483 526
308 416
252 94
77 221
394 58
163 119
396 136
350 259
364 139
96 15
183 532
440 227
190 10
62 540
134 83
140 519
510 349
391 219
344 468
341 195
427 406
215 181
443 21
439 263
62 534
277 244
424 173
373 515
84 336
512 218
418 10
95 287
260 485
407 61
311 204
157 194
66 371
374 508
392 171
227 355
161 406
500 487
480 329
458 21
122 426
140 441
435 136
184 152
77 47
114 388
153 270
483 120
97 216
85 390
386 213
201 449
75 158
392 457
388 208
379 509
91 518
407 427
12 492
480 88
441 50
377 495
319 219
71 318
434 57
164 276
270 267
83 246
326 474
159 170
139 537
