707 4662
182 498
432 528
287 425
698 492
615 246
307 685
123 358
189 682
417 676
589 363
95 692
672 680
532 622
80 616
277 540
318 323
195 42
9 481
331 706
131 239
109 302
81 232
659 269
71 234
237 659
596 197
644 560
34 468
340 113
241 616
652 558
96 139
464 104
485 88
102 480
191 76
74 136
172 26
269 242
259 505
194 12
566 702
572 600
327 204
577 432
684 387
147 72
390 610
41 32
562 7
511 617
82 585
45 253
610 178
495 26
548 553
37 406
547 473
163 31
541 33
462 517
284 608
454 673
375 359
705 95
365 508
4 447
250 621
699 152
91 486
42 638
196 79
202 35
416 364
637 250
261 391
631 544
156 242
375 396
600 372
490 258
37 358
704 287
271 560
303 227
339 345
22 399
288 223
434 568
452 228
110 5
619 34
414 639
140 81
327 33
317 109
290 353
467 151
504 602
3 100
121 206
309 143
605 461
230 331
321 681
558 296
686 334
194 257
131 333
337 457
365 653
431 654
298 55
97 667
656 100
631 642
305 232
649 202
557 171
397 170
10 113
330 695
311 523
109 441
149 445
191 513
390 486
325 552
540 286
511 488
250 434
422 420
530 228
486 379
399 176
414 408
153 36
260 463
424 368
62 572
677 252
377 359
30 566
68 434
145 444
214 394
35 501
678 565
21 457
101 284
632 379
556 649
280 680
269 703
340 330
567 309
446 101
532 340
532 600
66 676
336 145
227 235
645 198
92 530
654 58
679 443
436 527
249 580
500 517
575 704
5 299
171 450
265 702
83 89
459 13
629 659
157 13
187 666
75 143
354 593
200 325
328 501
9 441
373 116
106 370
120 269
405 569
533 264
516 486
16 529
407 539
685 285
18 509
359 26
155 245
225 344
437 590
352 171
121 18
286 91
252 405
359 656
131 50
77 512
535 92
333 100
496 175
384 378
683 35
403 702
144 493
338 581
375 690
616 360
572 194
450 688
463 102
501 458
151 577
262 550
534 594
649 322
634 325
699 474
225 395
469 233
45 671
106 419
653 14
644 382
72 386
362 399
352 155
150 502
25 411
210 558
163 151
172 661
341 28
427 430
287 53
662 331
17 61
615 534
646 551
209 11
229 435
274 446
590 423
240 479
699 449
329 154
465 365
107 98
257 398
392 544
451 346
167 332
271 74
158 210
624 231
85 11
666 358
456 548
74 560
184 65
167 377
83 631
34 54
593 155
316 277
698 631
487 158
255 51
231 413
260 13
508 209
23 466
566 343
171 504
195 354
433 226
23 380
14 56
433 606
76 42
40 66
672 527
223 85
577 319
362 701
331 162
202 218
628 60
425 91
429 484
445 154
3 467
534 16
388 124
487 463
30 391
393 567
210 616
651 92
305 644
287 331
138 504
251 63
86 207
491 569
516 509
571 140
200 452
527 324
96 147
218 486
405 77
561 313
20 504
269 189
441 555
520 443
216 635
370 301
134 18
162 649
392 598
82 591
207 473
72 302
485 290
652 182
231 505
359 251
302 627
304 607
474 688
207 554
616 577
147 614
459 173
421 143
635 502
27 134
132 98
300 481
252 245
527 483
42 43
598 208
669 59
107 300
40 314
146 520
48 157
426 506
330 139
649 257
505 540
256 502
637 555
275 47
92 667
394 706
2 284
206 671
342 178
128 246
356 139
58 403
295 484
201 624
622 7
174 285
546 429
79 341
141 218
252 98
177 645
96 179
221 166
7 427
343 706
673 563
137 23
258 432
506 324
213 286
195 251
570 34
544 513
239 685
23 490
75 65
427 35
108 647
65 686
231 273
684 196
128 686
219 251
410 589
574 487
167 61
31 601
666 574
271 197
416 294
551 355
223 270
254 330
74 319
308 305
591 149
500 583
127 583
126 401
465 564
181 496
490 211
255 448
649 525
510 358
683 353
577 198
623 124
392 561
442 699
158 190
6 523
65 132
263 56
533 20
619 6
381 401
81 635
7 22
452 516
244 293
26 686
490 513
102 175
367 408
31 389
597 608
204 526
33 467
446 430
351 358
435 596
623 380
523 629
266 133
302 375
290 328
353 72
133 454
111 364
154 7
46 615
614 114
298 511
445 37
233 661
259 532
549 174
69 230
668 335
227 262
2 516
454 354
587 452
672 563
108 690
434 18
597 205
704 52
9 441
660 106
259 211
503 101
250 571
330 75
198 556
201 64
364 655
417 108
264 381
535 236
363 261
254 117
331 250
34 339
555 693
309 107
62 104
207 176
675 401
115 30
114 315
94 342
127 375
314 390
621 142
626 276
267 172
258 597
286 156
93 133
141 402
104 67
370 310
107 202
575 221
232 688
536 190
187 662
564 501
210 477
507 128
618 66
164 33
528 314
188 620
446 193
179 550
260 414
17 231
615 457
452 139
437 145
328 489
671 50
282 173
526 81
300 436
11 328
468 403
641 520
316 245
6 359
87 130
65 675
360 545
424 104
548 19
113 169
507 77
83 653
249 608
598 414
202 608
34 534
304 675
347 484
212 352
707 163
481 637
702 705
474 419
674 314
302 79
347 101
155 429
618 269
195 508
682 396
408 8
222 576
547 433
217 623
77 217
650 422
146 645
420 484
221 386
662 387
464 167
352 484
460 262
45 654
62 19
207 469
598 294
203 303
19 419
83 668
500 26
382 510
535 94
286 620
344 106
299 101
272 650
449 24
204 493
678 130
376 42
598 131
335 665
433 354
377 381
314 169
271 695
679 670
654 122
582 290
227 38
255 363
552 703
387 620
353 222
42 21
263 504
17 598
462 314
109 703
694 422
29 257
274 572
219 85
694 665
240 78
702 494
306 411
355 692
323 572
71 364
458 198
161 474
660 487
80 61
482 67
347 510
188 621
375 272
570 226
229 102
168 89
461 473
499 108
322 687
679 257
343 429
455 368
60 407
147 140
468 493
71 107
296 123
592 535
394 455
625 488
556 85
576 309
423 232
281 609
76 118
159 419
411 613
651 471
177 91
475 509
448 545
481 36
667 365
435 219
684 352
706 398
302 439
571 589
535 10
490 611
127 513
187 537
418 130
165 460
85 639
261 533
341 34
433 301
264 161
384 105
377 382
502 543
685 366
424 512
375 207
280 366
584 466
60 160
461 225
619 410
21 172
100 362
71 533
527 199
558 203
303 92
449 98
635 426
328 351
95 567
422 240
90 299
705 149
458 323
238 234
598 259
405 697
620 340
522 439
538 237
506 706
329 247
96 256
537 288
471 631
147 51
163 236
349 26
249 671
213 487
197 103
610 466
93 522
671 479
118 366
581 623
364 202
27 459
322 563
611 657
351 50
707 514
150 213
404 264
41 616
615 237
584 517
568 676
196 531
312 313
189 185
93 553
251 691
169 572
546 73
387 189
694 386
567 2
464 263
265 504
37 172
34 620
688 466
453 41
289 57
353 342
242 310
52 492
293 221
222 131
158 608
184 144
151 44
145 614
171 274
411 207
310 309
119 155
67 571
195 220
493 547
426 27
14 478
383 171
698 469
301 13
369 350
156 385
393 166
291 563
439 566
635 42
32 618
196 670
482 391
47 132
95 473
23 681
243 405
144 98
167 310
110 400
659 130
649 209
295 98
636 599
663 563
505 560
474 565
522 113
113 569
244 73
334 266
46 441
535 189
538 566
498 647
124 314
641 65
522 229
162 316
120 690
171 489
542 509
346 221
486 459
82 22
531 280
152 441
13 552
629 415
410 285
219 533
463 153
463 143
381 489
458 365
336 493
146 170
295 356
256 645
107 202
667 502
482 683
235 359
527 22
639 95
306 150
492 61
167 247
68 412
601 525
69 229
311 79
264 470
435 519
407 406
13 231
66 359
72 300
11 598
321 514
557 491
663 342
417 123
453 484
534 346
302 468
575 477
411 131
104 3
649 375
409 526
606 339
178 542
638 53
297 117
566 147
472 386
488 181
373 233
530 65
444 696
532 311
465 100
441 433
103 247
100 376
65 705
7 107
404 509
159 701
625 589
140 390
268 492
435 640
17 257
704 460
245 393
635 574
493 233
299 460
344 399
128 274
261 134
380 665
507 404
658 425
285 662
679 417
446 271
215 327
528 76
652 637
469 579
369 119
677 667
578 313
223 570
586 349
703 259
306 367
662 121
84 104
647 627
521 385
191 600
576 583
675 520
377 301
257 38
419 226
570 154
538 85
16 282
298 583
540 603
243 359
588 191
327 527
683 5
69 31
604 645
613 572
457 147
30 578
50 314
96 619
467 499
568 348
73 159
88 477
626 195
128 372
386 319
56 361
324 125
256 220
634 161
656 383
172 686
119 221
292 214
132 623
5 565
263 649
16 216
418 641
410 305
660 22
361 178
345 350
433 429
276 458
378 523
630 221
641 143
512 13
140 292
589 704
420 531
584 635
241 382
337 651
552 155
672 70
332 174
419 58
602 559
515 137
374 437
357 173
445 26
185 449
318 638
310 602
461 51
529 567
432 23
510 276
177 339
345 509
377 628
431 136
479 238
273 11
540 494
183 142
520 232
590 702
162 57
596 488
107 417
347 538
304 14
679 346
352 316
147 593
102 577
21 580
679 293
455 511
80 502
652 464
598 399
458 53
320 346
405 426
627 44
122 88
57 93
433 273
273 444
158 374
313 178
112 150
336 566
660 415
361 470
36 251
26 493
168 346
703 572
636 487
480 50
439 536
7 165
673 280
608 123
518 79
166 629
228 501
353 180
73 6
514 108
121 540
465 154
178 460
590 106
104 363
21 542
56 27
706 22
171 472
9 689
550 174
610 642
674 120
686 611
697 493
11 111
190 475
129 232
92 11
202 60
373 222
602 294
249 465
315 284
94 323
265 508
497 33
442 328
152 421
232 142
71 107
117 260
447 245
491 403
255 692
463 493
207 222
79 320
551 258
603 645
445 26
445 234
58 45
427 209
465 523
215 535
494 331
87 233
440 577
501 560
426 121
345 632
342 288
109 50
410 577
559 147
602 297
246 659
341 672
25 670
352 240
497 138
435 448
236 168
182 29
20 607
149 229
397 355
381 370
269 83
239 121
94 133
417 339
656 622
168 546
449 519
650 103
522 377
415 50
409 596
650 293
360 663
521 49
175 194
284 443
141 522
563 235
520 137
573 468
623 606
306 364
282 248
466 96
490 173
10 56
633 659
349 286
479 162
199 653
221 482
389 226
162 244
325 681
381 56
441 161
661 612
525 235
17 148
331 371
186 205
427 111
22 68
261 500
94 460
446 179
99 699
405 260
235 594
98 480
649 404
641 602
308 323
130 189
470 325
560 655
394 144
59 415
211 319
208 169
643 518
348 607
509 617
24 36
503 122
381 445
525 179
204 697
501 198
178 263
522 602
76 74
38 134
488 113
317 695
147 118
505 494
17 171
268 40
72 635
161 452
237 685
495 441
674 288
638 10
415 318
476 490
391 514
623 171
491 98
24 637
215 393
288 96
564 555
135 635
483 161
244 12
3 31
317 542
183 248
551 597
430 319
380 113
697 160
148 481
257 171
275 336
429 563
431 150
275 431
649 622
591 185
499 458
80 108
292 127
220 135
16 649
319 260
54 308
420 67
653 541
237 86
35 530
648 465
679 215
53 620
702 508
669 493
259 613
600 550
32 113
550 620
54 161
172 680
333 591
39 144
290 140
229 324
670 34
653 506
113 706
419 107
506 245
599 629
151 357
472 47
334 314
666 252
339 131
224 536
586 127
679 168
132 200
491 666
233 437
464 346
435 40
317 98
285 209
20 300
430 356
211 56
534 170
307 30
300 396
565 178
522 537
211 518
601 701
476 699
295 233
202 594
137 518
692 286
591 576
585 313
224 89
233 622
123 405
651 422
93 508
464 479
202 539
290 668
533 58
659 692
155 18
579 292
400 563
577 149
296 320
326 384
273 559
298 395
256 241
681 213
41 437
691 108
269 138
68 666
196 591
650 215
608 521
506 165
241 313
401 560
639 77
125 355
374 519
475 614
492 687
520 86
535 627
219 673
694 42
26 577
557 240
342 235
611 506
476 144
684 34
703 480
111 692
699 484
368 466
256 17
310 68
102 137
694 186
674 545
92 699
279 648
97 620
176 707
283 516
8 124
549 3
603 659
559 594
301 219
217 421
235 526
488 201
528 339
251 494
41 343
351 319
283 312
96 458
311 378
266 183
502 680
50 262
496 608
14 661
691 230
374 218
621 154
283 441
357 534
92 397
34 307
580 316
618 675
639 86
211 62
268 5
34 317
131 395
217 144
348 200
374 15
282 152
33 430
592 390
121 548
651 154
148 389
469 58
356 400
9 566
327 276
435 360
593 431
47 674
574 395
32 105
274 178
256 306
607 5
560 20
553 504
38 700
185 507
622 405
64 630
129 255
64 563
615 521
286 526
487 18
78 383
122 351
426 243
522 325
247 374
210 92
35 112
656 219
618 436
489 547
223 617
94 151
337 573
671 488
257 316
505 199
698 491
415 281
26 229
471 138
602 680
94 637
656 43
13 567
343 501
271 430
275 229
581 612
667 544
257 216
152 626
279 8
409 693
288 300
214 623
437 109
595 530
610 544
437 622
268 644
281 403
367 555
496 105
324 455
648 580
535 665
498 107
537 65
92 689
364 306
605 665
279 357
352 181
58 82
667 190
590 240
457 114
88 246
218 276
700 159
149 393
688 511
499 382
575 590
228 96
53 125
53 331
347 270
376 269
351 336
459 98
440 73
212 527
318 429
96 176
452 109
568 297
619 359
678 352
106 199
447 24
188 365
219 534
634 595
668 142
88 419
239 527
491 450
212 674
37 172
142 488
280 574
78 56
90 620
407 195
111 12
83 164
376 302
697 167
54 657
308 141
233 411
532 589
19 608
555 55
72 561
407 216
427 349
272 381
262 543
575 237
554 523
400 87
117 255
253 35
69 425
40 302
129 571
48 147
472 467
66 543
320 472
624 611
114 188
284 240
595 16
476 442
538 169
393 519
423 646
553 491
363 592
657 356
321 704
502 85
328 432
492 647
62 273
415 40
460 563
279 348
579 619
654 274
80 339
658 367
142 368
16 370
253 672
18 438
534 385
387 154
109 36
666 35
309 238
74 633
94 352
138 537
129 84
103 208
288 625
440 294
286 455
663 403
284 681
705 110
223 384
129 196
419 87
231 20
324 304
653 282
521 83
111 649
32 79
14 184
703 453
477 146
65 433
413 349
271 410
323 358
86 451
553 505
402 648
389 591
110 199
165 495
147 276
301 178
219 314
226 214
632 702
225 696
292 637
202 427
340 525
77 425
133 495
87 535
300 341
283 409
539 312
196 685
452 496
20 670
675 110
42 464
105 266
317 261
60 519
688 399
201 629
689 333
281 640
25 581
273 307
282 677
619 343
519 363
703 404
191 535
513 232
291 482
362 473
36 421
284 588
113 349
374 666
681 655
598 571
393 29
170 539
570 653
174 381
174 35
649 364
569 455
460 18
229 114
490 129
534 638
9 511
279 248
334 117
60 90
687 452
690 15
283 552
667 322
90 705
221 32
226 654
351 685
671 444
663 453
573 355
248 446
158 526
558 357
643 617
446 622
361 428
636 509
272 461
695 226
323 208
257 549
154 472
391 690
209 212
300 646
566 548
249 588
366 100
237 166
581 682
653 235
267 446
608 538
64 595
629 387
667 43
93 685
515 483
667 588
559 260
526 417
100 639
298 330
603 534
361 477
374 306
576 640
44 476
336 108
228 257
359 187
299 451
29 106
91 696
693 650
113 376
359 77
173 656
271 68
348 631
544 14
229 412
653 138
45 281
110 272
402 468
323 701
211 352
671 301
205 657
108 182
190 467
258 362
280 393
295 627
317 131
505 410
408 316
412 452
596 521
17 291
281 204
149 356
555 112
522 624
633 629
98 116
253 220
342 398
613 501
317 222
497 687
496 197
295 201
513 48
586 394
203 25
598 351
380 310
463 59
227 253
553 189
233 98
409 440
495 314
233 677
400 22
521 188
83 108
253 596
155 132
282 223
156 37
573 400
347 193
324 438
311 169
626 543
131 327
275 626
640 508
460 197
394 273
385 477
380 502
365 399
498 511
486 653
548 352
211 52
409 399
489 584
567 272
420 697
599 694
480 396
359 97
458 46
369 707
522 613
501 44
170 292
554 655
102 259
164 177
175 438
575 528
314 434
93 26
289 556
585 633
109 101
23 566
146 391
565 532
162 359
440 331
515 152
143 616
410 307
86 450
609 525
270 215
117 227
106 405
75 555
195 49
655 217
614 666
473 337
490 634
560 88
122 367
239 129
140 513
435 90
255 201
615 390
416 596
616 386
293 556
233 487
604 180
569 375
138 334
576 493
125 428
580 246
659 683
374 664
488 674
46 608
167 525
290 447
413 198
125 570
618 222
215 514
402 76
47 404
274 622
189 398
208 633
508 24
608 39
687 254
5 598
19 37
280 308
348 558
370 338
420 281
559 499
659 118
574 570
522 5
485 575
402 557
501 202
580 266
106 560
384 682
315 402
11 594
2 224
444 237
426 157
382 277
520 198
395 387
61 74
256 410
648 658
259 306
17 131
572 122
555 113
97 162
515 679
49 381
60 492
617 485
513 156
627 326
354 179
577 414
252 125
116 192
647 374
498 664
369 227
650 217
339 611
378 11
448 426
392 507
76 166
285 588
322 204
71 675
247 647
381 498
637 361
554 576
599 209
397 260
435 205
476 639
108 12
649 555
302 198
220 377
364 504
123 550
572 58
517 111
570 55
473 499
280 319
232 171
528 494
430 120
698 64
623 670
75 430
383 376
492 602
46 13
263 33
562 127
90 236
102 659
155 574
315 434
50 547
604 442
333 192
427 188
255 342
15 329
636 397
704 421
156 614
433 418
511 153
544 466
388 510
417 543
241 25
134 291
436 603
25 633
87 451
685 341
658 699
669 451
254 530
29 409
302 462
120 677
479 528
435 159
331 145
566 571
34 700
19 334
595 44
124 546
359 101
179 174
664 5
625 210
399 518
619 565
137 603
535 615
423 262
639 618
271 497
347 169
354 230
367 106
273 490
651 497
455 694
535 412
563 317
486 255
128 262
684 264
157 511
172 445
638 675
220 201
464 431
235 683
661 601
653 91
249 462
587 703
313 280
407 169
596 51
288 16
312 264
145 469
640 181
71 570
148 290
635 476
586 162
316 539
628 262
629 169
588 374
164 193
653 436
361 541
351 513
422 662
70 566
288 2
39 358
436 51
513 363
526 391
390 707
87 310
261 8
343 141
381 371
198 191
671 559
25 314
229 311
269 163
169 421
164 72
644 464
694 314
692 377
704 374
376 655
548 636
662 48
641 201
418 132
391 382
555 280
560 648
590 693
104 623
407 267
559 208
596 545
521 580
215 382
111 590
329 658
384 283
705 182
348 280
313 32
526 25
176 379
673 59
229 69
681 500
200 533
707 660
235 520
532 449
194 642
197 522
457 580
670 454
54 310
599 232
206 417
256 382
660 86
440 182
19 278
681 219
675 681
171 203
358 568
516 552
367 5
231 117
584 193
435 638
503 326
27 1
36 282
382 695
233 686
34 251
122 8
334 89
553 370
291 68
230 100
619 596
676 8
577 553
200 305
348 567
630 374
433 530
520 679
383 45
658 416
161 72
288 359
25 705
21 181
66 115
145 549
576 113
556 445
665 49
614 170
480 537
543 205
224 356
177 606
265 127
180 290
63 332
649 659
330 669
132 260
649 276
101 517
389 522
119 211
435 26
381 207
427 216
412 650
436 588
414 566
579 593
148 506
217 89
457 411
623 589
670 429
22 636
103 410
450 221
621 42
111 159
248 402
239 524
210 675
269 623
398 140
373 545
510 454
499 260
158 279
6 692
572 27
620 674
302 227
52 80
133 163
238 381
429 476
62 638
308 331
553 705
335 83
408 138
537 64
262 559
207 132
543 71
23 321
37 324
412 88
268 545
115 505
83 544
139 144
339 311
474 50
174 102
132 581
104 533
509 230
384 8
361 85
78 383
405 686
572 681
638 132
518 618
502 600
454 505
609 657
108 375
706 281
341 131
19 444
528 527
538 205
399 191
289 341
439 558
319 168
531 250
299 207
25 93
671 343
597 572
292 570
105 291
143 445
286 162
47 106
553 584
310 245
640 463
585 236
313 197
403 2
311 701
208 335
659 36
542 413
608 126
275 5
416 283
314 566
309 360
672 154
102 139
398 606
467 276
134 644
337 536
645 512
394 10
4 345
46 545
623 518
670 55
387 244
202 700
674 510
218 638
664 319
642 219
82 401
359 215
202 695
615 140
364 301
14 367
511 59
69 426
441 604
345 120
140 547
113 106
349 330
609 170
513 408
389 459
673 40
673 167
600 580
171 121
173 185
353 548
108 421
131 549
317 476
668 321
180 645
427 528
132 193
563 509
600 109
260 565
13 225
596 477
669 60
598 707
244 243
547 216
663 678
57 138
311 590
458 490
527 42
175 524
234 30
325 698
138 450
420 16
539 309
492 501
368 382
500 476
489 204
691 445
174 613
447 484
495 197
266 179
239 441
567 472
335 185
328 338
634 40
353 330
213 137
123 580
384 487
213 165
691 62
474 157
674 78
506 461
275 64
504 513
369 364
142 569
413 469
199 204
374 416
533 586
417 656
324 93
300 536
123 283
597 461
440 563
539 103
181 678
31 550
483 400
206 489
261 483
116 324
686 489
32 376
367 448
324 555
541 624
384 528
64 138
146 368
566 549
470 611
519 501
453 159
58 523
648 318
298 56
641 141
409 672
517 640
277 705
488 682
486 164
502 550
166 513
210 24
354 680
635 166
338 245
324 395
61 129
577 223
184 510
364 457
339 173
390 615
170 455
656 198
249 363
363 626
572 252
273 409
44 303
39 288
626 298
213 48
167 436
96 676
92 553
172 129
100 652
163 269
399 683
466 512
338 693
431 203
237 568
476 280
163 380
433 653
677 645
700 137
238 661
677 194
371 7
322 470
658 350
603 214
325 226
590 663
211 178
23 313
38 498
457 65
170 182
11 140
692 3
141 222
528 110
416 191
116 602
525 638
244 420
9 569
510 599
524 586
641 411
191 679
201 512
36 236
694 46
240 543
621 380
57 306
489 337
362 605
232 179
400 475
464 409
336 266
300 17
144 233
427 199
69 493
4 677
21 562
587 125
397 500
504 318
671 150
655 325
619 179
503 312
518 124
13 12
255 177
28 398
274 320
462 343
677 465
177 562
184 56
686 580
421 482
55 384
631 2
1 408
45 368
12 428
492 24
439 39
65 331
301 338
650 55
545 484
384 14
338 567
70 316
304 490
662 224
31 451
90 31
151 135
263 162
427 619
50 158
657 114
488 116
316 296
35 154
72 284
167 410
143 101
590 312
455 545
400 485
153 489
380 303
488 643
329 207
419 243
364 369
356 10
349 536
170 383
689 106
666 14
380 674
114 263
143 434
672 542
211 117
188 456
284 676
256 612
175 674
147 404
200 367
278 548
60 447
89 42
552 619
627 225
450 605
352 592
331 181
291 407
162 479
155 445
312 410
214 351
241 225
619 441
456 189
281 515
500 234
421 210
146 340
299 595
103 515
345 433
695 500
704 149
136 151
593 447
425 671
663 666
188 574
399 643
628 544
315 420
71 29
494 81
368 85
675 470
599 177
61 451
542 57
599 677
73 349
282 362
312 237
320 499
103 583
299 595
420 614
308 355
642 94
435 167
44 267
502 507
309 427
251 143
483 142
112 555
491 258
210 95
359 394
459 327
135 622
214 419
528 521
66 327
480 365
359 523
496 153
322 97
579 572
239 219
579 216
639 362
338 6
321 697
399 644
316 398
559 529
109 379
208 174
571 687
403 222
367 192
239 553
153 110
418 392
193 154
472 124
515 102
129 700
663 393
637 271
83 488
665 57
24 165
95 594
144 498
680 510
554 211
355 706
185 637
255 378
83 19
366 462
693 360
320 513
617 249
77 699
601 34
620 624
198 8
376 206
505 348
580 351
424 227
214 473
22 469
8 676
352 374
296 337
26 615
143 507
21 84
363 621
689 276
402 179
283 70
249 652
283 121
295 571
212 508
336 233
134 344
67 486
582 227
115 472
706 122
271 19
70 633
504 51
201 198
94 483
133 342
427 280
327 586
143 539
252 343
636 385
686 567
163 425
86 143
189 84
129 459
674 199
250 470
249 450
533 208
91 665
414 382
102 34
261 109
572 377
451 365
54 295
225 82
12 310
89 66
394 217
524 360
415 66
695 529
381 520
601 471
342 307
10 443
340 270
551 69
511 294
434 430
453 658
511 465
125 464
530 383
680 211
608 253
142 595
646 387
407 539
150 613
3 24
348 343
159 56
276 669
214 574
391 667
524 59
289 514
522 111
189 360
186 89
612 327
548 550
6 247
246 20
17 248
44 229
455 67
284 596
28 498
462 284
322 144
342 610
657 22
585 3
381 63
92 285
255 639
699 125
44 102
145 60
214 53
289 669
119 437
557 11
92 176
294 413
319 501
180 133
522 57
136 195
692 227
344 239
23 200
363 638
301 372
698 514
289 144
340 272
580 54
283 537
230 576
242 413
369 287
546 48
343 681
107 192
65 450
430 659
514 658
590 679
187 445
351 476
588 690
612 325
609 187
154 703
628 261
408 154
547 111
202 47
656 308
239 13
623 533
537 429
348 419
266 535
156 616
168 608
463 72
90 364
124 109
224 44
234 497
197 645
607 398
691 556
706 87
433 486
620 262
207 125
680 337
659 700
245 691
465 1
56 555
229 179
528 318
87 54
107 283
698 6
546 681
426 409
633 17
187 410
278 258
534 116
595 351
680 132
334 438
704 254
150 91
297 677
408 383
23 379
666 13
249 369
558 540
70 348
556 256
50 126
513 584
106 400
227 79
397 560
381 258
107 530
213 268
499 485
651 386
156 474
398 405
135 113
237 204
461 657
459 510
647 129
251 46
394 477
696 655
195 234
205 166
56 418
433 419
60 376
97 216
7 359
485 141
336 586
209 89
535 532
464 474
661 579
519 347
349 372
294 408
605 363
573 525
645 163
236 705
404 332
213 410
555 697
416 184
440 624
137 267
449 600
33 267
472 417
613 685
653 64
385 551
426 115
368 364
142 469
226 545
665 438
113 513
292 528
696 24
309 125
155 50
590 187
181 354
468 86
196 414
14 445
122 305
424 354
533 565
115 51
403 645
488 515
450 644
200 438
532 508
427 686
423 309
30 603
527 363
554 15
641 432
324 55
29 40
273 561
470 253
611 165
190 256
544 639
57 608
234 588
408 660
431 695
262 326
456 653
688 302
533 621
598 149
540 627
54 105
345 523
222 114
552 411
369 253
207 291
153 440
36 560
258 332
413 519
657 161
329 502
327 154
415 217
168 112
136 221
216 481
608 438
594 452
6 120
704 213
410 14
652 311
438 202
642 143
585 591
303 207
385 629
225 664
139 392
68 139
477 148
484 377
450 235
693 456
355 554
668 629
567 477
232 298
544 31
440 286
621 608
357 163
394 582
119 397
131 186
401 608
199 177
277 648
412 263
396 631
109 221
552 676
563 649
131 399
679 435
549 458
335 199
620 594
645 604
283 68
654 683
540 145
18 110
86 429
237 346
352 210
567 61
178 287
2 173
550 546
608 391
296 100
454 73
693 256
676 134
324 623
681 21
632 698
130 10
284 231
221 500
441 80
561 483
231 427
656 73
130 421
463 290
520 75
363 371
330 331
369 518
111 207
539 36
63 533
617 346
57 130
139 497
74 564
272 304
148 85
376 278
505 704
567 183
71 222
553 400
418 79
211 393
285 614
293 347
439 203
558 495
197 561
149 271
417 421
439 429
370 108
706 168
676 566
350 39
652 60
303 227
3 378
485 287
284 70
499 16
137 214
375 334
67 524
469 348
102 200
69 336
172 68
503 140
498 10
43 307
641 346
399 643
16 176
88 165
110 451
45 247
664 419
445 23
100 206
235 66
270 303
402 442
235 62
581 597
72 624
197 577
127 595
378 7
635 465
171 37
73 215
148 29
499 592
623 598
662 150
664 225
317 223
531 552
284 404
441 220
185 637
90 176
389 467
183 181
89 353
218 161
433 230
54 224
115 676
686 641
690 507
158 299
22 688
143 306
250 449
390 299
378 479
340 632
103 522
105 191
32 187
216 464
282 269
552 396
102 531
194 84
330 217
248 217
62 255
387 176
703 69
475 239
548 679
163 515
493 132
706 389
184 214
11 465
348 562
18 314
250 211
398 445
427 510
526 354
57 205
529 53
273 161
291 685
132 318
493 624
449 356
171 497
434 181
254 646
607 271
253 15
347 515
459 638
317 277
284 373
346 106
425 483
266 580
461 398
190 111
179 504
331 349
293 57
394 547
703 294
682 113
308 186
627 631
689 236
65 265
608 410
235 191
185 366
63 510
628 118
485 99
621 108
313 206
30 571
617 597
157 457
2 329
642 628
252 488
156 181
46 628
590 145
111 640
510 39
442 430
21 85
394 641
192 571
4 86
434 486
682 591
235 683
77 34
468 194
522 623
374 432
544 257
576 519
54 244
422 495
673 442
444 224
240 501
87 244
586 521
22 561
269 121
401 345
19 162
403 405
649 70
129 350
191 570
27 244
106 448
603 71
48 340
295 287
133 246
395 11
59 281
436 192
266 702
402 285
21 97
689 669
166 111
177 356
680 203
464 78
515 360
13 562
699 172
7 696
418 266
571 341
547 300
398 105
159 92
389 179
53 236
5 84
211 181
439 183
248 61
125 628
420 2
482 276
39 353
264 321
619 127
526 323
291 216
427 449
172 681
492 225
209 497
308 284
542 611
331 83
671 455
3 383
321 349
523 359
567 79
679 343
206 498
665 361
578 249
103 43
222 594
267 295
248 439
578 83
342 66
30 171
520 604
418 706
245 234
357 676
312 194
311 382
691 268
36 561
382 3
468 461
599 628
2 330
363 656
537 429
685 572
241 581
282 104
690 515
326 659
692 519
127 231
367 260
131 85
641 133
553 401
459 444
321 325
639 684
138 333
405 115
197 510
560 478
479 407
151 97
223 135
615 350
230 274
474 361
223 407
358 68
672 109
377 286
298 173
127 435
505 396
414 701
63 131
471 406
538 486
502 53
485 409
267 8
547 33
368 63
304 590
702 269
564 236
419 154
408 410
454 205
670 160
198 597
291 534
296 693
312 90
610 90
364 170
669 68
67 329
130 371
211 697
504 67
90 215
86 498
624 539
702 451
563 58
340 146
591 635
703 60
18 606
14 246
640 682
313 706
168 308
234 244
297 30
175 386
109 260
41 25
663 36
340 519
665 680
529 413
607 525
472 489
288 351
27 220
325 340
218 358
647 452
601 101
346 68
351 455
193 392
344 13
292 684
396 249
656 218
661 420
607 290
202 187
505 93
406 123
432 488
345 236
97 238
201 443
170 552
190 227
236 533
105 392
374 500
640 322
582 458
607 481
612 101
532 410
58 95
397 355
583 34
590 679
136 656
414 170
500 468
397 600
159 501
284 532
158 81
12 33
538 618
378 442
583 203
9 640
297 405
287 37
438 35
581 438
690 287
608 347
620 162
239 71
527 387
467 684
467 478
581 297
388 252
603 263
454 612
196 615
174 347
517 612
246 390
207 228
541 679
439 453
133 542
388 524
221 148
366 687
625 239
141 306
490 37
433 101
513 628
9 686
133 390
455 378
72 662
471 612
498 202
223 631
37 610
312 257
50 677
102 540
209 242
138 698
143 570
664 655
356 537
499 353
219 246
23 290
65 358
194 563
560 281
351 461
184 662
582 98
497 683
637 705
218 67
560 225
502 516
173 15
345 536
367 428
74 254
10 4
612 69
431 329
349 74
82 397
600 663
495 389
639 424
251 14
356 104
238 15
484 275
29 694
103 260
414 42
378 289
45 282
357 340
610 570
278 691
260 170
512 47
424 308
335 674
186 690
642 423
704 284
563 597
135 665
14 548
571 392
129 480
673 350
112 441
78 389
289 337
424 93
248 140
265 582
678 450
430 478
31 426
626 593
181 53
415 194
465 279
450 459
51 281
101 163
14 178
416 302
379 132
260 626
136 524
366 107
267 88
449 297
378 367
182 558
419 596
617 176
32 359
634 83
639 600
110 652
642 525
112 314
657 371
97 85
187 462
56 318
549 369
614 220
28 660
642 311
414 551
352 445
68 143
392 571
607 501
381 542
319 492
13 268
20 681
217 71
436 138
389 142
506 160
226 399
685 26
574 391
576 218
700 508
226 385
372 125
178 45
531 496
401 408
628 420
382 3
355 682
140 36
116 645
61 207
201 38
232 68
293 672
285 338
375 534
2 500
5 618
188 365
176 596
151 460
270 153
107 244
292 8
224 94
68 430
295 677
526 227
262 491
376 411
121 44
238 694
408 242
469 595
471 644
348 621
396 617
66 367
18 222
374 242
181 306
536 340
275 355
566 536
3 234
240 695
142 342
681 549
448 307
302 211
243 649
125 503
424 55
27 441
142 401
682 322
706 376
661 139
23 519
674 597
617 71
584 52
277 422
465 17
21 59
228 128
1 217
495 289
136 521
22 277
79 569
598 650
237 416
81 124
92 619
13 2
555 596
625 124
175 382
141 195
441 233
187 306
314 681
594 449
359 615
591 438
341 346
245 577
55 325
700 146
101 577
12 655
330 636
644 504
311 77
563 44
174 42
214 487
15 672
93 239
444 683
541 78
322 78
654 241
267 512
386 232
246 398
180 576
326 116
237 501
57 93
409 95
134 622
581 14
586 673
252 323
649 657
400 128
27 211
368 158
587 618
389 126
308 433
566 499
413 95
292 334
187 701
428 186
480 301
199 359
267 315
546 73
129 103
65 20
178 432
177 58
342 430
48 515
156 478
306 568
572 462
195 624
320 622
674 93
81 30
316 212
209 154
149 337
121 213
356 298
644 532
220 143
254 132
657 274
609 120
135 339
447 194
120 59
680 86
16 53
687 331
264 188
349 412
524 334
489 172
632 425
568 9
433 686
6 382
118 479
367 117
110 106
310 94
29 147
44 45
200 23
240 328
210 454
605 598
80 386
634 576
676 494
450 401
338 455
647 455
226 306
436 201
276 38
294 170
184 203
79 248
225 318
441 300
64 338
190 9
16 117
449 691
475 191
249 105
645 189
424 164
359 17
364 500
54 657
669 103
17 40
215 242
222 655
541 151
150 595
159 166
4 607
14 479
91 263
448 28
451 30
56 674
46 419
466 672
234 427
639 250
331 146
356 553
666 189
568 108
77 19
138 652
490 152
423 445
414 29
338 22
58 393
560 103
677 319
639 203
610 570
317 99
581 673
651 539
19 511
511 667
394 649
612 41
665 192
486 236
220 116
257 277
373 109
245 342
292 176
544 195
39 19
293 484
691 101
180 2
476 690
669 27
496 438
67 453
629 552
688 142
532 102
418 63
76 527
404 367
703 106
426 606
124 583
382 107
548 561
680 316
408 506
342 197
236 274
514 158
690 360
164 515
461 581
442 536
266 138
61 261
243 486
24 231
227 270
202 67
695 175
383 395
680 589
456 74
20 263
231 3
622 394
382 240
132 116
641 397
253 701
522 361
344 410
456 570
679 658
637 666
125 177
354 669
630 674
35 650
94 130
517 580
523 191
113 520
306 46
74 423
39 461
648 382
163 397
110 135
347 611
93 336
80 311
297 574
278 197
516 236
326 325
109 7
380 221
526 550
266 464
266 169
217 206
415 380
467 524
379 106
427 471
441 371
647 603
238 82
92 618
317 417
101 425
423 345
510 106
188 640
570 453
673 79
523 381
323 283
62 701
253 354
330 694
589 134
454 691
215 545
602 396
254 567
686 542
204 488
512 391
286 374
1 251
318 524
496 640
671 558
499 216
69 121
67 657
254 520
641 333
357 400
21 476
124 571
175 327
217 686
583 502
218 583
45 535
264 541
332 92
256 123
308 324
108 239
138 226
52 643
558 273
335 444
613 458
172 80
650 388
631 525
182 141
265 92
675 394
497 164
485 45
287 657
233 259
189 235
485 240
171 200
377 370
508 283
121 680
362 635
360 285
452 407
290 581
498 257
132 152
286 617
196 437
431 293
695 619
392 337
16 562
402 258
225 202
540 210
39 59
137 399
209 453
670 498
191 460
620 323
476 198
97 671
634 392
121 621
169 377
116 49
232 517
306 321
11 138
395 622
197 396
313 405
6 140
195 196
464 107
383 232
169 344
60 95
29 180
581 197
556 696
245 652
505 551
130 380
553 389
294 614
77 471
311 82
610 371
143 366
342 390
597 511
27 656
605 627
700 478
688 414
331 90
223 128
505 218
508 351
606 666
257 683
430 433
629 332
668 636
698 302
319 452
677 210
266 440
701 123
75 681
536 406
63 624
533 568
134 198
76 32
157 332
7 586
629 501
75 589
429 637
49 40
382 18
114 647
457 107
634 397
80 463
95 8
379 627
575 377
118 515
408 139
4 280
17 633
73 91
514 501
21 427
406 267
310 519
71 59
626 704
320 570
324 414
577 567
334 309
236 316
116 509
319 120
81 335
617 153
290 288
518 175
8 216
441 317
600 376
240 518
373 560
380 696
266 115
421 464
423 656
644 404
457 255
523 402
454 432
554 609
12 230
76 591
310 382
200 202
50 440
12 287
157 257
141 422
371 561
44 658
374 687
354 124
100 169
525 553
465 237
454 342
331 530
225 640
69 290
135 690
594 11
270 43
132 275
329 502
128 372
453 366
217 671
489 316
705 172
161 462
273 480
668 468
167 186
400 235
475 399
217 361
410 351
268 406
625 596
201 617
261 518
276 477
481 629
85 478
665 110
98 230
589 58
697 48
108 255
147 582
653 229
100 220
579 367
626 362
256 691
271 381
501 546
15 139
333 671
482 290
73 579
385 527
501 239
439 609
493 451
348 304
679 448
523 415
679 306
69 227
289 340
472 654
43 486
658 240
449 432
530 387
168 207
206 668
445 509
569 96
252 210
399 88
522 79
503 493
250 571
585 538
68 349
350 111
128 165
215 441
596 37
120 628
108 190
453 418
564 180
513 108
254 69
61 68
12 563
425 261
426 302
92 359
516 306
334 643
470 548
241 223
585 361
8 692
415 460
267 271
639 72
244 185
5 304
117 17
159 542
277 449
1 233
100 516
403 433
316 165
274 557
252 16
210 259
572 624
584 132
188 515
68 431
565 73
599 546
89 50
380 230
498 246
328 463
54 23
188 370
53 326
219 304
341 293
428 206
209 304
337 261
683 269
556 405
341 447
244 294
361 488
389 152
26 9
479 80
31 666
314 83
285 532
252 490
117 544
695 190
140 189
316 687
458 164
250 663
476 493
250 129
138 638
145 164
511 623
108 541
447 421
489 596
110 33
378 226
576 231
415 580
419 23
424 34
52 673
697 392
323 104
520 461
606 530
489 409
310 461
242 49
174 23
644 148
627 180
373 495
410 652
232 693
540 656
20 456
486 581
140 102
684 524
427 582
346 208
148 656
533 389
569 571
277 371
11 196
550 248
556 117
192 652
674 596
600 558
344 244
431 348
345 272
165 636
11 375
1 158
188 533
412 50
396 553
285 271
613 699
518 326
680 574
271 646
463 28
497 671
271 85
312 480
222 341
408 97
8 408
120 196
98 531
110 493
241 259
628 146
250 438
472 222
305 35
25 60
62 386
595 198
471 199
677 557
404 378
653 412
650 65
472 41
460 446
398 700
704 319
139 111
621 475
332 218
374 221
142 300
607 30
497 370
228 332
84 632
574 29
201 516
94 537
421 418
275 684
411 136
160 414
246 73
181 442
291 419
662 432
11 561
461 373
88 554
704 171
343 570
200 408
243 158
237 529
575 511
505 143
646 529
556 184
601 625
49 312
579 346
188 298
671 560
385 382
421 556
17 283
620 424
390 642
525 211
509 328
580 517
131 401
365 179
160 124
668 73
300 540
418 487
702 247
204 379
628 489
92 510
636 4
226 319
645 44
394 312
236 267
121 232
532 350
410 556
338 371
494 638
68 204
282 62
315 351
440 236
132 532
38 61
400 128
379 203
36 65
379 137
196 364
368 593
6 70
306 209
440 92
139 372
161 420
433 475
635 31
3 60
427 612
120 119
33 363
186 640
292 564
69 488
220 436
238 91
506 543
299 103
635 437
475 88
14 65
427 649
95 430
573 521
199 692
505 231
347 690
29 638
547 97
283 59
533 385
14 196
221 312
163 13
613 637
672 627
702 391
433 661
685 298
475 177
147 272
272 358
119 300
288 665
262 436
589 87
113 602
147 333
72 309
210 684
104 174
603 670
565 193
488 407
355 255
583 501
391 13
151 510
312 304
332 573
604 78
524 9
545 535
207 616
2 416
592 677
455 353
639 177
410 284
583 58
539 324
423 87
336 439
596 647
607 86
378 503
163 59
376 572
594 582
480 595
156 365
564 475
582 360
651 284
643 391
206 339
7 629
426 342
225 179
147 124
129 389
491 157
447 159
21 333
606 501
85 626
23 513
393 604
165 336
45 673
591 251
169 598
37 594
97 261
638 108
249 59
361 604
215 101
55 236
298 525
601 383
443 623
53 128
384 218
328 428
48 212
543 216
674 579
675 635
704 470
36 110
528 396
6 608
361 633
1 659
315 601
199 51
381 251
43 57
333 371
349 245
447 185
326 413
628 293
340 490
55 240
599 447
501 470
347 154
395 347
677 2
105 33
624 485
149 667
406 346
330 48
591 641
97 209
346 17
366 550
506 285
655 263
24 448
25 236
466 284
447 301
150 552
198 67
194 346
26 600
692 220
647 440
153 36
648 363
624 171
205 288
455 17
550 343
464 439
578 88
15 183
253 164
27 450
95 220
89 692
684 645
204 623
377 221
523 317
448 305
352 518
592 99
534 299
441 156
30 177
243 44
359 495
72 250
102 167
334 190
151 311
699 220
91 368
440 614
549 46
76 193
563 667
156 389
258 462
409 287
638 651
