453 2008
70 117
79 246
405 141
224 339
97 327
370 439
181 217
182 252
66 174
397 433
386 135
325 78
44 414
293 62
142 125
293 209
239 369
1 191
54 225
76 151
98 443
136 276
204 315
72 270
35 16
247 418
148 118
40 189
77 332
250 218
3 87
426 239
453 427
429 53
196 49
203 291
36 336
113 238
197 185
54 231
198 298
193 345
416 232
80 39
110 327
256 110
411 226
349 410
197 322
9 392
371 212
229 404
94 340
188 289
69 241
66 266
86 259
155 46
37 234
82 145
105 335
252 62
107 145
18 304
14 26
240 382
235 14
332 327
351 67
162 419
305 225
231 390
28 385
433 63
163 61
205 267
395 3
328 47
148 343
348 161
366 134
89 148
145 420
19 42
31 178
7 336
402 235
270 428
164 250
37 326
308 241
137 250
243 9
294 388
351 188
93 264
319 181
409 11
146 427
50 176
149 55
56 97
289 326
71 451
122 105
323 429
345 7
223 133
15 63
67 364
250 160
174 114
338 127
124 28
98 171
202 246
223 257
342 59
129 411
54 248
62 376
222 407
380 444
84 393
52 150
303 299
307 21
412 192
147 80
219 244
249 418
34 18
222 373
74 350
330 127
143 390
50 364
341 427
352 424
366 401
120 213
247 425
233 203
163 377
283 379
167 76
344 198
93 110
118 167
4 447
293 146
383 340
56 270
314 406
238 224
353 356
437 146
327 216
349 34
140 176
412 304
251 300
47 341
409 164
54 413
155 345
103 83
229 159
350 87
109 135
311 8
37 292
154 363
54 47
394 191
220 352
40 15
197 86
353 150
247 405
109 401
296 210
30 69
368 380
156 23
61 13
28 95
304 179
4 355
223 397
91 442
293 128
1 34
211 354
184 4
303 290
404 145
46 434
213 411
358 366
431 418
378 6
59 226
184 60
126 407
1 216
393 291
343 392
325 98
290 55
101 139
342 51
281 388
29 38
343 386
404 321
348 326
324 406
99 54
10 222
5 10
435 396
301 322
334 172
419 168
224 66
306 112
114 133
44 143
170 385
73 118
252 421
444 122
373 87
173 383
308 176
390 289
118 237
157 449
406 122
163 174
185 13
284 298
145 325
438 312
256 58
430 54
25 418
173 395
51 344
322 356
66 259
189 181
40 343
176 444
9 336
164 193
348 445
37 317
22 348
119 77
322 171
101 284
341 42
332 231
364 234
294 167
420 19
206 309
194 317
74 358
56 421
347 91
4 210
110 350
327 186
216 42
284 47
382 325
378 158
233 157
449 399
123 15
150 432
206 343
295 280
245 349
247 139
437 249
346 91
145 217
276 360
258 104
404 185
428 329
340 208
30 335
151 152
347 300
130 100
190 423
377 434
316 170
117 299
416 10
389 107
226 209
12 29
312 413
213 284
288 99
36 315
431 187
14 325
31 141
422 220
110 345
199 423
59 315
268 22
322 201
126 93
407 135
121 263
95 331
92 380
427 127
242 404
311 253
273 342
393 239
106 48
130 304
17 187
164 283
208 30
30 331
122 435
13 240
242 105
117 333
31 90
5 270
39 315
69 309
203 9
95 307
56 222
157 72
408 318
354 160
348 382
38 14
361 50
254 149
154 368
27 182
5 31
450 41
345 65
347 93
71 441
399 126
208 100
196 162
416 94
322 308
20 359
321 378
406 119
74 104
34 98
283 36
128 279
76 17
342 422
107 412
408 52
83 160
150 276
321 112
369 187
419 387
90 284
311 40
403 382
143 434
26 424
16 151
249 89
168 135
55 274
94 7
324 174
166 20
449 34
129 362
218 94
295 308
375 151
347 322
79 35
302 105
5 317
253 251
403 420
386 5
239 24
11 107
197 177
126 192
208 254
98 423
345 391
277 264
88 169
133 166
203 434
268 205
296 68
2 245
32 385
249 268
408 258
374 151
432 44
340 184
295 436
153 184
373 430
448 7
143 127
170 343
105 436
94 400
50 93
192 79
25 438
347 430
240 265
126 218
309 12
401 150
445 101
334 364
75 328
368 217
452 85
104 103
67 195
50 114
287 239
190 309
221 81
286 8
346 411
225 199
420 171
348 410
271 226
320 343
98 235
104 94
317 207
197 381
401 244
39 232
27 228
88 247
309 371
254 199
326 24
397 290
194 289
246 9
60 113
351 157
345 1
249 206
205 445
131 150
233 169
381 259
394 13
52 249
381 304
445 253
327 386
90 65
222 333
73 279
443 421
433 332
419 228
84 170
217 212
319 449
380 244
254 321
257 304
114 182
154 104
435 25
36 69
89 255
401 161
80 391
126 60
269 91
285 351
258 49
109 121
42 34
364 296
354 165
144 12
347 295
115 326
319 149
394 405
403 339
110 28
276 235
85 90
325 369
438 129
417 93
249 6
126 157
299 24
322 440
34 213
281 146
85 144
294 23
95 244
361 204
271 182
438 355
271 309
268 253
435 230
345 228
233 16
384 76
37 250
62 68
9 342
214 91
32 54
113 124
295 19
327 112
200 311
11 15
164 277
267 143
53 156
370 285
169 298
358 206
95 419
271 101
305 31
192 334
85 302
4 379
320 330
36 66
185 44
78 346
320 344
35 370
47 402
199 213
246 103
416 340
68 234
439 370
264 177
250 346
23 253
272 343
127 305
406 309
346 29
201 211
372 235
127 416
183 326
176 427
428 138
313 41
369 298
410 180
19 205
72 42
2 341
382 129
190 332
437 83
360 183
293 277
417 237
145 289
410 118
262 93
428 300
8 271
254 187
289 5
257 328
7 144
254 133
332 133
114 414
37 296
251 311
258 214
95 402
50 49
64 309
141 36
153 149
306 406
333 142
411 136
14 417
278 268
96 156
398 207
114 432
50 364
290 307
124 382
253 171
430 314
24 118
349 176
264 202
129 143
341 86
277 354
47 99
166 140
254 108
346 365
85 395
275 372
246 398
300 45
114 274
358 137
389 254
313 197
453 441
340 73
161 238
117 259
402 256
57 56
148 421
140 88
240 58
333 184
355 376
297 174
280 432
109 78
291 306
77 278
190 414
348 199
11 151
147 264
205 202
409 170
340 43
409 395
374 137
295 296
432 15
120 410
121 198
247 424
272 69
160 233
416 52
431 424
202 122
234 404
323 189
120 207
230 75
147 150
210 441
443 188
453 109
142 120
304 386
89 123
1 246
353 414
298 330
384 44
451 162
448 318
348 114
70 122
187 216
269 394
201 258
126 198
367 267
315 217
199 403
337 199
196 236
159 38
110 87
81 105
246 75
421 138
187 35
260 371
248 75
311 446
333 436
190 244
247 51
5 445
1 340
188 194
120 344
231 228
430 309
330 220
382 297
357 113
329 161
30 123
236 338
115 113
318 304
356 111
353 358
100 351
244 287
89 364
175 319
138 151
174 14
368 100
309 269
212 184
430 241
305 212
123 419
324 438
268 224
93 165
128 192
60 370
23 148
280 197
13 415
345 184
428 259
284 281
75 42
12 51
281 314
260 401
277 128
386 89
351 25
253 23
217 312
392 239
6 216
434 16
177 325
198 150
129 26
430 203
67 439
251 345
299 57
293 121
182 225
209 79
247 7
99 10
318 36
247 322
251 225
335 428
96 79
124 224
104 98
424 169
84 219
58 380
273 348
47 1
119 256
77 366
262 176
373 124
211 164
443 8
388 325
433 29
401 101
252 50
199 221
216 280
439 273
206 259
168 251
257 284
53 334
194 312
56 112
433 264
275 423
269 208
294 249
236 239
347 32
288 90
250 50
369 234
321 120
39 35
370 293
316 420
173 57
278 228
166 255
36 438
224 305
192 62
98 425
301 442
2 135
79 249
183 447
29 50
111 65
82 27
358 397
444 77
451 266
303 161
68 336
146 291
187 335
353 282
305 198
271 304
330 349
99 59
340 126
106 449
190 185
22 92
127 13
167 122
278 16
283 343
351 428
181 83
309 78
362 160
275 179
10 149
72 107
208 410
232 311
405 421
43 424
58 169
434 224
290 257
239 119
146 134
91 324
214 400
401 123
104 220
301 112
369 371
218 121
325 449
431 276
414 18
244 18
186 225
241 21
28 26
137 171
158 228
42 371
172 442
40 275
209 339
384 122
254 148
242 125
143 219
400 104
237 188
121 420
412 362
438 437
385 122
155 87
347 196
5 63
182 42
337 390
378 268
56 178
413 297
302 103
61 246
204 297
434 324
261 392
230 246
374 160
365 75
246 256
268 248
318 449
290 199
384 212
11 439
390 424
283 238
73 343
29 276
184 9
144 442
398 372
234 318
78 143
390 321
398 204
116 262
200 403
8 130
161 18
115 97
439 395
333 58
284 361
331 12
369 20
1 311
391 232
174 13
375 110
333 317
314 448
124 58
397 129
187 105
144 299
199 130
241 78
185 69
438 63
79 351
80 77
207 17
308 380
27 227
36 359
89 347
352 212
404 295
340 135
397 28
432 141
157 217
218 342
283 201
402 361
96 28
437 302
42 290
226 68
63 260
426 151
151 324
360 102
164 246
234 105
274 210
245 428
426 8
316 256
206 264
161 299
291 145
146 330
432 371
397 41
177 368
190 328
236 96
427 397
340 205
49 158
415 291
132 385
296 446
187 48
256 348
345 92
37 421
15 407
363 53
129 277
242 1
59 336
425 1
222 174
49 379
135 337
55 67
178 47
251 223
301 143
114 392
179 150
357 191
104 264
244 230
87 30
228 144
365 199
144 133
372 190
56 52
71 111
116 248
155 366
18 2
56 131
391 232
281 295
423 382
105 211
156 190
238 383
331 150
126 19
280 44
206 336
93 276
444 208
69 145
121 86
147 174
214 84
405 39
376 372
418 26
127 120
213 365
47 90
61 172
106 338
214 311
220 304
131 208
59 199
353 177
282 44
350 41
125 299
79 48
216 44
71 342
161 281
251 206
370 309
375 20
194 133
330 411
437 5
166 42
204 63
218 30
106 112
70 230
410 149
275 172
190 343
59 348
170 307
100 84
163 20
103 354
152 430
311 135
435 23
176 183
85 391
212 188
49 282
418 6
428 237
175 162
127 231
56 296
85 154
380 245
173 27
145 324
4 2
4 436
23 179
165 105
115 376
293 163
202 255
166 174
36 339
335 162
116 389
3 198
89 380
442 259
406 131
127 407
131 130
389 153
307 98
255 421
21 94
130 220
346 296
392 382
181 273
88 294
208 88
39 294
12 25
97 416
156 224
369 286
353 303
436 206
400 237
173 418
329 303
183 219
143 121
145 321
393 233
159 146
318 197
437 330
220 81
292 373
304 205
203 201
54 185
407 1
419 124
416 292
424 145
58 111
265 202
431 203
432 137
348 297
331 329
173 95
407 9
14 257
213 216
3 267
398 407
265 362
77 227
200 46
370 257
156 181
6 134
383 437
268 275
278 145
149 450
240 102
3 251
357 216
12 359
29 407
312 291
315 386
62 431
431 316
134 159
319 265
86 301
79 359
125 221
54 120
5 155
122 256
58 335
265 416
361 218
272 198
80 203
260 139
180 235
452 311
391 318
122 24
163 198
382 287
419 433
404 421
134 71
223 192
405 34
152 313
250 422
55 327
171 312
12 348
94 8
206 31
323 325
52 32
70 431
317 33
410 267
453 89
335 221
280 287
252 429
144 48
395 198
374 110
57 383
5 150
391 208
178 260
79 230
292 146
205 155
176 162
419 176
248 301
394 72
132 192
47 275
240 440
19 160
96 73
88 100
222 25
307 398
284 384
172 120
74 376
272 250
82 236
423 329
81 363
400 210
101 445
31 338
431 47
43 73
120 130
171 339
152 22
283 433
405 1
100 26
375 369
273 3
151 242
332 229
151 276
438 249
267 13
132 242
60 174
315 177
301 30
62 452
51 343
431 1
341 77
24 262
444 296
265 139
84 141
368 234
416 352
27 230
365 158
18 422
331 330
145 176
359 204
174 408
91 152
408 432
226 431
240 216
273 51
353 354
189 267
132 152
163 158
379 72
316 394
38 191
271 180
367 174
384 85
126 19
236 78
450 7
55 237
222 325
285 121
225 21
385 356
170 93
59 95
162 372
35 200
107 303
379 18
22 307
103 147
326 336
225 322
342 277
103 111
147 386
229 369
404 159
270 120
249 328
214 410
244 246
156 350
94 82
368 115
386 15
259 258
350 28
125 239
303 225
347 449
157 120
362 107
278 178
224 73
50 435
28 293
228 183
188 321
262 100
433 195
114 236
450 8
264 119
246 113
344 137
106 45
257 14
150 79
190 373
150 239
353 177
77 127
359 262
445 166
361 422
358 19
204 354
26 14
18 270
124 359
406 227
403 209
239 97
286 428
15 435
211 367
158 285
38 61
93 29
226 451
448 130
16 198
29 40
210 44
307 333
402 259
105 349
13 343
446 298
315 5
279 70
371 434
355 406
41 445
432 265
441 426
394 3
170 420
40 379
10 346
257 409
150 361
305 162
248 295
4 109
297 282
176 212
262 75
164 300
65 142
111 52
114 50
52 281
14 92
207 24
435 8
430 131
368 281
292 160
120 295
268 416
121 441
174 380
63 337
227 127
23 335
176 136
384 227
415 398
318 168
419 300
175 395
430 87
221 267
246 340
108 58
301 227
45 21
153 105
356 377
229 378
259 404
59 189
178 18
133 40
185 96
339 357
38 314
441 258
127 233
142 232
288 440
5 332
8 158
435 361
81 210
283 337
161 339
73 336
356 203
375 85
299 259
441 334
119 428
136 243
205 277
21 39
264 24
371 269
179 350
174 257
106 3
141 264
342 213
144 244
413 66
329 258
324 314
138 440
287 273
229 38
95 247
77 356
268 445
169 446
341 342
250 444
344 388
253 230
145 396
19 104
6 345
360 327
205 44
311 36
315 84
74 407
329 150
309 143
139 22
136 26
363 383
14 251
317 264
28 8
205 44
109 210
388 15
82 137
57 392
173 371
21 246
322 349
393 175
38 78
196 171
101 103
100 114
353 414
376 378
419 127
421 75
336 355
89 415
37 145
352 209
60 372
452 381
267 389
100 302
13 295
20 111
397 117
222 295
78 144
219 43
270 187
115 151
86 204
112 122
346 10
328 404
379 324
329 190
259 429
39 269
268 58
379 212
172 148
53 249
289 269
290 106
2 404
256 88
152 365
207 45
373 82
448 298
403 323
33 209
296 71
24 111
126 401
322 297
93 372
91 381
187 380
31 187
330 284
272 29
196 25
71 113
104 65
410 54
385 442
260 228
57 281
338 180
228 204
24 318
120 112
246 304
38 274
37 365
105 308
393 298
331 10
410 432
72 364
32 2
351 289
229 407
117 111
134 344
314 155
209 433
266 452
281 301
272 318
212 374
170 150
218 45
157 174
24 229
85 53
230 435
342 3
388 5
113 66
346 426
218 99
403 28
95 230
328 367
92 85
287 260
234 52
304 390
223 327
163 307
380 390
288 266
392 221
268 49
284 160
19 49
257 421
74 351
196 400
262 285
31 94
91 264
143 395
198 365
268 361
219 192
297 51
2 234
269 282
100 427
301 146
228 266
219 125
6 163
385 291
193 25
381 3
167 322
201 76
135 106
292 324
400 343
324 180
156 139
7 255
110 307
398 337
117 162
7 123
324 391
411 64
413 338
64 124
205 262
199 337
367 38
207 312
378 77
38 80
214 44
333 321
348 277
205 12
436 209
132 307
146 89
368 103
424 431
226 175
238 424
58 149
6 263
7 383
337 45
8 95
86 338
416 434
161 165
443 142
373 119
448 63
207 362
163 177
337 388
350 119
356 405
266 362
214 272
289 96
314 294
190 398
178 152
378 339
314 365
27 231
30 19
291 234
378 453
408 259
387 302
378 288
254 190
196 14
6 31
109 318
325 297
262 49
448 184
385 307
95 409
84 122
425 373
353 349
372 307
153 304
156 75
138 407
262 331
420 267
359 74
131 228
370 392
275 362
122 204
213 214
160 295
333 129
214 232
23 130
84 175
431 237
249 113
190 57
443 154
321 347
225 450
121 141
386 395
48 55
146 260
266 303
99 146
429 312
377 451
440 5
172 417
241 418
75 430
19 62
131 338
408 353
334 76
41 266
15 86
318 158
343 129
7 442
274 436
298 195
431 284
200 150
246 440
112 320
415 131
381 90
15 336
442 346
409 27
158 423
110 21
128 453
149 132
439 420
112 283
161 90
112 358
237 357
343 346
221 304
21 146
391 33
28 379
378 434
404 81
402 60
101 74
59 247
205 42
213 315
325 371
402 434
276 183
335 165
75 102
13 96
247 403
128 273
326 51
251 276
131 199
334 229
272 390
22 432
234 336
301 151
282 281
424 11
160 133
83 261
143 178
52 92
304 322
416 354
120 236
29 318
116 257
137 53
278 156
29 56
38 329
204 319
154 175
327 313
305 409
118 448
132 169
84 433
36 46
333 155
282 359
17 395
162 153
445 439
308 20
41 343
348 242
206 46
416 77
358 268
33 20
260 162
187 343
141 222
389 18
376 215
376 392
156 84
90 148
67 395
167 105
283 60
346 33
105 307
110 8
119 140
27 378
301 213
267 439
432 202
1 354
414 374
291 117
2 378
262 68
319 426
172 146
30 62
179 133
368 288
140 33
427 164
410 272
375 222
255 353
423 255
252 384
175 89
45 176
13 304
241 329
276 410
22 304
18 200
436 384
34 120
416 5
283 371
274 202
139 75
102 106
329 353
34 50
439 76
223 449
379 10
324 200
419 345
50 434
89 32
364 122
149 325
124 431
242 397
178 378
18 279
30 344
176 62
391 161
137 160
156 63
167 24
260 130
369 307
111 2
338 19
122 31
343 245
8 129
187 185
53 204
8 81
95 183
142 32
341 276
190 41
336 356
63 142
31 429
448 141
430 330
157 98
360 47
343 366
173 76
95 226
277 101
304 369
283 443
399 169
263 135
207 146
35 269
285 65
244 278
203 221
152 360
318 57
404 205
422 123
278 61
346 100
161 194
15 442
183 413
155 444
92 361
136 125
175 420
187 416
242 388
181 394
292 46
450 242
248 416
362 71
23 255
170 184
448 182
170 176
140 324
166 231
