331 1685
155 225
306 102
136 218
253 278
90 44
157 49
239 38
54 272
280 20
48 141
323 126
277 309
9 162
303 271
230 243
285 51
136 257
152 271
143 73
218 232
114 41
278 21
78 329
293 26
18 9
164 9
132 108
318 140
267 287
79 165
198 30
214 1
287 34
269 96
105 153
328 218
194 272
239 271
270 200
295 287
206 125
295 7
232 279
146 166
235 223
328 99
252 210
99 207
244 37
303 17
189 297
234 51
237 139
320 175
7 281
128 213
72 90
219 302
37 31
136 269
253 132
37 174
11 133
47 252
169 18
268 25
314 168
73 218
307 59
61 311
6 187
192 78
276 77
48 312
106 183
248 27
314 282
198 322
83 245
242 250
262 176
274 243
13 129
317 72
187 296
77 42
155 154
317 229
199 296
3 50
212 28
31 162
225 21
242 136
263 160
67 107
100 307
117 113
104 100
184 288
63 258
330 217
79 313
112 277
275 115
327 153
140 24
314 31
44 223
167 304
51 231
78 151
206 194
261 307
294 113
263 25
37 259
239 115
239 19
61 182
131 54
4 268
77 315
299 118
206 134
91 255
33 168
74 238
30 1
211 321
113 140
12 147
68 250
262 304
267 320
154 64
42 155
1 118
137 299
235 11
99 323
263 131
159 3
35 187
3 245
174 113
51 186
260 116
102 188
88 37
176 240
99 217
61 97
1 197
64 233
206 162
225 137
290 50
140 322
234 142
233 77
253 283
260 181
68 30
37 155
65 212
61 161
95 122
257 95
318 320
327 192
148 220
327 104
268 135
94 170
274 326
246 195
277 172
42 11
202 76
166 264
285 224
93 48
14 18
142 1
4 138
190 149
24 185
250 291
317 12
130 260
4 42
121 278
214 161
289 82
236 121
14 190
13 104
237 27
119 48
25 120
183 214
268 206
66 184
166 51
195 293
308 196
3 96
142 216
256 99
295 158
219 308
14 232
78 251
256 196
296 280
315 145
160 249
19 223
101 182
272 293
143 246
157 144
10 297
28 263
64 321
88 281
297 101
179 42
18 103
235 313
49 217
124 206
132 143
96 231
322 36
192 132
279 16
275 289
312 300
218 42
289 305
320 253
75 167
294 92
267 195
72 313
80 195
186 212
4 281
111 324
314 300
124 261
315 67
216 293
33 101
2 322
74 321
241 146
155 201
236 88
64 307
68 144
168 253
22 172
200 130
164 180
98 285
107 80
18 323
39 50
92 40
38 163
28 278
309 180
147 213
267 211
186 3
21 20
253 42
189 119
171 21
298 266
303 74
14 320
63 53
37 152
90 74
314 117
19 289
294 165
168 230
42 20
230 60
40 150
101 228
268 269
247 233
204 218
306 215
205 35
265 241
186 24
314 166
138 1
124 101
164 291
328 203
311 226
263 19
42 30
244 310
299 159
211 169
46 183
50 250
215 315
157 69
7 137
234 144
138 24
242 299
315 238
170 292
131 101
308 172
131 220
148 96
48 25
262 91
207 311
7 90
292 163
156 298
299 57
109 103
80 17
68 61
255 236
21 54
3 328
223 131
215 40
226 262
64 154
19 269
132 25
25 92
185 179
59 150
235 165
251 314
181 318
44 102
222 62
153 225
57 45
22 271
82 248
199 145
68 217
80 199
239 105
291 90
283 16
239 184
178 156
164 27
143 207
127 31
267 279
253 323
323 275
260 73
189 127
216 256
10 295
122 248
66 81
4 15
94 240
198 271
65 31
295 205
235 90
233 170
38 155
159 27
96 87
98 282
211 313
204 220
274 325
134 7
72 137
21 165
44 219
104 108
247 68
310 150
155 211
318 192
32 143
219 125
228 314
75 107
295 279
325 235
270 127
241 11
262 173
305 147
277 79
62 11
55 209
165 265
193 24
295 5
240 88
230 222
161 5
183 106
329 86
44 123
325 52
51 255
225 22
68 168
100 127
178 154
4 9
85 195
30 48
197 269
136 95
157 296
99 8
70 95
92 111
215 85
163 265
6 54
286 73
221 52
197 65
205 200
71 287
61 101
4 257
38 137
20 195
99 117
200 166
209 291
276 92
42 105
25 47
158 310
117 45
28 313
109 232
180 187
240 278
188 166
315 324
183 176
89 299
43 254
176 2
197 267
44 301
289 88
126 265
205 170
292 186
279 190
32 125
44 272
71 231
106 52
222 286
226 308
254 268
231 98
267 96
32 310
63 318
65 188
252 269
25 212
121 301
71 153
94 112
93 162
11 196
213 230
150 107
207 70
41 104
166 308
197 284
259 181
17 114
101 283
138 311
73 107
48 223
198 159
315 28
167 177
238 66
324 12
270 63
52 42
228 26
238 91
310 163
271 324
276 39
276 80
18 15
186 65
237 50
223 220
77 58
63 315
121 55
324 59
115 44
98 9
70 4
97 46
167 35
38 109
73 311
189 90
325 41
152 230
91 41
116 165
96 178
146 217
231 138
273 12
182 40
21 249
41 117
292 207
149 329
314 221
307 171
308 300
209 128
199 299
166 312
131 262
157 276
147 54
83 86
65 262
125 83
177 166
198 137
39 15
132 21
236 107
189 212
76 67
7 272
32 172
250 162
100 75
105 244
128 187
330 193
115 121
275 291
284 141
94 321
154 225
8 58
1 197
267 74
261 271
12 292
112 261
121 211
3 225
124 130
78 120
320 192
240 262
149 193
69 242
182 222
133 189
279 133
52 213
204 312
152 213
271 263
143 58
141 145
282 262
272 26
50 261
215 287
191 32
148 257
271 327
148 72
183 95
203 232
307 75
213 126
288 150
57 97
207 195
239 155
123 179
180 172
106 63
126 294
92 271
220 31
267 36
102 116
128 304
16 102
46 226
227 2
42 281
96 248
145 3
69 267
181 248
106 287
308 231
249 68
170 137
98 103
172 198
216 298
170 232
68 215
124 294
214 166
243 309
80 54
311 149
321 159
63 93
112 40
321 29
107 157
164 203
260 2
69 142
299 236
42 35
118 166
326 329
329 238
305 77
291 282
225 278
109 286
37 220
325 26
247 98
183 77
298 109
76 33
250 42
269 290
74 53
122 69
48 119
306 21
193 263
303 85
210 78
39 246
298 32
270 211
127 121
285 94
227 29
126 143
68 61
101 142
111 220
210 159
7 184
179 198
113 148
282 322
226 320
235 190
18 173
67 144
291 20
237 186
46 30
328 114
90 96
255 201
315 133
26 320
314 202
186 93
19 136
84 244
122 316
102 139
157 168
282 114
185 188
299 228
215 293
10 304
55 262
171 39
61 194
25 41
65 210
134 83
12 215
324 133
199 94
271 22
259 221
135 110
75 100
6 289
61 14
260 116
275 97
152 5
291 176
45 24
52 176
104 63
59 96
195 257
187 132
276 112
21 79
221 94
178 224
51 237
237 308
21 179
74 172
181 33
14 223
54 65
68 157
127 126
252 319
50 107
119 325
218 137
71 105
228 248
328 279
153 232
253 171
79 326
9 259
25 22
150 78
84 215
234 208
10 152
195 57
258 311
48 142
115 118
246 11
35 241
287 185
141 209
25 219
201 33
144 226
53 291
301 136
175 204
13 182
22 205
236 280
183 283
90 297
70 3
305 102
243 261
284 50
136 306
266 3
8 78
228 58
35 196
193 207
66 203
57 87
77 290
35 259
242 123
222 309
123 195
77 32
122 29
81 255
4 15
258 9
92 152
66 124
16 256
331 81
126 54
168 200
13 200
125 252
320 15
229 111
207 303
140 327
331 220
250 1
234 174
7 323
326 70
116 8
326 115
89 118
166 254
317 176
120 110
96 109
122 322
217 328
293 26
321 291
243 240
289 146
80 296
137 74
34 252
82 26
33 168
143 199
88 128
43 207
235 137
313 25
127 197
20 87
220 7
44 131
246 1
276 326
296 80
66 330
331 145
22 31
312 165
227 68
290 267
273 192
72 254
216 197
117 233
283 5
240 324
136 152
324 78
144 287
157 208
283 155
21 304
183 2
135 78
67 94
11 8
285 83
260 167
277 45
67 226
48 304
218 181
124 208
258 266
163 82
142 114
234 162
87 85
161 221
160 226
312 170
231 263
250 157
99 195
202 163
89 249
135 304
96 256
181 22
190 12
101 329
126 3
158 210
87 318
97 244
210 76
83 110
7 1
266 103
194 134
265 282
49 68
255 144
324 102
164 180
113 264
178 236
267 4
112 20
319 207
264 198
282 13
305 288
13 239
58 206
40 322
155 88
59 76
232 49
177 64
226 287
325 72
192 260
73 301
278 59
176 208
254 124
220 227
79 230
132 136
103 171
126 255
257 182
328 155
230 173
216 125
126 209
194 315
136 265
285 82
321 127
287 243
251 175
136 329
71 265
133 173
105 258
94 28
109 90
182 5
262 66
127 55
272 319
38 76
252 320
155 239
116 110
150 35
282 283
30 22
216 162
192 318
86 286
12 192
44 193
195 304
256 321
27 197
308 64
270 226
53 94
133 168
203 280
200 154
229 175
114 57
35 98
142 320
110 1
31 300
195 3
225 182
29 88
157 92
26 51
142 119
182 307
320 128
175 142
26 70
314 137
126 15
234 266
2 10
264 32
310 125
34 203
306 62
288 131
151 313
180 291
101 30
266 89
157 108
228 180
175 208
316 299
222 219
233 221
226 163
252 204
287 283
73 259
11 29
59 162
11 236
119 109
265 53
195 88
158 89
268 2
296 252
300 184
137 199
74 32
30 325
233 314
275 306
241 285
1 297
115 9
201 231
115 132
284 309
220 108
64 154
109 28
74 75
210 209
273 283
238 300
274 139
280 217
111 188
171 110
151 283
118 21
183 233
150 133
208 36
238 272
189 16
297 261
90 173
136 30
124 42
327 65
178 276
279 287
132 116
65 282
68 182
300 248
81 117
47 287
152 284
225 8
297 188
266 54
30 70
81 151
109 76
215 286
20 161
241 149
276 305
98 10
154 64
255 232
180 301
185 330
252 78
4 217
264 269
268 293
7 17
110 113
93 323
67 110
152 306
259 96
277 23
106 97
86 29
327 264
328 180
262 248
256 265
131 188
202 66
147 206
82 256
318 174
247 51
282 65
25 209
161 300
229 264
65 314
290 60
246 284
240 174
198 162
105 329
18 304
63 162
176 142
84 160
314 331
211 264
62 233
139 220
201 36
152 264
16 109
321 260
61 229
102 259
57 207
254 74
177 314
233 22
124 317
181 106
314 60
38 44
291 174
264 158
209 82
90 225
190 80
153 251
306 252
176 32
125 98
103 302
78 3
323 201
319 172
305 301
230 9
11 187
183 274
13 60
23 101
282 212
180 101
129 152
22 304
181 144
68 282
112 145
284 103
13 271
273 317
238 169
323 248
24 174
189 36
232 211
136 182
89 313
283 218
132 302
188 312
112 254
260 224
65 212
324 77
149 265
60 53
100 52
301 123
223 156
157 123
35 290
305 121
272 254
5 70
222 193
50 2
113 310
225 177
188 218
252 4
149 309
56 249
27 25
38 250
178 194
41 210
153 14
331 91
265 4
160 155
194 207
157 306
183 48
150 38
263 70
41 81
45 96
327 72
119 33
321 296
227 30
175 46
42 174
136 306
177 293
130 40
168 284
12 18
331 161
55 263
228 95
10 273
190 5
13 308
37 2
271 261
31 114
304 70
287 106
45 130
67 174
167 233
126 179
248 123
8 302
54 236
63 177
252 65
187 227
100 188
166 29
216 277
331 286
232 105
330 28
170 195
71 293
40 316
84 45
286 136
278 17
196 121
266 261
307 159
27 163
322 53
48 267
52 331
165 157
327 193
326 163
54 63
124 91
47 205
135 330
7 82
13 203
202 276
130 176
104 156
7 92
208 52
28 258
49 192
83 44
51 75
206 102
135 327
192 181
201 325
177 205
75 187
74 274
131 203
118 232
25 123
324 231
172 20
157 221
209 237
262 260
309 137
30 112
132 220
290 330
213 135
204 285
321 277
225 118
147 10
19 169
132 11
66 301
30 220
188 236
125 119
164 102
255 192
211 53
78 169
50 290
301 253
243 290
196 134
75 9
143 93
178 272
103 241
242 130
130 98
34 254
216 196
23 137
54 233
188 131
69 237
89 38
156 329
326 18
131 69
27 274
161 202
214 261
111 122
57 240
218 90
161 100
283 181
237 5
82 91
135 148
325 221
186 149
216 180
164 16
248 190
287 75
58 167
4 169
289 60
77 175
147 235
272 99
84 177
101 164
265 234
311 258
121 165
73 6
11 237
19 258
93 305
330 151
138 331
317 93
59 62
265 204
295 206
300 47
49 69
208 314
300 188
238 90
21 311
95 32
214 113
287 304
84 284
123 221
283 108
314 9
168 247
212 129
119 180
175 168
246 52
150 213
237 56
302 257
33 63
286 244
175 240
217 256
190 8
143 141
114 123
149 279
37 27
76 155
206 248
322 119
299 140
331 202
194 299
128 224
30 80
137 204
317 22
126 175
27 268
314 138
60 131
85 96
158 250
30 75
241 146
40 47
143 242
238 110
36 131
139 113
267 9
99 288
134 271
314 69
251 119
128 51
203 221
206 30
137 233
102 46
48 141
91 190
51 328
300 86
127 105
197 60
114 293
16 245
232 328
313 152
115 107
200 315
327 72
11 133
304 112
176 18
253 264
206 301
261 174
54 276
250 112
58 211
127 303
111 121
284 260
233 60
126 217
53 197
225 185
168 6
28 185
256 291
59 225
218 230
278 270
175 196
50 230
75 174
201 184
295 152
110 194
209 234
77 261
97 302
115 264
305 140
116 229
99 172
122 317
69 67
253 241
262 302
139 4
144 7
185 105
158 294
299 35
196 42
295 293
12 76
223 316
213 7
211 312
177 2
295 245
66 216
154 325
184 292
328 325
298 181
99 122
142 64
154 4
105 116
296 117
189 186
99 71
192 310
51 35
309 12
279 43
225 101
36 77
60 31
70 24
209 166
146 19
229 297
21 1
81 316
115 270
168 213
9 27
189 57
61 164
68 9
206 292
107 240
35 166
268 104
188 145
268 2
162 165
298 182
163 46
164 277
315 1
157 321
27 14
46 87
178 113
93 50
71 200
287 105
32 223
206 219
35 142
218 196
305 183
44 136
228 205
80 209
205 236
198 229
249 243
314 93
22 75
143 92
272 96
194 302
319 66
189 22
206 74
215 177
254 256
310 148
129 58
25 1
293 220
227 209
129 209
301 150
284 110
239 222
206 99
192 191
164 48
210 38
119 91
214 41
15 193
186 141
248 208
141 210
96 37
85 224
243 52
40 193
162 278
84 34
43 275
222 206
320 100
242 107
190 122
145 202
314 330
11 229
206 150
107 301
184 189
191 95
240 230
288 68
174 38
101 216
310 320
89 299
88 330
74 275
120 219
145 101
217 156
329 92
305 102
59 155
290 250
249 198
146 203
266 320
240 33
202 219
22 290
184 107
286 257
51 73
142 195
173 26
17 168
115 319
267 171
142 225
89 60
89 233
260 21
219 169
52 89
54 71
46 237
175 331
160 225
72 300
87 242
325 103
76 106
91 11
276 232
233 32
289 320
264 218
7 151
53 58
237 106
126 282
9 301
280 168
192 18
136 278
260 127
48 2
