102 2298
48 102
31 33
72 23
93 16
98 16
34 53
33 98
43 6
64 96
54 43
57 27
16 43
70 36
87 68
45 83
43 66
82 47
72 25
69 37
40 64
52 47
90 58
42 30
63 79
99 90
19 54
15 9
96 58
44 54
23 62
8 65
101 89
85 71
87 52
5 24
89 56
70 51
11 86
80 48
62 51
35 55
2 23
63 71
80 98
102 40
4 38
12 66
21 82
51 46
86 48
6 13
92 56
100 75
8 45
8 58
79 36
33 102
72 77
79 50
72 53
63 75
64 74
13 84
28 63
1 11
8 83
100 99
36 97
45 17
39 27
74 91
36 80
64 6
54 15
29 100
67 65
72 28
36 58
86 37
18 60
48 102
40 45
72 50
13 91
66 51
15 12
13 24
65 77
29 17
91 31
14 29
95 59
30 3
15 89
39 6
47 86
5 60
2 51
83 14
39 21
38 27
6 25
50 70
101 53
60 63
83 73
65 76
4 68
78 94
55 90
99 75
48 78
6 49
102 89
37 38
7 48
38 12
72 61
55 44
11 13
80 68
59 16
15 62
84 66
53 36
53 24
8 100
75 89
21 74
75 31
85 55
52 20
40 98
80 95
39 65
5 93
30 63
6 18
99 89
83 23
22 33
46 3
31 94
92 51
65 38
55 47
93 4
40 4
101 94
98 38
30 76
2 59
37 7
50 7
70 30
29 65
62 75
68 66
40 31
14 3
42 68
23 6
46 37
10 44
28 5
55 57
81 56
89 91
37 36
97 4
65 99
68 100
45 7
64 85
37 51
87 53
93 83
58 36
17 67
79 44
46 32
74 100
87 60
62 21
69 30
24 31
26 92
3 71
98 66
53 7
14 11
33 4
67 90
39 84
29 16
101 74
47 73
45 5
4 102
47 33
23 51
32 88
53 102
58 16
26 38
30 10
70 33
77 57
46 32
59 61
30 81
76 74
59 54
51 58
100 57
55 48
89 14
75 62
71 90
62 82
93 71
49 100
19 80
43 50
36 77
54 40
29 1
87 28
36 17
101 92
71 21
52 84
95 12
27 82
73 82
47 15
3 44
34 56
60 57
65 34
84 2
62 85
63 20
86 72
36 85
61 80
3 11
36 71
98 36
24 68
15 70
82 17
11 89
46 70
44 9
77 25
10 83
46 30
67 15
39 49
76 93
25 60
26 95
29 61
16 96
49 86
49 40
70 36
85 12
79 93
88 77
77 72
58 20
75 22
35 11
44 84
1 68
15 102
60 43
34 75
36 83
32 58
20 76
93 2
87 43
69 46
18 43
15 49
62 89
70 96
74 11
51 48
52 65
48 9
5 55
57 14
35 63
72 54
36 30
20 53
72 39
44 12
54 92
47 14
33 15
61 43
65 7
68 28
28 76
6 82
4 20
91 66
65 16
101 74
19 94
24 90
5 67
101 58
56 46
45 62
60 80
78 22
60 43
23 87
16 29
40 96
22 2
59 60
18 32
31 36
99 29
24 1
95 98
32 23
41 51
84 74
28 60
70 87
102 92
45 92
94 84
85 89
60 15
20 77
20 51
86 93
79 7
93 45
79 99
41 17
47 23
65 74
56 32
58 29
97 102
18 63
57 76
49 90
65 43
64 58
93 48
48 43
28 39
61 4
9 102
97 55
98 59
26 51
64 57
79 58
30 71
18 60
18 41
48 56
57 9
12 21
30 59
63 32
71 97
9 79
96 3
5 91
35 30
13 98
60 66
28 63
34 19
21 25
33 68
81 89
50 66
7 54
98 43
85 67
38 93
17 5
70 22
96 2
25 82
74 85
45 101
45 52
93 39
77 24
4 29
10 28
94 17
55 89
33 37
27 70
1 44
75 44
39 42
20 63
21 93
19 40
65 38
91 55
76 65
78 54
93 62
81 58
52 7
45 84
43 71
26 17
88 100
35 24
13 54
87 7
18 79
46 82
14 35
34 90
73 86
41 38
45 95
95 70
101 37
51 15
82 76
5 41
47 39
65 33
66 23
40 83
101 59
62 89
67 70
76 38
27 90
49 45
56 41
12 28
52 62
42 5
10 20
45 56
33 83
89 98
3 102
79 78
58 12
64 23
55 11
34 81
100 82
23 27
20 34
54 45
70 95
49 79
88 94
6 18
48 94
14 51
93 66
102 23
51 63
45 4
73 52
84 44
31 81
70 24
88 21
43 29
89 91
5 74
56 87
66 2
78 53
26 43
92 25
65 40
61 83
43 5
32 101
48 62
53 91
59 12
85 101
41 71
64 19
16 17
3 55
94 81
5 93
97 70
15 59
8 49
39 24
53 70
22 74
3 74
62 35
60 18
8 100
88 71
16 78
61 19
4 27
73 85
17 67
52 6
99 59
54 9
83 5
52 78
78 28
24 12
62 83
29 43
80 91
11 95
40 46
87 43
72 31
25 88
71 77
93 41
7 19
49 89
23 100
65 74
25 62
59 61
42 62
1 19
50 88
87 63
31 46
79 76
76 78
35 45
26 102
59 32
18 6
95 14
3 31
87 2
92 44
36 31
3 36
23 26
97 7
62 25
52 38
74 102
89 7
18 12
6 76
18 99
81 86
10 58
14 96
59 79
11 94
7 89
1 29
88 98
9 47
96 61
59 68
60 19
48 51
31 27
24 22
23 3
5 32
60 18
101 92
96 10
57 76
98 31
78 84
102 86
2 96
18 34
35 51
53 56
101 57
82 23
78 2
101 82
7 32
73 5
97 40
14 51
89 86
55 64
41 55
21 16
22 13
50 56
63 76
85 36
30 64
32 81
39 30
60 19
35 4
23 29
17 11
53 3
70 5
66 84
59 60
99 80
72 20
7 95
91 42
98 26
47 76
38 50
7 56
84 10
53 86
26 63
36 2
30 40
41 11
99 101
83 50
44 1
57 50
69 45
65 45
9 38
82 32
19 10
13 28
62 72
28 22
5 29
25 45
70 9
15 42
65 64
85 39
94 7
6 11
71 70
55 54
81 8
85 99
17 72
101 78
41 102
73 46
2 71
64 45
53 52
86 16
13 43
54 5
49 33
91 93
102 43
44 55
50 27
25 41
98 99
16 10
72 63
55 74
31 92
16 84
41 76
73 28
92 100
32 38
31 20
28 4
36 72
32 59
72 57
99 41
27 89
50 99
49 79
44 79
42 33
34 83
82 80
8 71
78 13
82 6
6 8
9 15
53 41
73 98
71 70
36 71
56 59
41 2
9 84
54 51
91 62
31 70
39 12
13 14
24 94
95 3
101 78
17 25
92 89
20 34
30 29
2 59
62 17
60 44
74 88
94 62
47 98
4 59
7 16
47 4
83 39
82 56
90 98
80 79
59 74
10 88
76 88
45 35
2 78
79 75
37 44
9 83
40 88
14 20
1 60
100 83
72 79
36 60
49 90
10 5
35 20
66 8
81 84
17 56
34 69
2 70
10 25
23 97
38 43
71 97
14 26
40 66
35 99
12 22
7 92
56 102
30 38
80 11
54 7
44 20
8 88
29 18
10 52
88 47
68 31
15 55
56 54
18 90
25 4
86 31
95 39
4 98
76 57
7 1
63 24
20 70
9 23
61 94
74 21
38 13
51 26
67 4
80 58
67 78
61 50
82 28
63 85
23 10
39 3
11 75
1 30
16 85
26 51
77 99
71 12
85 95
12 23
72 65
55 36
40 13
60 19
14 20
1 11
3 13
89 13
87 89
17 76
72 42
24 46
13 94
31 71
60 16
68 29
80 20
39 17
6 98
9 20
91 85
4 93
71 92
80 55
53 96
3 22
9 26
41 97
94 45
66 51
61 31
80 12
24 92
3 29
87 11
22 75
96 101
39 64
91 16
93 41
85 95
36 94
94 50
62 85
94 101
34 26
3 87
38 26
76 40
29 34
50 82
17 49
18 55
11 34
19 25
92 87
60 83
78 7
17 61
74 15
68 100
18 26
35 43
75 48
45 6
71 95
61 88
15 78
14 25
85 32
49 75
16 82
29 67
88 45
101 33
34 66
30 51
65 38
67 11
85 10
92 28
78 50
89 92
26 102
90 84
5 10
56 20
91 59
60 50
77 59
82 8
98 86
32 61
21 73
71 80
82 61
5 31
84 93
96 7
66 83
65 70
66 94
63 28
50 20
77 101
78 30
6 74
13 12
6 8
84 50
61 63
8 39
67 92
29 60
72 68
40 8
35 79
102 71
4 23
90 80
21 40
83 27
87 70
38 66
51 95
13 9
29 97
47 95
60 49
52 3
14 65
11 22
41 10
66 44
32 27
97 53
66 77
53 24
18 64
89 68
56 102
76 84
96 76
53 42
101 55
29 63
39 24
1 48
89 18
54 14
12 80
53 62
30 77
80 67
37 45
20 36
95 77
3 62
24 29
78 98
58 4
58 96
2 32
42 64
49 69
77 34
46 2
69 75
52 46
13 88
65 6
98 31
82 100
92 79
1 67
74 58
45 3
51 46
8 66
83 30
32 63
77 33
29 23
84 49
35 43
11 40
12 41
95 10
4 45
86 71
16 41
13 94
65 32
101 3
12 28
34 43
64 85
49 93
81 4
13 14
47 23
27 58
37 96
41 40
38 100
84 28
38 70
19 77
101 18
79 87
19 86
1 83
68 50
47 53
59 34
73 55
34 3
65 27
17 78
65 15
60 92
26 27
84 76
102 75
52 86
94 36
86 48
1 7
94 21
34 24
28 80
78 62
82 40
88 73
91 24
61 48
13 60
49 71
34 22
43 85
81 8
18 38
55 95
45 20
89 78
43 15
55 18
76 9
31 35
55 20
59 13
41 45
72 63
13 3
84 30
62 11
79 100
66 45
16 59
6 67
102 20
95 93
69 77
98 77
29 15
33 41
29 78
87 66
64 89
47 67
22 83
78 75
54 15
17 69
73 98
7 72
91 101
37 31
76 32
6 2
20 38
17 48
89 1
87 25
63 6
91 59
88 40
31 13
54 47
55 25
17 61
70 5
33 4
36 6
9 41
84 28
52 100
50 39
74 34
63 8
39 25
66 100
65 96
10 16
15 64
14 31
98 58
9 29
35 44
8 44
58 91
71 8
62 18
46 7
26 82
91 64
80 28
62 16
22 45
32 10
83 19
14 52
76 22
80 9
40 88
52 97
50 96
2 10
88 21
92 11
76 80
74 54
6 7
69 1
26 74
10 82
67 99
31 14
94 9
98 31
70 47
102 17
15 1
102 98
92 10
71 43
57 98
48 38
39 22
63 10
5 42
50 1
72 64
69 54
59 99
21 80
72 12
94 73
87 93
42 50
76 10
67 30
82 12
67 18
8 1
1 12
42 51
13 88
12 81
39 70
51 34
47 21
19 12
67 79
2 6
1 51
91 67
81 44
52 19
61 59
20 62
71 61
86 83
20 97
35 33
38 59
66 85
79 58
96 17
8 72
98 8
20 87
74 2
24 93
63 82
10 98
50 44
81 4
38 49
12 70
86 71
7 42
21 64
10 38
71 55
33 53
74 93
24 20
69 21
10 29
1 95
100 24
10 52
2 47
74 89
14 57
57 20
73 52
57 82
89 102
34 95
52 81
60 49
100 26
70 83
28 44
75 101
67 85
50 42
3 21
29 17
51 85
10 21
8 41
76 96
40 83
63 65
62 96
11 33
19 54
14 20
97 62
18 36
18 41
77 21
35 3
11 85
62 20
80 69
60 27
37 73
8 73
9 43
66 96
75 58
47 88
77 42
22 68
51 39
6 25
59 40
28 69
98 63
63 49
3 96
50 39
67 57
9 75
99 48
42 71
3 89
31 53
2 52
18 52
64 99
76 21
10 77
63 6
11 23
28 14
17 77
52 57
5 35
3 77
56 45
20 59
31 50
85 6
75 77
57 10
73 4
4 83
55 67
62 65
63 52
53 38
78 7
16 10
86 93
39 28
10 97
32 33
54 37
81 28
67 90
100 44
94 54
98 58
13 35
94 76
86 45
87 61
25 76
44 8
66 83
35 75
51 40
5 2
76 85
3 14
73 77
58 38
28 53
95 15
87 86
64 45
2 22
79 27
97 21
34 61
77 43
7 25
82 88
1 30
70 3
43 14
79 100
51 81
51 17
69 9
77 30
27 52
51 4
78 19
100 86
53 74
102 60
98 81
45 72
84 88
75 25
76 25
22 100
79 46
91 45
29 65
74 29
14 98
32 66
91 29
23 41
102 22
74 72
76 16
41 58
78 89
56 51
88 77
22 64
97 10
7 99
48 54
25 36
24 31
101 88
59 21
26 33
16 100
2 91
89 16
46 64
3 75
88 90
24 84
25 18
93 5
90 39
33 12
48 30
42 46
15 75
40 5
55 11
82 43
100 97
63 35
73 35
97 34
58 78
59 49
68 37
10 80
69 22
25 98
37 44
10 85
83 24
63 9
8 42
52 81
11 88
14 83
96 8
15 26
59 47
74 100
83 84
78 24
79 76
19 89
18 3
46 74
102 6
83 7
48 6
88 32
93 75
12 60
82 102
85 12
20 31
9 1
12 60
100 64
34 92
24 25
68 69
72 67
75 52
74 96
31 33
25 21
5 10
55 60
10 37
71 29
67 79
3 52
37 76
89 44
66 11
68 31
53 37
98 25
63 43
94 93
75 92
88 79
102 40
10 85
50 80
87 15
30 64
66 37
27 7
76 37
48 5
89 59
76 88
19 92
53 85
38 43
70 90
16 83
99 74
31 76
58 19
3 95
58 43
30 84
23 79
94 71
57 81
27 30
40 19
95 92
1 30
6 45
17 21
101 89
94 3
36 24
97 13
16 53
55 19
8 51
98 102
19 52
54 19
56 93
11 48
82 88
52 62
4 42
82 78
29 48
81 38
71 49
50 60
101 78
79 7
27 48
82 19
99 33
12 26
23 22
74 78
83 99
37 60
38 93
36 40
12 90
78 56
36 25
13 35
77 65
15 1
10 96
19 83
102 4
6 22
102 53
73 82
49 84
40 61
48 75
100 59
36 49
12 71
74 100
79 48
63 93
22 46
60 14
26 59
18 32
54 17
84 101
98 5
82 9
65 1
57 62
59 92
9 44
35 56
41 11
77 1
78 98
21 9
9 46
42 102
77 69
16 33
67 88
37 20
70 101
20 25
34 52
90 42
95 22
71 34
7 45
8 84
14 28
66 99
74 5
98 22
74 12
28 12
73 64
32 40
36 51
64 70
1 26
85 69
47 54
102 53
72 84
8 86
9 74
82 56
52 77
52 23
62 79
35 32
15 40
72 50
64 7
93 38
32 50
5 53
77 4
79 46
87 3
70 32
84 23
83 33
48 80
68 25
12 100
13 51
69 36
12 49
27 50
81 76
28 31
50 31
7 69
92 67
72 33
98 27
29 53
33 77
30 101
75 15
72 87
39 12
20 24
60 20
47 38
69 74
42 92
79 49
59 68
89 2
100 59
2 102
9 35
76 12
7 48
26 78
32 64
63 26
87 20
45 6
32 88
79 73
77 55
95 7
96 56
8 67
12 10
67 20
18 40
31 100
62 56
49 67
93 9
66 51
2 9
56 33
70 7
80 44
61 46
51 29
101 32
95 10
15 33
3 6
47 33
3 6
62 51
46 26
33 10
77 35
94 4
41 61
10 94
2 45
38 26
47 10
58 39
20 72
46 22
78 92
29 80
71 64
3 14
90 9
99 38
17 90
41 32
22 25
23 24
43 34
23 89
44 80
25 37
50 44
32 101
33 60
52 77
22 28
91 85
37 61
20 27
49 34
58 70
58 55
67 100
88 90
86 3
41 85
39 64
26 45
62 33
78 12
7 99
39 71
55 49
30 74
50 52
6 5
95 37
33 34
35 95
97 94
97 35
50 8
99 76
52 58
82 27
43 88
100 56
31 26
2 34
100 25
59 79
4 51
13 36
58 21
28 52
13 99
87 62
4 57
9 29
88 90
29 50
102 84
54 26
59 87
99 84
43 75
87 67
61 96
23 82
22 48
68 94
32 27
97 62
10 99
48 73
101 76
96 101
31 47
100 63
5 96
44 21
42 2
88 76
72 84
55 93
29 20
84 35
21 52
96 4
22 41
76 20
90 70
94 18
90 65
81 95
32 98
13 73
74 47
43 55
75 7
84 69
64 16
89 9
66 84
24 39
1 11
82 69
3 44
31 57
10 63
26 22
7 73
70 53
89 22
102 69
79 68
30 94
28 92
77 93
73 74
3 48
58 59
14 60
102 44
90 9
4 14
4 11
60 73
37 47
69 36
13 45
77 17
11 78
6 61
42 79
32 19
100 89
77 11
21 50
54 8
32 97
35 42
55 82
52 75
22 62
87 40
36 1
50 88
83 84
27 33
13 45
30 76
95 40
96 42
93 77
73 98
72 82
37 100
35 63
72 56
22 56
69 31
31 93
16 11
74 17
17 61
61 46
34 28
85 1
69 49
77 14
19 46
69 55
43 1
15 88
30 10
42 98
41 46
88 56
30 34
46 94
81 91
25 6
47 25
48 69
75 61
87 19
27 14
35 1
2 21
30 12
36 102
26 81
61 55
84 94
101 27
85 79
91 83
84 9
81 29
51 54
64 10
46 64
23 80
65 100
74 68
85 7
41 8
61 102
63 42
93 61
42 50
11 30
4 94
12 85
96 63
10 31
72 55
95 68
6 31
39 80
72 22
60 11
29 19
10 91
34 76
23 76
99 33
79 1
100 91
59 94
51 42
98 96
96 64
35 75
94 73
26 64
94 86
48 97
78 57
59 9
4 82
84 1
88 61
77 86
23 33
51 73
74 46
40 41
8 48
89 75
18 13
10 86
98 57
80 73
87 10
81 91
91 37
65 51
97 39
34 17
45 84
63 92
1 76
4 84
21 92
57 12
2 40
97 99
97 48
43 81
58 22
43 20
58 5
70 26
17 1
16 35
58 52
24 33
101 27
14 19
17 44
30 94
84 101
91 78
46 31
30 1
26 73
97 57
51 64
56 42
65 71
76 96
96 74
26 94
74 14
86 64
57 90
56 12
88 18
63 31
22 93
6 48
37 102
78 61
63 32
102 101
76 50
69 70
97 94
35 42
81 19
4 36
6 33
21 93
24 84
97 45
74 102
66 84
75 42
42 10
73 16
8 46
39 50
89 7
42 22
48 20
14 25
29 19
57 50
85 80
31 53
99 78
27 62
59 101
1 100
84 73
89 66
93 25
13 79
31 54
74 79
48 87
77 50
79 32
73 35
85 77
88 81
52 12
41 84
86 15
56 68
88 42
31 52
67 43
28 71
71 102
21 92
60 98
13 37
27 86
71 85
34 56
38 60
41 78
41 25
66 96
66 51
10 96
102 50
10 2
18 54
1 39
43 60
8 30
70 8
89 39
92 20
68 27
79 7
78 94
5 42
61 70
66 70
37 40
17 20
41 9
74 15
21 14
48 28
17 16
35 3
28 24
23 95
25 75
75 102
40 53
15 101
96 55
42 30
94 59
50 32
41 97
20 61
84 41
88 101
56 20
1 57
43 99
24 41
72 98
15 9
23 29
83 16
83 23
20 74
81 43
79 95
37 72
53 18
11 38
92 40
57 93
97 73
89 18
12 32
89 26
15 85
28 97
101 9
17 18
56 71
60 7
63 70
52 89
87 62
24 77
102 80
41 70
51 1
61 36
33 47
61 21
30 88
91 2
70 82
19 100
24 52
80 61
19 29
47 79
91 71
53 64
22 67
31 72
68 91
81 74
9 13
68 12
101 56
13 42
35 31
13 59
56 92
17 74
95 37
51 83
5 77
18 27
42 48
72 83
10 51
28 18
37 95
30 9
48 42
51 83
47 37
13 76
27 3
48 95
39 72
75 18
46 92
44 61
11 89
15 20
11 42
11 48
34 40
56 82
56 80
36 76
15 22
49 15
24 96
7 36
65 55
53 85
18 70
17 2
31 32
21 41
47 31
62 81
45 92
34 100
69 43
73 57
64 19
45 61
89 51
70 25
79 97
83 96
64 100
97 94
3 91
7 49
96 42
1 38
31 34
9 74
50 55
28 11
73 45
33 97
89 58
74 83
12 41
44 85
10 87
100 92
8 67
5 8
2 36
16 86
83 65
38 8
50 85
54 68
15 49
54 46
96 34
32 34
52 14
17 35
101 91
24 82
55 28
89 31
37 78
14 17
41 52
101 90
8 26
29 22
48 83
42 41
14 73
49 65
86 65
99 58
53 96
37 82
98 100
10 6
49 23
99 89
48 97
50 55
20 79
51 68
33 92
82 46
36 2
85 19
41 55
51 93
49 61
46 18
32 55
23 81
52 19
41 73
89 65
26 83
15 50
22 47
13 1
92 48
3 48
40 43
1 90
7 23
49 27
40 54
