178 665
116 166
23 85
84 144
161 174
10 153
54 74
111 67
173 151
16 8
115 73
166 63
74 136
144 168
61 33
118 174
109 55
5 154
161 88
119 144
83 151
140 158
46 94
69 63
66 106
92 24
1 79
86 74
58 51
86 118
105 25
114 36
101 118
11 84
28 151
71 132
123 32
134 13
147 24
75 34
151 166
57 151
88 164
69 145
59 154
84 7
22 41
42 122
159 74
27 30
69 119
5 13
150 160
47 140
5 143
173 178
152 73
150 61
81 62
27 161
37 133
167 58
173 53
24 175
148 72
48 38
13 75
73 6
56 119
146 83
84 162
82 57
57 75
140 159
137 10
141 17
164 129
97 159
3 120
177 151
13 69
32 47
143 104
53 20
45 42
102 150
25 5
50 103
102 33
83 60
43 45
76 28
18 172
30 42
135 51
36 148
119 68
38 83
171 112
124 59
153 48
52 22
74 102
124 175
134 29
78 20
95 154
70 112
169 99
176 126
171 33
95 111
100 154
37 93
88 161
173 84
52 47
105 147
170 73
166 147
101 65
11 39
62 80
173 53
22 170
178 15
24 116
147 124
91 6
60 22
10 54
106 83
122 54
51 113
126 60
104 48
147 114
109 30
15 103
82 36
94 81
50 117
40 19
62 131
46 121
152 55
19 101
159 140
155 53
97 102
113 22
172 81
135 102
110 171
26 36
28 119
138 100
79 178
140 141
152 29
105 147
105 145
70 85
129 68
137 47
169 71
90 6
173 46
129 127
60 154
162 87
116 143
30 17
142 169
1 115
41 105
106 145
94 175
51 44
86 32
112 98
102 23
104 119
90 54
67 149
52 72
79 167
36 109
27 178
121 27
136 162
154 63
128 69
81 23
134 166
54 67
86 177
89 33
139 178
86 27
170 137
98 70
148 156
178 174
155 143
45 134
148 20
41 119
110 121
141 65
131 38
131 60
59 41
92 19
62 177
68 53
158 165
144 149
164 166
144 140
130 32
118 121
51 158
61 4
122 46
68 74
83 20
133 163
82 68
4 165
89 71
61 68
79 27
60 65
36 25
48 9
57 165
129 166
11 133
110 56
44 27
161 64
4 145
167 71
170 154
3 84
58 70
163 106
129 71
141 176
118 149
76 127
121 48
136 132
24 89
31 68
116 35
131 141
2 141
55 15
138 58
99 18
149 83
123 122
175 108
141 114
78 38
84 21
107 42
174 131
130 26
20 89
83 172
51 84
134 106
120 116
7 40
133 155
144 99
98 140
28 60
98 128
119 3
148 48
66 165
22 40
34 41
128 116
56 23
43 11
150 163
148 156
24 102
132 168
45 74
129 72
133 70
43 96
73 12
143 160
20 164
21 54
48 149
169 103
15 56
135 164
40 105
163 85
50 116
74 94
33 47
10 116
52 105
32 86
91 14
105 98
34 2
145 26
15 91
62 70
47 109
173 53
37 45
169 111
160 45
1 13
54 138
65 158
14 172
70 27
120 167
82 122
155 130
158 67
13 49
114 82
1 108
134 37
174 146
169 156
13 169
168 88
151 76
68 164
69 159
34 33
148 115
176 124
88 155
13 123
25 148
48 47
99 3
83 95
171 74
94 27
86 83
114 80
3 25
65 93
6 98
125 175
57 122
120 144
98 154
110 144
145 157
12 66
4 95
160 18
12 75
44 119
1 21
25 26
107 118
53 49
86 49
105 52
12 92
149 10
46 137
154 24
148 41
27 86
44 119
140 109
60 163
110 102
9 157
52 148
53 100
56 101
48 107
134 162
99 143
29 79
119 52
71 3
101 156
69 144
119 30
97 22
36 50
123 67
28 18
36 102
118 113
24 9
63 157
170 6
122 20
84 94
154 108
38 154
176 3
94 50
121 137
85 170
103 173
41 120
53 142
59 165
165 68
72 166
81 99
131 101
4 58
38 2
165 75
177 163
99 92
56 42
50 162
33 152
157 74
115 31
37 174
39 46
85 132
55 165
52 7
109 56
86 168
79 72
64 77
78 7
12 133
70 83
117 124
78 95
41 14
147 100
31 7
145 115
139 43
124 12
71 54
89 156
44 11
49 129
87 127
157 120
103 48
24 41
172 101
157 34
115 125
133 145
154 121
104 114
163 49
147 77
124 80
54 167
90 103
140 21
73 140
140 175
10 164
60 25
108 38
80 66
163 57
55 138
177 158
95 6
28 85
82 173
164 158
6 98
104 145
140 176
106 101
16 137
108 75
161 60
113 63
125 119
119 1
78 139
158 16
166 29
100 92
24 86
71 29
27 174
17 166
15 144
110 30
103 40
127 107
99 83
13 67
23 153
68 122
114 69
137 123
120 58
36 165
165 106
37 35
123 53
22 137
40 132
11 164
15 159
93 135
63 105
23 85
102 90
50 37
3 30
159 122
109 39
108 96
144 152
111 40
174 91
79 149
101 65
163 81
1 119
165 127
141 93
50 75
142 108
77 171
111 42
124 149
149 41
136 36
68 19
31 159
97 1
103 5
7 28
27 125
14 154
110 107
47 28
70 155
126 85
87 167
30 57
159 92
36 138
127 104
156 2
106 96
24 30
123 31
57 149
177 93
146 130
21 37
1 112
13 126
40 121
114 91
21 116
4 56
75 153
3 52
176 108
170 21
160 114
73 60
106 94
174 74
45 16
110 46
150 144
15 11
108 151
102 128
88 127
27 7
123 30
80 120
159 71
163 162
6 57
66 112
150 61
29 39
99 160
106 70
125 120
80 54
92 25
25 24
174 51
30 118
102 109
82 105
24 66
110 29
122 175
162 116
80 34
176 178
15 103
91 161
44 14
36 158
39 82
3 34
133 32
173 78
162 76
26 7
141 136
58 107
154 63
44 77
97 41
98 133
165 10
116 30
24 151
9 62
77 33
117 53
86 111
130 70
31 178
98 171
157 155
99 132
62 164
53 158
48 150
134 34
160 71
86 27
66 116
110 142
149 48
16 56
2 145
147 32
166 67
47 144
65 145
120 126
153 172
