397 4950
132 228
55 263
217 323
6 236
56 93
52 371
324 388
158 126
171 166
99 282
212 208
156 12
95 18
196 162
245 195
26 94
25 80
75 241
120 80
195 176
288 246
264 329
352 139
57 125
23 271
124 234
81 279
245 290
296 44
54 258
353 195
352 377
274 29
335 112
223 132
5 228
378 383
160 332
125 216
174 262
204 15
98 3
294 343
292 307
104 64
168 59
258 237
38 249
380 90
78 320
222 82
151 317
183 28
366 307
358 142
286 165
156 383
167 46
176 192
149 354
359 207
329 313
359 181
295 52
373 332
388 173
85 307
355 227
275 379
303 19
267 70
289 252
351 174
298 129
365 164
86 44
89 132
356 50
30 368
216 6
302 206
178 105
230 135
331 107
116 236
240 382
23 247
351 373
23 366
220 105
133 23
148 221
154 106
385 184
76 319
189 95
127 366
199 75
218 133
181 333
86 24
35 109
270 103
199 10
72 21
114 204
43 261
27 312
84 14
98 274
50 286
368 177
369 285
366 189
135 149
239 220
172 388
46 159
93 245
168 164
380 396
367 141
374 111
55 60
240 152
51 289
155 137
183 126
24 151
32 158
300 385
95 189
375 141
66 185
103 348
349 200
347 36
340 323
147 112
101 104
263 151
392 135
287 178
260 28
46 9
185 345
111 280
252 88
138 317
273 355
382 339
157 331
374 215
372 238
326 75
341 307
340 336
44 230
231 22
257 276
145 160
339 256
42 308
61 294
227 333
251 211
389 125
260 84
339 234
321 383
26 380
292 365
36 53
312 266
74 287
259 219
49 315
192 205
225 252
101 169
303 69
98 294
308 357
377 250
308 19
350 333
116 359
18 151
14 330
134 203
219 110
139 267
28 330
189 252
184 7
24 89
75 236
383 382
195 80
349 220
213 19
270 46
377 287
311 391
219 47
311 40
272 52
24 299
381 212
268 167
218 9
371 10
244 74
110 156
268 176
93 199
195 362
244 174
252 158
282 73
319 310
228 193
361 251
209 62
181 195
344 116
203 317
241 165
390 350
38 375
243 131
176 40
95 23
329 346
295 328
137 331
241 364
127 319
332 53
381 115
247 327
346 168
361 189
50 353
256 87
48 101
217 224
256 312
361 187
375 258
232 114
191 75
195 35
394 130
203 95
359 52
24 25
334 384
213 383
57 186
188 104
5 7
45 260
36 8
164 129
380 395
242 289
73 155
323 184
284 243
278 360
13 19
385 346
120 315
50 176
104 237
394 108
243 42
85 394
164 248
125 147
245 84
38 317
238 78
218 239
39 98
202 51
231 189
396 350
106 48
243 324
2 240
149 360
396 233
356 277
83 198
26 328
396 178
362 237
371 183
193 12
395 394
62 229
300 175
181 124
338 27
50 339
381 314
301 97
149 374
373 347
174 117
277 288
12 356
127 100
141 319
226 254
34 5
85 51
295 380
174 235
124 339
291 222
255 310
318 121
4 12
70 293
128 346
183 254
305 309
72 163
345 297
19 96
302 218
147 199
316 320
151 42
376 159
264 233
71 299
354 75
310 141
367 155
90 152
127 112
178 198
389 240
97 126
336 116
343 200
32 376
122 297
21 216
59 2
51 129
18 122
318 328
263 287
200 70
156 326
296 333
241 287
291 56
15 229
286 76
31 318
169 267
217 189
85 390
305 251
122 323
372 157
368 352
47 170
24 317
214 319
253 172
324 146
227 56
92 116
246 237
151 18
106 85
321 306
78 229
159 314
269 248
73 239
203 234
126 341
154 57
378 124
229 304
269 173
77 78
288 323
314 41
340 137
241 263
45 318
209 203
234 80
54 24
36 371
258 277
314 14
51 294
137 394
315 123
170 392
200 175
317 231
216 259
367 174
239 15
94 51
332 45
245 385
68 396
358 43
390 275
56 43
286 307
155 204
147 324
198 346
101 117
294 34
93 264
207 49
393 18
214 327
62 177
315 245
175 390
287 282
382 61
42 271
85 196
192 232
122 107
295 338
338 192
371 33
173 181
196 168
313 13
97 375
189 129
337 81
122 341
80 221
119 121
209 204
317 3
153 156
109 50
96 49
356 185
196 131
83 110
298 395
122 395
372 28
241 29
223 80
370 302
301 206
140 227
127 174
230 279
48 56
329 143
220 287
327 133
136 12
242 36
10 81
148 99
108 389
243 48
71 330
67 89
138 207
316 265
98 263
146 145
318 192
6 255
197 332
388 332
62 347
85 186
31 233
2 253
339 244
301 12
176 367
216 32
291 134
14 389
396 159
251 34
69 256
7 380
306 112
32 367
61 116
270 91
66 386
344 7
348 362
134 126
49 349
272 340
200 285
49 198
162 17
346 345
273 352
327 181
66 358
265 242
191 252
332 257
240 393
378 190
75 114
34 124
180 305
181 379
308 344
294 72
360 243
19 235
312 63
18 96
138 397
337 328
251 386
302 94
100 283
283 174
114 34
15 294
339 195
275 364
141 287
38 104
132 171
56 161
233 189
371 370
188 28
18 42
132 320
250 346
320 250
237 36
284 252
47 340
49 40
306 305
326 61
126 175
346 181
335 181
369 27
268 275
54 285
34 300
322 283
248 244
250 88
395 251
339 44
308 105
83 331
12 126
391 252
300 339
36 353
237 122
379 107
396 150
110 32
53 34
32 300
393 397
387 390
250 46
151 276
151 349
209 277
77 318
132 95
374 282
50 214
6 146
38 120
295 147
266 347
296 16
365 291
15 72
1 379
118 266
257 383
217 69
262 12
386 111
106 362
110 270
293 231
18 331
350 312
195 333
377 93
348 62
101 80
133 216
62 365
85 36
350 19
104 330
30 207
158 250
287 268
122 182
101 139
230 53
169 28
103 263
235 54
324 54
248 174
269 309
142 353
63 209
90 281
141 119
91 299
87 95
169 208
391 384
65 339
154 348
84 256
328 318
27 369
371 275
145 358
301 4
31 363
328 120
247 71
239 55
87 43
264 370
365 257
356 147
198 112
97 396
86 142
317 112
113 8
386 373
83 290
94 114
370 24
233 219
210 189
388 296
231 254
384 199
229 342
345 144
172 160
143 257
301 177
368 17
299 75
107 382
82 200
98 54
224 330
388 36
122 96
49 352
350 35
268 296
95 216
42 266
375 299
125 393
78 210
12 377
2 233
361 83
36 61
252 259
108 242
12 229
55 60
299 122
210 169
20 304
102 177
172 79
78 14
190 271
338 316
250 340
152 328
25 187
106 391
163 213
235 289
45 290
66 61
129 275
229 149
181 331
325 70
127 120
198 316
390 139
235 357
196 386
287 335
290 392
329 55
208 281
343 367
288 11
30 20
4 373
283 299
306 210
369 151
47 284
69 155
140 21
114 335
9 4
388 16
113 319
70 38
202 130
7 208
256 151
227 259
127 112
160 150
39 246
300 200
133 369
354 272
107 71
325 231
189 315
246 301
351 316
57 155
163 63
80 21
329 306
279 58
135 42
207 288
287 110
91 22
196 47
12 302
232 336
135 138
368 99
157 321
17 213
193 179
390 273
315 321
296 196
378 149
237 303
39 242
130 129
378 43
291 389
62 240
45 312
378 15
13 137
53 144
349 246
40 341
121 354
380 134
153 360
282 107
380 39
348 227
282 47
269 175
38 331
133 198
245 113
327 257
364 380
118 315
228 157
373 66
114 355
314 266
36 199
90 133
237 41
360 121
87 231
14 239
164 146
39 126
373 366
100 339
66 217
371 293
374 64
76 205
137 389
73 172
305 162
22 144
317 381
380 121
215 111
78 96
371 231
337 346
314 154
5 379
371 93
274 65
156 67
269 292
59 181
363 335
203 225
370 186
207 93
118 35
285 329
8 119
268 353
35 24
75 17
112 167
8 291
40 75
162 332
248 335
230 213
388 35
155 360
336 361
170 56
113 58
102 120
291 87
190 325
111 264
59 337
148 67
231 188
256 110
237 106
163 69
36 153
219 191
115 157
269 2
327 382
174 32
219 67
118 12
392 343
390 53
283 141
234 231
46 92
58 282
312 220
350 66
372 286
256 204
45 242
206 372
341 379
121 163
49 353
174 158
299 166
325 299
24 162
247 69
368 304
350 283
127 21
348 101
306 321
23 69
165 228
158 224
324 278
386 90
233 162
247 249
45 175
265 69
54 114
137 24
136 205
306 262
225 371
80 133
294 102
316 177
47 76
3 89
353 388
178 304
267 143
270 29
35 253
97 88
84 349
111 219
156 20
198 380
390 278
230 5
97 264
181 259
339 298
347 13
288 242
316 272
384 303
300 21
158 115
108 357
66 219
178 336
353 376
36 63
371 380
67 185
246 362
46 188
262 392
200 267
352 233
141 338
253 159
359 129
273 184
88 56
5 265
109 75
358 144
138 49
241 319
234 90
284 279
392 263
389 194
133 343
144 388
1 396
149 359
242 139
261 329
309 265
312 20
58 387
278 195
39 122
116 387
211 117
268 320
98 374
231 230
37 374
335 153
90 87
114 332
340 92
378 252
357 10
271 17
397 152
326 38
273 159
142 201
391 12
123 91
104 71
38 255
47 372
10 251
176 239
300 119
330 281
370 7
290 358
138 289
112 66
44 102
340 185
20 333
312 257
141 133
327 178
105 91
152 115
342 46
71 244
164 3
242 136
125 135
96 262
141 323
46 300
142 103
202 162
38 231
136 178
81 181
73 186
271 339
18 330
384 88
177 265
205 136
3 329
385 214
309 129
254 354
146 395
59 65
274 211
14 128
106 94
308 178
394 296
234 14
229 221
216 123
88 24
258 206
352 246
137 263
92 108
334 237
220 110
19 97
38 32
339 143
241 249
38 237
147 387
366 93
210 184
215 15
207 76
335 277
321 189
142 130
296 194
84 119
303 102
330 59
249 271
201 92
237 354
46 101
343 14
194 270
198 126
2 122
201 337
1 239
243 258
368 142
54 375
74 271
307 132
122 295
51 213
249 7
373 349
67 387
260 336
302 386
337 26
304 391
142 261
237 2
346 96
170 118
73 358
388 97
93 112
109 258
42 357
379 132
26 48
121 286
383 140
389 322
281 13
34 25
273 270
26 337
83 310
57 155
270 162
366 80
388 77
337 147
36 318
278 61
365 117
64 350
256 170
390 139
183 26
163 173
13 303
227 95
215 283
364 88
47 332
167 37
11 222
183 161
142 179
336 110
295 3
177 153
287 284
292 187
27 172
78 154
78 304
248 10
305 329
212 351
263 379
106 388
203 6
151 62
184 90
171 196
207 66
349 96
349 358
1 94
247 78
247 42
381 98
52 288
144 263
357 10
359 180
115 279
185 381
341 87
188 229
282 394
12 348
207 361
308 207
172 273
284 21
314 383
233 365
273 377
346 232
104 307
14 218
304 314
201 247
118 388
193 2
102 205
68 27
283 93
233 57
365 235
192 282
220 28
364 210
7 30
160 110
55 288
45 358
319 246
322 39
351 117
156 171
39 223
197 39
315 147
210 1
99 5
397 36
32 363
246 38
393 123
262 50
13 306
125 332
269 49
370 223
280 243
393 37
68 307
75 101
56 3
101 155
7 100
305 38
180 153
190 290
390 169
57 6
77 296
55 346
344 142
286 342
385 396
96 55
305 285
270 78
287 370
347 293
187 255
48 85
125 352
92 118
123 149
238 200
47 292
263 109
36 151
168 23
149 263
78 171
150 347
248 40
38 313
50 339
285 213
141 12
167 233
129 8
99 84
322 260
375 187
86 14
337 253
151 203
233 343
91 383
293 56
140 48
368 304
104 255
234 245
267 4
80 113
126 293
197 50
155 289
236 241
302 290
211 171
210 47
116 300
147 126
355 4
173 326
25 392
298 259
239 282
377 36
395 105
328 309
154 200
315 389
158 220
396 369
390 208
133 223
110 279
349 67
397 124
110 24
118 11
397 74
292 376
109 7
83 154
33 236
354 348
342 114
285 340
200 392
265 332
217 374
328 168
159 45
292 268
69 127
393 68
316 288
162 142
12 244
296 45
198 367
392 257
198 279
315 1
273 182
50 92
274 96
260 35
140 269
20 323
113 16
109 31
21 270
173 32
231 186
76 31
155 185
6 70
66 320
185 56
219 235
148 95
48 125
244 187
111 264
113 223
394 336
369 132
208 259
163 41
47 354
187 316
141 192
385 322
229 288
377 50
125 242
260 172
366 106
76 79
87 303
20 198
241 388
329 51
249 210
207 13
281 111
328 139
20 33
63 248
320 158
15 162
2 389
51 86
213 127
164 17
32 298
215 273
288 261
41 254
188 362
266 186
75 311
325 209
344 105
59 381
262 189
146 379
180 311
67 110
40 345
127 187
246 341
177 251
319 332
108 225
297 91
13 89
5 337
298 66
160 74
49 139
377 309
120 275
223 301
384 377
249 113
166 97
171 60
65 208
392 172
35 9
263 47
212 382
102 112
50 376
301 213
117 280
125 352
157 65
255 259
44 106
89 325
317 260
102 382
70 96
271 104
219 251
265 34
235 84
260 2
62 163
215 179
161 57
133 35
121 387
293 279
211 382
206 130
359 308
229 146
121 103
364 58
353 231
91 306
315 68
307 94
231 239
272 109
295 122
143 133
227 154
15 155
138 335
2 214
360 231
359 199
51 325
256 121
273 346
29 305
131 336
2 361
292 388
72 190
228 330
322 172
86 54
326 338
389 327
154 69
275 230
267 325
157 125
49 147
188 77
55 319
130 171
397 25
161 72
329 106
119 368
277 204
25 205
144 131
250 15
199 127
244 69
55 118
308 218
264 99
12 36
135 142
206 134
281 85
320 327
190 41
297 70
244 321
389 105
169 241
234 86
368 80
154 25
197 179
357 179
392 368
214 129
227 138
263 110
222 185
39 129
341 54
198 302
92 190
10 261
33 243
346 118
41 217
257 352
395 216
248 108
187 180
236 16
317 101
241 256
4 394
384 62
50 300
363 142
207 90
120 354
51 68
75 91
2 331
160 114
150 11
221 54
190 60
184 224
275 27
82 393
24 183
57 188
200 138
329 9
227 51
81 392
233 155
85 234
203 360
348 70
370 286
123 277
345 25
103 338
51 299
333 189
84 108
377 2
245 26
10 189
192 205
184 27
359 383
376 280
345 44
349 35
329 190
311 392
214 131
332 379
32 267
286 231
92 380
232 336
8 356
243 199
164 29
341 240
129 319
122 77
80 189
226 11
96 140
5 27
385 336
123 20
321 11
365 130
390 199
69 116
157 29
32 38
57 90
278 185
11 117
376 205
23 205
216 118
62 335
259 164
274 382
183 312
110 150
44 103
66 227
333 338
255 364
375 29
57 370
329 182
205 307
387 227
229 320
63 8
257 321
172 248
23 72
277 133
337 321
350 5
265 285
342 238
366 38
266 25
10 197
322 329
222 29
274 168
348 336
291 207
374 180
173 397
251 52
247 190
90 199
310 355
86 254
195 54
9 178
194 134
375 233
65 314
261 338
199 326
391 92
250 86
271 25
200 240
77 49
147 281
247 59
238 50
31 150
218 39
328 129
172 23
361 237
336 339
292 252
382 286
344 235
89 332
374 288
174 168
336 321
52 185
97 289
349 127
157 169
166 87
298 337
224 376
291 277
36 186
131 20
189 192
254 277
127 346
282 18
116 220
56 167
122 153
174 73
279 330
356 162
134 371
217 357
350 110
236 385
13 84
122 316
276 94
310 5
42 194
22 157
16 78
42 252
230 215
324 226
147 1
388 395
371 207
354 323
34 307
28 47
390 150
80 268
243 390
272 2
301 12
158 35
89 199
286 36
131 328
376 392
328 366
389 301
290 63
342 324
369 88
362 236
282 347
196 274
337 197
293 348
73 327
154 386
215 304
120 145
282 114
75 366
106 94
258 283
38 299
255 124
104 334
360 386
283 158
377 222
73 272
287 145
201 158
133 134
64 367
278 346
84 71
314 304
279 289
189 316
191 46
157 12
97 119
397 98
392 377
37 182
366 324
326 170
84 176
303 148
146 298
211 344
86 242
250 364
133 41
282 41
202 42
53 16
275 167
113 384
261 150
168 230
191 211
117 389
387 137
254 250
152 67
196 238
308 48
204 159
203 204
314 122
245 84
138 237
251 250
224 229
117 109
176 307
320 292
17 309
146 270
276 298
337 74
138 362
121 59
238 41
262 270
163 224
353 18
64 321
382 5
153 102
113 328
126 35
338 142
61 86
15 336
101 69
127 353
148 362
15 104
6 276
373 283
103 328
300 281
252 284
285 122
385 115
167 229
265 222
88 43
26 102
97 126
285 223
82 151
188 96
254 193
89 229
78 191
159 95
74 128
378 76
364 84
306 134
312 173
355 117
215 380
334 311
224 221
252 305
371 157
118 227
67 206
58 144
397 332
353 188
62 333
379 144
19 287
277 48
177 349
165 391
50 101
23 273
39 389
295 128
148 15
354 214
220 130
75 334
179 30
240 355
362 336
101 99
225 95
261 4
47 143
112 96
358 249
86 397
240 380
242 387
112 313
203 49
45 392
383 338
24 340
296 104
278 396
317 220
94 295
223 255
41 52
350 1
301 153
115 143
250 74
248 361
387 168
12 149
163 112
90 301
54 385
122 49
101 41
268 194
336 208
51 94
260 118
209 163
385 42
23 237
115 385
200 104
156 212
253 36
41 60
336 95
47 61
258 147
216 129
59 154
54 224
362 313
342 174
193 329
215 331
169 329
318 86
151 76
15 121
111 56
180 165
265 341
225 125
205 158
368 263
312 25
90 391
55 149
167 363
195 99
296 81
146 216
167 296
10 296
19 235
69 313
2 333
256 341
176 63
102 261
44 131
3 248
124 58
396 9
23 308
107 318
389 252
251 273
265 375
286 1
213 355
313 329
8 171
388 183
349 207
47 392
337 164
357 178
221 355
186 358
380 11
278 89
377 247
79 245
224 365
245 154
322 276
86 329
49 191
230 115
397 391
224 54
157 183
231 378
255 135
338 238
260 334
44 239
298 123
86 239
90 49
393 129
324 196
175 90
386 7
320 103
397 146
156 272
329 386
367 301
238 307
141 100
358 185
339 373
307 142
215 114
305 210
242 231
123 19
39 226
141 358
328 255
106 86
129 152
189 98
56 145
123 311
244 198
98 300
174 122
45 388
350 349
315 309
298 40
46 336
380 186
14 310
158 234
113 287
386 19
384 159
163 224
72 125
25 285
27 198
124 71
188 77
138 220
103 153
374 148
206 356
51 219
383 209
55 213
98 158
231 199
316 112
26 106
236 165
390 377
362 231
166 267
25 303
89 128
173 65
275 378
138 44
199 123
252 368
335 67
129 283
380 162
112 123
267 65
287 374
45 366
323 210
235 347
230 41
77 5
105 70
382 357
113 298
82 268
134 148
114 135
130 391
361 253
375 29
142 70
73 226
392 397
63 341
229 104
21 348
323 205
332 283
317 347
82 1
332 331
263 49
68 392
157 31
362 134
174 222
318 246
50 312
360 112
256 306
330 391
256 371
313 305
371 232
254 55
347 189
385 212
352 170
321 226
316 4
359 92
225 395
56 274
309 18
103 282
324 151
390 297
124 305
205 97
139 61
266 203
364 369
132 36
256 56
261 174
59 338
266 1
335 39
389 246
56 209
131 97
359 123
394 200
31 201
14 284
376 280
205 61
366 336
96 224
109 357
1 282
297 381
282 234
22 388
82 192
200 327
7 161
168 3
361 313
318 92
314 14
89 121
74 57
175 285
281 283
244 396
283 258
97 282
94 118
273 290
27 75
335 33
235 105
150 313
135 185
8 51
199 96
172 387
268 64
389 151
346 235
264 231
95 360
116 303
80 388
196 221
65 248
254 17
352 121
48 204
306 55
254 222
265 143
326 135
206 318
3 270
155 266
103 365
228 333
270 25
41 183
361 220
33 217
352 102
337 2
305 360
171 277
184 38
22 113
288 343
33 290
215 302
274 35
384 219
86 257
244 126
157 207
64 305
141 18
124 195
134 147
158 304
26 59
59 162
286 346
107 318
354 39
338 230
74 324
51 159
298 12
2 58
333 65
80 191
197 203
386 330
349 261
351 92
319 13
254 208
76 78
243 32
117 183
376 305
225 145
66 125
156 182
297 207
362 376
397 161
297 385
209 248
363 162
58 3
289 311
325 83
106 170
229 222
71 208
244 13
70 309
137 225
209 152
149 173
130 149
51 29
251 259
392 217
139 167
334 145
195 261
227 300
148 59
240 333
381 86
345 53
113 200
392 321
351 144
211 83
10 261
227 260
238 336
194 94
105 130
238 299
108 183
316 371
241 158
306 339
244 369
391 74
171 385
394 124
246 322
321 255
185 265
118 140
318 29
233 140
274 189
156 381
371 75
354 329
347 378
270 308
349 263
381 122
365 95
360 214
19 1
186 204
266 21
61 186
50 294
44 323
85 199
24 58
388 96
104 338
191 373
248 142
353 232
378 320
44 340
251 63
340 40
381 323
60 44
227 224
337 270
264 139
186 6
311 177
101 17
117 291
107 364
150 62
313 130
100 357
187 350
137 244
107 120
170 282
163 396
223 218
383 90
74 171
95 385
347 310
119 66
318 226
148 185
287 178
314 386
137 218
57 388
64 278
110 233
277 388
346 103
323 331
192 396
105 4
383 54
31 105
235 66
48 100
250 334
277 281
41 132
101 212
122 164
92 232
397 87
337 63
189 262
394 98
260 216
101 361
384 246
183 221
311 230
38 163
281 315
46 39
49 146
250 285
309 60
234 26
146 173
89 334
37 200
149 15
18 249
93 4
97 390
340 125
337 377
287 220
12 332
259 175
195 226
63 106
285 296
247 148
72 53
199 223
367 347
352 384
198 162
105 12
154 47
136 93
142 140
31 153
74 289
328 268
232 108
92 120
6 56
382 192
223 184
133 192
133 202
293 49
364 397
60 120
162 311
328 21
168 358
173 242
364 218
227 198
43 36
35 49
206 20
355 146
203 90
337 335
292 232
101 258
347 276
95 226
189 140
246 356
100 136
315 66
72 260
379 114
13 16
162 334
150 235
82 70
324 22
123 333
368 223
308 317
101 121
145 7
260 108
81 360
244 395
143 315
372 239
31 385
370 308
321 122
145 5
307 186
141 32
237 112
254 147
146 355
382 9
361 245
116 44
322 359
157 182
391 246
24 25
233 111
50 271
347 309
391 256
97 134
287 51
360 144
313 224
216 297
232 294
259 65
56 183
142 212
83 135
60 221
274 11
331 41
396 280
349 389
139 164
241 28
214 318
286 129
144 104
29 93
116 287
273 171
188 17
100 270
266 274
208 258
2 141
298 1
138 365
389 276
131 347
22 62
268 25
191 14
244 334
222 359
338 97
132 128
113 346
115 96
222 322
71 224
65 87
224 318
54 330
196 184
395 332
360 265
357 153
393 203
204 217
279 145
313 13
272 143
358 105
354 297
29 27
123 209
113 64
129 281
112 42
182 109
374 145
91 51
297 86
368 104
21 249
363 51
261 352
309 336
59 265
350 203
9 191
129 237
254 372
120 83
131 302
191 222
49 281
272 63
85 242
281 105
93 246
155 71
201 181
124 374
48 77
294 172
382 25
11 238
114 130
39 245
34 229
69 197
228 341
260 312
300 143
134 111
107 6
181 25
187 23
116 349
214 13
123 198
152 133
153 266
378 191
113 129
138 296
326 365
354 188
394 257
48 245
367 269
250 265
293 154
5 12
221 218
24 343
133 290
194 286
158 289
194 385
20 331
284 345
16 240
250 12
214 16
371 298
284 339
281 180
95 285
306 315
221 47
376 71
336 287
74 97
178 268
199 197
201 85
260 217
43 112
343 371
127 317
272 14
258 270
308 70
272 216
103 210
262 196
281 315
85 354
129 377
224 328
176 143
130 38
77 287
265 137
261 391
56 250
122 31
122 32
216 111
362 36
321 341
231 204
259 33
160 387
12 102
35 187
244 165
340 38
54 207
174 32
315 345
281 40
93 120
186 308
346 266
343 269
209 291
75 185
323 349
290 334
168 324
239 129
206 181
166 375
105 340
9 22
287 8
176 379
242 362
8 190
230 68
61 156
359 250
59 2
202 348
336 87
389 292
216 313
190 381
290 294
323 16
33 327
23 209
27 265
173 34
172 120
216 233
275 177
85 51
179 4
116 232
206 223
126 24
138 315
7 145
326 48
160 358
92 298
169 118
165 59
266 336
178 85
286 171
376 89
221 157
207 337
106 15
162 346
38 17
263 160
161 306
207 38
267 298
335 153
134 102
212 117
156 107
201 159
277 180
362 216
54 172
270 275
301 149
223 339
165 204
216 43
112 140
80 378
155 18
249 288
234 63
8 107
169 323
381 164
220 345
97 389
119 366
266 138
232 91
194 396
294 12
156 124
151 350
104 305
85 352
311 37
132 318
258 19
358 241
182 296
304 278
287 25
361 270
277 195
360 73
308 372
84 181
98 234
133 316
257 333
386 170
369 235
205 229
253 165
188 152
63 94
147 67
233 110
336 113
304 17
185 329
106 269
112 318
220 360
351 79
295 339
248 266
292 55
212 262
335 2
17 397
210 163
67 46
388 120
158 12
136 60
341 241
46 170
161 266
132 115
344 29
171 310
294 180
82 109
45 19
225 61
134 38
338 315
198 328
37 73
340 173
132 1
131 178
170 10
46 302
124 107
330 12
134 342
192 216
168 236
349 392
296 85
147 351
2 344
282 154
134 224
326 266
339 174
46 111
183 206
15 24
30 63
36 279
7 227
97 174
180 48
283 193
248 33
146 364
94 30
120 228
368 163
211 309
337 256
138 122
179 152
261 323
214 296
204 220
240 18
111 137
181 394
329 31
29 77
394 237
222 232
67 307
394 277
334 333
250 74
173 146
225 151
187 157
49 390
94 6
126 205
142 306
201 73
54 344
264 165
183 203
396 365
113 393
359 49
46 327
122 333
190 64
86 376
220 249
87 32
254 212
236 395
235 154
185 288
215 167
55 115
369 169
82 84
164 159
247 324
203 368
375 392
35 63
371 369
30 60
118 283
386 353
396 223
224 298
113 41
67 282
271 39
53 70
237 331
228 87
258 33
172 350
28 206
15 116
293 44
175 13
45 163
84 43
103 25
340 215
181 10
214 54
163 267
123 2
315 69
203 175
216 375
127 243
298 257
76 308
18 365
321 62
245 122
219 347
261 277
164 44
4 96
212 281
362 53
282 279
121 203
172 336
180 16
297 80
387 372
388 123
340 29
184 187
265 121
252 128
115 18
287 118
228 101
1 192
153 397
189 388
202 78
45 99
208 341
294 198
33 2
320 90
30 221
277 12
59 131
254 173
263 143
8 209
359 8
3 229
123 306
335 42
383 379
141 309
322 37
109 72
38 146
162 182
84 156
308 143
4 164
33 266
25 41
77 383
163 195
329 285
218 266
327 319
247 70
230 286
221 56
358 258
201 122
157 2
392 67
259 395
230 292
378 254
332 58
354 97
367 4
100 302
384 144
223 349
213 170
237 151
225 312
126 143
151 282
145 348
6 142
295 15
123 267
346 295
338 161
379 341
375 283
328 121
224 394
51 393
348 201
221 263
326 81
131 210
340 391
275 346
135 287
78 372
156 27
384 97
302 83
155 394
366 200
117 307
196 167
302 147
85 240
127 128
321 257
337 263
365 329
326 103
218 7
192 374
148 294
188 167
376 342
163 62
260 394
368 58
278 273
319 362
230 48
92 153
23 146
134 387
192 177
207 12
298 2
103 163
13 8
329 388
68 209
53 327
205 23
102 85
13 24
164 243
71 370
113 93
233 246
83 27
141 289
154 156
8 371
319 20
379 365
126 49
292 178
93 99
315 194
299 328
217 180
173 288
268 285
98 103
249 295
130 107
302 283
262 309
371 298
47 352
266 287
3 160
67 210
373 381
7 389
29 223
172 201
228 42
204 326
259 170
223 388
276 127
388 140
154 362
156 315
34 24
204 152
298 385
361 273
86 367
380 115
193 269
33 23
28 236
66 286
8 289
392 283
133 100
141 4
179 296
318 213
37 239
364 334
226 45
324 312
15 24
144 322
292 176
344 319
15 13
323 137
19 317
23 151
19 278
270 313
291 190
128 45
32 209
96 372
253 137
4 382
161 147
306 55
323 368
92 55
98 17
191 116
51 328
381 184
208 253
99 216
161 341
260 307
267 355
281 123
95 3
107 255
149 131
27 189
101 233
358 198
364 152
31 17
82 14
316 8
382 17
223 145
76 201
54 342
158 52
182 367
169 289
339 36
137 366
224 237
316 185
37 283
54 67
299 135
195 217
257 179
349 198
41 27
1 209
86 273
261 268
358 147
274 299
182 13
382 9
249 301
308 3
186 361
69 202
213 378
137 73
275 203
385 315
344 385
127 32
375 105
299 335
251 175
237 36
187 336
159 153
239 184
155 142
147 338
62 77
319 198
264 196
118 251
228 64
353 354
95 331
176 112
268 145
286 222
180 191
276 56
343 117
239 101
374 103
41 38
179 77
350 46
387 70
14 218
133 367
289 342
300 68
56 285
212 60
225 109
250 103
164 195
334 5
13 310
222 169
65 3
360 17
163 350
201 177
170 51
146 61
111 48
243 166
50 57
225 274
165 192
94 46
387 31
50 117
58 271
285 123
389 248
254 154
315 173
48 87
223 193
262 333
355 108
217 123
279 159
114 47
351 208
92 58
353 257
174 13
245 177
250 351
142 222
108 59
394 270
260 334
66 124
270 138
346 204
260 228
362 374
389 315
184 83
372 254
57 264
381 302
158 234
255 299
173 80
75 169
350 334
105 133
175 92
270 124
295 133
69 375
109 60
292 10
142 382
263 314
363 246
333 123
197 305
139 369
385 213
255 55
264 78
302 41
169 174
279 182
24 347
274 132
9 283
256 266
382 236
182 347
200 117
187 114
24 325
86 126
255 58
295 121
135 199
162 22
373 43
318 396
390 194
246 116
79 219
381 64
58 165
128 372
396 315
88 138
357 288
378 215
346 276
335 198
77 214
219 167
257 254
281 364
50 244
197 244
65 181
25 237
63 152
211 177
184 299
314 144
304 294
358 252
172 13
53 364
342 386
248 316
243 131
282 10
374 81
253 157
376 277
111 42
32 322
218 215
338 249
76 244
145 151
214 35
279 266
116 223
369 363
141 214
212 140
224 303
220 79
62 314
74 173
73 220
212 290
152 267
256 228
228 118
378 44
152 374
27 382
199 396
348 339
327 277
81 153
182 19
347 359
332 138
134 7
357 63
14 111
47 384
56 274
104 152
36 371
128 177
355 327
290 23
268 220
299 67
90 199
85 154
160 134
291 11
255 250
73 383
79 119
369 134
110 75
285 260
48 16
40 121
60 329
143 45
266 160
111 74
358 310
227 120
161 236
130 18
203 317
118 281
153 89
133 262
279 135
125 326
150 279
49 324
325 307
369 194
69 197
267 144
110 211
378 385
49 110
121 367
144 238
250 296
327 100
275 208
235 117
251 102
395 18
29 323
324 115
234 110
311 218
368 138
31 348
126 195
60 246
164 318
86 131
216 130
231 208
337 183
325 306
284 40
323 30
80 364
144 313
76 173
248 161
310 279
111 153
191 285
1 354
205 202
202 138
331 35
345 386
332 272
294 219
30 334
363 109
300 225
140 93
397 387
253 309
383 81
180 176
365 295
247 172
99 52
309 148
86 256
251 136
246 262
354 390
198 37
101 215
261 355
307 260
345 277
287 48
357 69
224 324
363 73
213 180
239 327
43 212
295 178
175 159
249 167
74 285
268 288
149 340
312 126
5 306
15 53
265 198
391 306
164 181
236 61
23 77
387 65
6 2
242 181
160 93
347 348
377 217
353 243
275 267
369 279
290 101
331 272
299 324
295 180
108 133
240 130
324 344
194 329
345 38
112 222
245 62
172 339
393 242
185 270
226 271
152 118
89 200
389 387
127 286
284 349
136 241
81 177
187 389
108 249
144 335
188 388
114 77
329 224
318 231
212 146
104 363
263 308
280 369
297 9
372 299
75 225
142 155
4 47
261 227
13 7
164 201
112 392
277 44
218 198
389 32
61 96
112 42
6 392
13 20
118 103
36 193
327 293
347 49
57 326
275 69
332 156
384 47
150 264
205 367
179 196
117 354
9 228
395 129
337 126
149 58
228 299
250 272
194 314
320 250
242 197
37 292
70 23
338 219
4 260
304 182
58 138
139 182
365 251
310 305
376 176
80 206
78 329
196 386
245 118
354 205
33 390
99 102
15 154
39 19
16 60
315 188
197 171
369 279
25 282
301 118
175 380
324 252
29 237
356 389
354 312
196 386
304 12
206 36
165 359
169 295
136 202
200 50
90 172
46 114
171 347
347 345
47 388
315 76
227 273
182 183
187 377
287 208
388 210
358 270
171 245
167 24
49 84
73 253
255 118
367 143
182 34
206 229
24 238
22 250
113 203
35 17
297 39
339 5
248 17
274 136
261 158
159 27
241 346
280 214
67 364
74 248
397 279
194 23
119 330
387 346
250 139
80 149
178 21
268 143
153 259
394 16
134 270
158 93
219 155
306 285
236 97
250 235
94 162
372 327
94 79
391 344
217 73
210 394
209 196
255 361
57 251
94 191
123 251
283 341
123 306
343 358
120 311
310 213
75 2
143 283
80 136
344 297
323 272
11 134
70 265
97 241
118 306
34 356
274 34
17 397
57 360
357 177
388 385
107 180
386 249
65 69
102 127
365 143
1 375
276 185
243 91
28 78
396 177
36 387
325 53
386 382
130 64
276 235
51 382
17 39
234 196
107 53
322 189
195 40
282 189
339 127
394 85
319 110
261 73
99 188
240 88
287 369
266 165
206 316
150 337
72 101
135 294
268 175
85 181
329 366
369 271
210 365
355 247
77 333
319 290
123 161
377 128
247 245
292 170
278 44
109 350
259 358
361 130
135 48
310 67
132 396
337 341
81 12
305 272
344 226
164 184
104 259
311 350
221 321
237 102
82 345
169 341
306 132
188 158
294 215
224 28
213 278
87 11
7 391
282 350
335 163
252 156
24 280
109 245
203 63
64 3
11 232
343 34
81 248
306 374
65 133
120 392
128 206
5 250
314 286
202 251
166 171
10 190
54 233
37 371
13 100
373 138
49 36
286 129
1 195
220 65
45 339
59 172
262 178
139 179
181 59
147 347
229 271
139 397
221 290
371 234
389 64
371 155
100 260
1 100
172 220
280 216
277 56
105 141
234 244
319 17
302 184
363 133
172 219
133 393
111 221
344 217
284 35
371 101
12 371
316 183
309 198
1 188
253 106
328 204
67 365
221 368
266 301
218 40
123 350
150 233
288 96
53 175
131 26
390 257
115 308
43 26
108 158
213 79
263 258
282 47
340 220
17 208
124 235
363 246
302 115
81 193
211 133
85 59
274 77
315 388
103 75
16 210
233 343
6 213
318 6
260 261
225 391
186 348
228 151
196 248
266 392
43 79
127 242
252 3
36 284
108 138
359 123
66 194
183 71
124 104
76 383
82 19
377 267
366 322
21 280
172 286
274 329
82 118
173 333
121 209
219 343
346 295
184 14
206 366
200 330
187 390
33 268
11 127
138 95
52 158
374 338
161 365
270 242
85 160
292 320
86 113
266 35
126 52
163 331
20 80
378 322
73 14
192 198
140 329
292 306
204 383
247 364
350 234
323 38
393 217
75 82
48 340
231 173
391 111
221 129
191 202
53 263
215 359
63 72
9 73
378 212
58 342
294 11
178 219
163 288
154 237
87 201
295 317
91 288
31 311
134 221
115 301
201 329
263 378
119 386
53 99
200 111
158 211
236 53
148 1
340 301
352 30
219 249
64 309
255 209
222 106
147 55
10 347
101 387
46 219
375 98
35 292
323 192
221 161
244 86
276 302
104 346
49 322
197 112
348 169
321 287
275 185
341 2
135 45
106 295
263 83
392 16
92 318
207 30
196 169
115 190
73 218
138 236
257 334
347 207
221 385
97 98
173 40
214 25
199 319
319 65
119 31
195 210
66 4
355 262
287 72
54 77
8 191
312 264
242 377
74 65
364 170
277 254
324 93
278 126
14 314
305 132
345 102
60 13
220 17
389 110
203 45
301 210
350 216
77 310
310 265
92 276
37 369
248 360
179 243
88 308
160 392
42 222
211 216
349 34
347 341
258 268
103 161
195 171
94 271
83 6
253 289
397 289
260 247
367 157
207 172
67 366
282 223
305 95
42 257
243 106
200 103
373 20
264 286
190 75
159 387
196 130
279 195
21 256
159 105
15 365
392 81
52 276
304 74
88 63
330 331
283 247
36 374
382 17
262 174
207 138
279 5
267 160
314 288
18 75
110 33
157 104
228 323
379 249
115 185
311 47
118 197
12 268
173 111
3 152
284 209
289 280
328 159
42 244
164 175
36 273
322 307
377 152
348 76
4 65
375 32
226 95
343 352
81 233
65 198
384 67
124 276
346 54
37 388
15 200
165 50
190 204
356 169
355 24
360 76
88 337
108 314
150 53
268 345
4 333
145 387
2 268
265 347
321 19
55 335
218 334
102 11
140 175
294 213
199 371
288 286
29 113
317 178
281 303
240 284
238 384
273 354
254 256
21 292
274 191
344 95
127 48
220 382
222 231
197 138
205 202
142 233
33 61
128 313
363 367
199 318
71 189
389 324
47 128
333 321
318 279
133 162
44 70
261 265
300 60
121 222
377 262
172 12
322 17
42 6
383 240
323 171
146 33
97 308
160 147
231 195
28 81
356 71
150 220
54 167
394 174
389 91
38 278
102 77
295 258
82 395
215 123
169 361
270 380
271 32
130 219
341 157
17 299
343 281
236 114
50 348
287 156
41 42
37 258
118 331
233 315
328 51
155 214
14 27
197 2
58 326
220 116
200 236
132 145
119 368
258 283
36 262
157 191
303 193
166 139
241 2
56 286
52 210
103 180
236 299
181 11
342 118
126 144
353 372
7 189
60 264
189 95
244 345
4 149
255 169
5 213
285 60
102 336
384 319
233 337
335 16
65 279
248 305
25 318
280 146
109 339
13 16
152 371
78 155
237 333
323 242
263 326
19 82
379 6
3 215
60 55
345 125
333 196
147 76
116 29
221 340
86 348
355 237
321 35
391 161
85 34
120 348
359 138
147 341
258 150
158 318
204 105
160 255
18 306
48 134
53 383
76 138
334 148
374 372
297 367
250 100
118 369
165 80
110 311
23 85
178 180
120 100
2 279
354 20
303 119
268 355
104 343
210 40
208 301
130 107
270 379
206 105
69 88
184 293
2 206
377 179
103 100
278 220
96 349
354 1
70 224
73 174
284 397
328 94
300 60
315 287
157 239
392 225
326 178
120 327
102 214
224 204
31 104
26 127
56 379
242 125
320 33
16 206
32 344
299 50
6 217
336 162
58 48
104 101
226 338
31 327
155 254
248 185
75 389
29 245
88 386
370 11
21 385
216 167
49 233
216 55
167 270
331 339
317 38
42 260
93 187
304 247
43 270
150 233
261 178
80 348
166 167
76 301
270 10
186 318
357 4
90 126
388 24
67 26
176 108
285 268
295 307
233 55
179 382
5 42
277 85
107 161
251 298
179 238
25 364
159 381
86 248
109 76
386 175
101 164
397 104
150 12
128 382
182 306
84 186
65 78
385 286
238 354
186 20
194 210
383 352
193 71
203 19
262 191
308 80
73 308
298 222
37 28
321 218
51 122
122 115
199 109
119 155
65 22
174 259
347 274
213 257
63 133
276 42
42 186
121 229
211 137
168 248
164 91
68 330
212 304
47 128
16 280
282 80
302 173
56 251
165 269
110 227
119 385
383 160
289 221
106 102
357 273
349 239
363 135
171 292
41 332
23 171
215 304
251 234
80 24
87 244
292 311
188 129
299 288
6 305
111 112
9 71
384 76
27 68
325 197
359 83
246 99
254 178
121 222
14 200
245 100
161 255
14 66
383 30
353 388
334 181
217 60
251 204
250 277
386 177
191 347
260 155
164 116
332 284
337 346
86 299
163 361
156 291
144 141
320 214
247 371
394 66
149 363
384 1
357 372
178 151
40 155
305 203
385 354
89 42
302 289
340 183
367 99
76 228
354 114
44 318
87 40
384 350
5 88
351 362
178 246
230 332
3 252
137 105
323 340
146 343
346 88
128 315
301 203
145 258
316 303
178 121
342 279
73 65
85 26
144 377
386 91
311 106
60 165
210 382
222 355
327 170
161 57
202 179
375 64
154 293
366 50
131 28
328 204
207 130
344 350
109 333
158 137
41 217
19 366
317 240
41 246
127 316
21 328
98 395
391 251
8 77
300 139
105 346
60 311
193 6
379 302
56 139
156 212
74 175
180 108
132 220
353 259
254 91
189 351
203 298
319 326
374 222
182 196
285 241
110 80
246 91
99 20
344 255
231 135
147 13
242 278
347 313
254 203
121 161
271 324
61 193
367 152
132 151
348 19
391 60
213 354
265 312
373 326
284 321
179 148
333 138
28 1
53 282
203 289
160 77
215 220
384 299
371 118
52 39
251 160
213 66
116 80
377 207
124 378
130 20
128 181
157 271
181 210
270 101
101 32
292 33
251 278
331 339
395 100
96 363
259 308
32 92
106 126
16 229
222 146
248 349
44 7
337 224
331 209
42 149
240 334
296 208
214 344
265 327
46 360
292 304
270 41
114 375
282 129
321 106
389 286
172 35
11 112
373 59
320 18
323 278
69 221
88 282
168 70
326 328
32 336
350 20
94 66
112 375
194 36
83 186
39 370
335 49
84 311
223 6
46 148
283 114
368 89
113 253
273 42
184 305
95 251
42 188
316 153
166 112
303 363
15 342
335 350
108 21
378 330
142 26
195 142
254 166
345 366
136 221
125 37
243 334
287 284
125 205
154 8
35 60
88 164
119 26
116 226
161 96
274 20
236 71
277 92
351 224
176 205
47 300
241 7
237 246
290 79
168 47
86 317
221 173
84 339
313 199
282 192
13 158
326 248
344 205
340 15
32 233
219 193
250 178
200 89
26 207
282 308
368 85
228 191
373 311
132 288
112 17
197 124
289 126
90 235
330 147
250 79
379 186
387 231
363 304
38 106
113 319
17 84
122 244
389 97
157 124
384 383
255 299
225 146
27 314
99 74
63 66
268 159
251 372
389 332
278 144
40 390
181 56
191 302
17 183
1 173
24 102
159 278
3 383
141 144
17 239
333 79
304 203
237 273
177 343
207 172
90 361
279 270
135 73
174 151
370 289
324 111
390 200
388 393
300 246
254 34
88 189
112 109
109 66
381 3
126 305
174 215
269 56
202 121
243 93
271 215
381 312
325 374
229 33
87 246
278 340
279 83
247 390
192 355
173 290
358 17
313 134
231 299
304 151
22 149
358 292
81 342
322 8
36 153
155 237
2 36
294 280
233 143
388 27
216 278
35 176
294 347
27 243
363 49
393 384
197 71
393 278
15 317
3 165
188 158
4 304
308 16
186 143
158 291
285 91
172 37
266 183
101 11
28 66
59 138
167 370
209 162
250 223
197 368
106 102
128 224
8 153
239 308
13 115
202 15
205 91
51 189
273 151
314 301
331 372
41 100
344 249
377 312
190 291
282 13
392 127
236 117
394 193
27 124
25 228
139 229
318 304
135 309
58 51
212 388
140 367
206 202
334 185
116 241
78 115
253 187
356 206
303 352
1 329
78 25
275 331
369 310
238 106
221 13
272 150
118 14
120 323
215 56
225 48
296 302
162 266
206 235
74 111
189 75
158 382
214 35
315 300
62 270
124 283
282 395
150 3
126 269
325 341
42 153
106 55
172 383
320 378
220 394
206 12
186 363
111 117
115 28
20 177
16 258
177 297
255 326
299 98
313 342
41 354
97 262
12 383
247 49
81 69
45 287
195 345
367 305
180 200
51 199
94 66
174 270
362 31
313 379
128 228
323 284
185 137
263 311
122 112
359 203
180 122
207 375
184 291
397 363
93 50
279 186
230 55
173 195
200 89
176 46
316 101
47 218
237 309
131 76
23 208
393 317
47 317
294 230
211 12
196 21
61 192
322 291
247 97
203 49
185 96
209 219
311 255
39 150
166 285
340 188
210 336
108 256
255 119
88 183
130 1
204 306
193 128
314 157
339 119
320 127
329 132
63 242
386 101
391 155
103 51
60 312
104 167
285 359
4 91
259 133
206 65
156 116
307 72
272 249
305 195
93 236
44 155
80 32
370 188
301 76
239 361
105 60
130 108
21 248
198 395
381 6
177 254
122 87
326 111
53 348
23 145
302 66
17 381
213 386
287 116
179 243
79 2
302 324
109 41
174 24
