161 3764
105 146
67 158
114 62
48 93
13 115
41 18
160 91
70 83
48 49
121 71
34 12
118 58
26 22
42 3
62 27
65 45
11 10
81 125
72 128
96 84
81 137
142 120
106 50
41 32
138 41
102 10
52 98
107 77
119 27
120 60
53 63
104 72
24 107
143 30
41 106
151 16
86 109
161 135
28 32
111 68
133 160
159 110
145 115
67 11
113 126
103 14
109 45
85 11
30 67
40 71
51 69
126 136
56 126
109 84
36 58
30 47
56 68
156 39
61 62
89 12
66 71
25 13
155 149
23 24
94 103
94 144
10 98
118 66
102 65
28 137
1 97
23 96
43 57
14 103
158 102
154 63
11 17
75 45
45 138
68 138
119 40
121 7
137 117
112 78
21 139
53 61
115 157
157 11
9 139
7 150
131 69
40 27
23 84
71 39
151 47
36 29
46 42
4 2
154 81
62 10
13 122
124 127
117 160
16 4
16 63
154 146
10 32
51 72
115 121
110 144
47 24
51 132
66 54
133 98
14 33
107 66
34 110
71 29
108 87
33 2
149 65
147 37
136 77
109 129
36 97
111 122
121 161
93 25
93 104
122 146
16 107
50 49
55 121
117 41
86 28
42 113
92 68
149 66
144 96
33 58
32 22
59 152
21 151
55 154
133 55
138 148
40 27
75 95
26 31
14 111
58 96
102 150
42 129
94 64
64 6
121 135
27 18
4 88
47 98
80 19
31 96
5 70
122 80
43 26
150 57
15 46
31 116
74 72
84 7
135 26
12 134
39 78
31 42
4 77
18 123
135 48
58 19
117 58
138 160
84 126
95 138
10 4
133 124
75 95
130 88
120 20
60 158
97 130
78 141
46 95
142 59
142 38
77 97
136 93
135 98
57 108
74 107
111 45
69 64
139 77
151 137
136 90
12 111
58 89
90 143
22 111
81 42
148 36
18 1
129 152
98 64
139 51
49 88
95 117
152 113
72 20
128 86
149 140
36 46
67 4
67 129
114 147
49 141
22 66
141 150
97 78
92 74
128 141
40 101
136 70
92 47
90 59
11 77
77 46
1 143
50 68
150 42
93 38
21 154
103 1
142 78
118 113
151 84
92 30
63 66
99 155
152 67
92 2
23 7
87 23
28 136
130 57
57 102
94 77
94 75
77 115
153 33
66 21
156 157
90 58
101 28
91 92
134 61
133 156
107 58
18 13
73 26
69 129
127 41
44 60
156 161
13 26
32 118
46 67
113 136
3 92
42 133
22 14
32 154
49 17
91 66
29 2
131 98
130 97
138 52
35 11
51 87
36 123
43 82
28 34
96 30
125 16
41 26
69 72
58 117
88 148
61 156
149 31
92 157
6 109
48 80
119 98
5 155
99 87
115 126
160 89
34 2
144 74
27 51
24 85
7 151
111 107
146 139
137 76
134 21
63 60
100 21
37 144
54 135
109 7
100 147
135 12
149 117
86 14
6 109
138 52
139 88
159 123
65 13
77 74
140 137
52 160
12 75
92 25
22 98
3 8
111 15
156 66
140 48
111 127
25 42
104 152
79 65
95 131
142 10
43 160
25 95
158 76
8 88
101 69
64 143
76 13
157 110
118 14
37 67
141 101
108 83
91 25
27 24
156 47
73 77
45 138
10 81
52 57
47 31
126 110
13 80
1 48
69 118
62 105
63 81
44 50
42 13
114 68
76 148
154 148
64 37
124 113
157 55
49 42
85 53
151 137
132 30
24 79
26 85
22 89
4 105
17 45
117 130
153 31
117 145
58 59
61 60
50 56
114 98
98 78
150 127
53 161
36 76
78 61
39 140
28 82
123 44
6 119
53 158
28 8
20 85
106 120
145 155
15 137
92 152
53 120
117 106
119 31
60 76
92 99
94 159
19 55
42 24
52 94
60 80
141 120
3 85
78 26
78 92
42 48
82 94
7 78
78 4
108 138
79 78
115 11
76 12
106 157
76 157
89 14
115 108
133 118
71 50
22 27
141 63
75 102
36 121
58 153
124 44
129 42
1 122
92 76
13 76
71 88
112 38
101 65
24 73
61 94
122 123
120 141
64 33
121 99
153 17
91 156
101 98
76 101
99 46
55 111
122 4
77 112
81 16
55 104
128 116
36 128
117 34
148 19
107 118
138 3
87 132
143 23
46 82
161 92
15 110
92 18
25 42
98 81
96 40
87 90
115 54
45 148
80 104
93 65
100 70
67 25
80 88
87 126
48 87
56 62
75 26
79 140
67 15
59 41
94 145
10 87
77 94
114 35
36 45
100 135
154 45
38 73
133 125
77 19
90 11
81 43
36 38
21 102
93 119
21 25
143 30
152 58
124 104
133 159
148 71
12 20
115 49
132 126
52 47
145 20
57 104
103 92
141 123
72 81
92 137
62 122
127 159
124 69
130 161
95 79
11 114
33 100
84 158
30 9
20 90
65 123
31 156
143 32
106 53
112 37
28 52
37 154
90 160
101 58
159 35
16 49
27 48
27 151
84 96
159 144
24 63
105 94
97 86
126 42
18 116
118 45
7 154
78 96
31 17
32 68
51 47
156 118
134 21
107 57
157 104
39 19
45 22
153 142
148 117
62 4
71 58
88 117
90 44
51 120
61 83
66 151
8 61
107 142
121 92
77 116
35 155
14 79
15 45
99 41
161 39
84 110
96 11
66 24
94 156
143 154
117 88
23 125
148 8
105 147
100 20
102 13
13 155
91 67
38 29
148 77
67 70
25 42
120 130
65 53
125 87
85 80
13 147
43 160
155 26
145 133
85 125
145 97
158 74
43 34
142 29
110 88
138 14
129 97
143 72
28 146
158 112
65 9
98 147
47 131
12 71
102 96
34 85
72 31
37 154
104 58
21 93
24 37
106 31
133 127
102 160
112 139
151 55
26 87
40 73
96 91
143 36
26 55
160 137
125 75
129 108
11 28
39 34
64 23
104 76
28 85
114 139
62 103
72 87
68 112
38 2
41 59
37 106
114 75
81 117
29 88
63 39
115 141
113 18
2 55
133 30
139 85
47 79
27 159
45 94
109 82
96 28
141 11
13 133
86 133
88 114
60 30
31 53
49 143
110 51
77 81
120 94
5 45
12 31
42 96
3 29
16 138
97 35
149 46
113 120
134 105
58 42
135 111
90 117
59 19
72 19
17 4
23 102
15 93
22 150
135 51
5 112
26 79
99 13
125 90
11 137
33 69
57 6
18 25
1 116
44 72
13 100
76 75
80 130
6 102
119 20
31 2
131 56
120 108
108 83
36 118
98 68
25 154
113 82
18 154
77 101
104 89
79 58
43 159
67 48
139 64
107 8
65 76
103 63
62 89
25 97
45 122
43 110
155 35
70 51
27 146
30 9
114 108
67 156
105 133
82 122
35 28
129 139
143 110
40 44
37 104
140 82
105 62
70 98
96 139
148 1
124 16
9 116
2 75
150 147
86 70
107 160
137 115
137 119
63 56
41 100
159 59
60 102
120 129
78 94
106 104
94 108
159 143
102 161
96 90
146 21
39 131
19 14
84 35
11 147
90 91
125 127
150 63
68 148
70 24
81 54
128 53
1 125
34 142
124 130
71 148
150 149
118 47
41 80
81 52
65 49
142 68
15 9
130 122
157 78
145 76
132 111
128 132
115 41
152 77
9 61
104 37
88 100
83 129
18 43
59 83
91 39
29 145
88 38
105 83
115 129
37 85
118 43
95 71
83 86
27 91
25 130
127 113
68 89
80 85
10 138
46 140
55 115
124 142
152 107
103 105
114 139
69 71
21 2
141 103
127 6
73 152
14 78
143 121
5 61
45 54
77 130
33 10
83 35
31 113
20 133
97 134
151 4
43 50
45 62
31 11
68 103
41 121
20 22
81 64
122 4
118 37
12 29
86 135
103 116
86 122
88 61
94 117
64 15
5 149
77 35
38 23
138 78
143 36
99 102
99 145
95 14
157 2
99 130
104 54
94 105
20 155
77 136
57 92
140 84
7 53
121 29
69 77
50 104
14 31
82 152
14 55
4 9
57 103
17 39
156 111
22 14
104 99
28 39
29 6
123 75
98 82
143 6
159 31
109 51
101 69
82 115
124 85
2 59
66 19
137 100
129 159
153 71
96 19
109 3
64 110
77 1
71 58
6 108
128 154
37 68
62 118
21 64
82 22
122 147
40 137
86 47
134 77
117 108
136 105
110 38
53 25
38 123
122 83
109 89
116 146
156 16
102 55
119 22
76 119
48 156
94 133
41 67
88 158
53 62
141 2
140 32
66 56
34 27
139 142
115 93
126 109
148 107
2 145
7 117
102 54
111 34
65 31
140 32
67 32
133 46
73 111
117 138
6 150
3 23
10 157
115 14
104 141
120 145
124 6
141 64
59 130
137 3
160 116
74 65
26 45
110 98
35 66
74 40
94 117
62 103
112 55
157 95
74 115
118 36
120 97
139 58
66 114
100 64
108 52
8 12
96 117
109 9
61 62
88 34
57 149
15 7
82 10
141 34
4 98
69 123
73 86
59 138
79 37
81 65
88 77
63 83
64 71
23 4
159 56
60 25
70 107
147 80
86 19
123 62
128 124
135 92
22 151
9 98
70 114
65 36
29 127
119 132
76 141
136 113
75 74
17 144
19 2
102 145
60 63
85 26
26 98
118 87
88 5
63 36
118 127
72 25
132 69
157 47
88 10
38 1
83 54
23 142
95 4
4 155
66 88
59 131
25 55
96 152
60 159
26 56
124 137
121 135
44 156
20 10
4 57
10 126
151 33
146 84
36 149
117 141
116 15
151 140
69 125
9 7
122 34
63 125
50 62
98 133
56 157
143 99
92 152
103 81
63 88
44 138
115 160
158 69
13 26
87 122
150 95
128 151
8 69
114 57
9 90
28 64
125 49
41 55
80 23
15 21
110 58
159 63
96 34
11 149
59 97
109 47
31 115
76 78
63 28
134 71
157 40
135 120
129 54
14 47
76 68
67 64
4 104
6 99
16 126
74 112
113 161
21 67
75 98
129 143
110 38
17 29
51 137
157 105
29 42
59 96
148 123
139 131
128 116
146 143
81 99
133 32
138 154
138 91
130 105
72 79
22 89
107 72
104 142
55 132
22 154
106 48
155 83
17 121
37 42
142 157
140 113
28 116
145 44
45 114
149 157
71 49
124 16
160 106
157 94
76 57
86 60
144 79
142 40
78 57
81 58
53 99
49 120
53 73
2 137
25 29
11 135
77 13
29 116
118 64
48 32
120 133
131 142
90 151
20 6
47 140
103 139
77 30
137 8
102 17
145 5
46 34
139 1
47 6
116 3
69 2
75 67
13 44
88 142
34 147
147 120
126 128
97 41
158 112
49 138
128 72
143 12
105 160
53 151
45 7
33 113
49 107
59 101
150 25
82 22
10 107
141 135
114 116
55 110
66 143
126 33
93 107
84 76
146 136
106 29
22 138
20 110
83 118
49 71
142 9
133 152
116 152
4 68
107 58
56 51
79 20
123 10
6 46
86 151
60 30
58 121
6 77
69 128
74 158
77 54
5 48
44 160
79 88
106 64
145 40
114 63
100 76
72 105
161 36
134 99
65 30
99 110
146 6
76 98
42 153
152 87
79 74
85 157
161 70
59 24
109 52
86 87
6 36
30 45
72 42
143 15
111 80
4 136
126 79
72 46
110 62
132 68
15 96
63 14
4 1
37 152
52 1
78 57
77 147
101 27
28 122
41 138
81 84
152 85
2 63
130 151
124 101
57 17
35 160
31 78
160 107
108 50
148 64
146 63
50 125
89 117
125 8
133 44
92 124
7 133
25 137
1 27
116 58
44 29
56 114
146 54
99 92
143 85
35 6
26 84
9 154
79 133
1 50
56 132
52 62
143 76
77 143
143 31
79 65
99 134
17 83
66 115
54 87
79 88
92 104
50 100
97 128
112 137
16 6
147 68
67 128
22 23
149 3
53 67
67 31
79 123
113 145
117 45
70 34
132 41
16 20
19 152
26 130
127 42
14 112
149 81
118 49
103 106
92 34
51 37
64 129
160 56
152 115
100 61
27 111
141 82
9 38
73 35
47 78
76 60
69 103
19 65
30 161
9 121
34 99
158 137
67 35
71 57
28 10
157 54
160 15
14 7
53 86
41 139
43 156
37 111
97 56
14 6
55 63
126 128
161 1
104 106
35 13
42 62
62 37
155 60
92 8
67 23
133 107
161 14
102 36
124 77
131 17
82 25
79 87
31 118
87 134
103 122
26 144
22 127
59 56
66 150
63 11
51 34
117 50
88 97
126 90
53 95
106 13
159 63
139 29
60 65
41 1
65 106
23 126
72 81
20 16
110 82
26 160
156 21
89 122
118 53
50 49
147 35
101 24
137 79
52 35
22 132
75 86
77 97
50 27
17 70
42 5
30 67
3 24
87 131
24 83
22 74
10 48
108 111
71 83
68 1
158 89
132 71
13 87
47 102
113 63
10 33
107 80
139 149
143 65
119 6
26 19
79 76
66 65
25 15
26 92
55 62
59 66
133 71
152 18
11 144
120 61
15 105
140 154
92 121
97 89
126 1
108 83
76 52
26 140
107 52
110 161
113 7
105 124
77 96
20 128
118 18
67 11
122 45
3 93
44 139
20 49
19 127
131 94
58 157
113 3
87 61
42 38
68 147
41 23
121 100
29 77
118 95
87 118
18 130
49 62
147 109
150 4
74 119
138 131
154 89
12 79
149 54
157 55
39 76
118 159
14 146
114 131
120 39
128 137
47 15
77 33
123 65
36 76
63 12
85 95
100 97
53 128
150 88
61 67
2 17
104 55
42 56
25 161
134 31
15 20
45 92
92 47
35 127
1 97
18 85
71 157
60 123
123 48
49 23
154 90
39 96
144 120
30 47
119 3
77 134
62 1
104 153
47 138
158 47
114 54
10 23
50 70
145 11
157 72
33 150
161 112
124 143
70 154
69 68
35 145
40 136
145 22
6 70
159 2
116 111
56 126
12 145
34 35
155 29
106 67
57 145
57 20
6 5
52 74
72 126
57 151
100 41
11 105
150 49
146 105
159 40
109 50
23 21
84 57
89 29
2 146
52 58
44 57
102 95
130 13
59 26
42 37
106 93
141 94
141 125
77 17
44 24
66 106
84 150
41 12
57 42
36 108
99 79
4 40
52 133
92 150
37 133
25 142
104 44
115 83
7 30
100 90
94 4
35 16
153 75
27 48
157 102
156 94
19 38
12 70
9 143
58 46
155 122
66 97
4 19
19 51
89 118
140 21
161 53
76 153
7 143
79 2
83 113
135 102
150 26
50 159
7 148
83 40
108 148
137 112
46 34
41 134
151 19
154 150
112 68
20 118
89 139
159 11
90 132
152 79
36 40
116 43
26 37
82 13
63 97
3 108
130 43
80 159
61 112
27 51
59 46
7 147
23 4
157 153
15 147
70 50
66 64
132 131
140 93
143 41
68 145
28 37
26 107
34 127
98 100
16 156
25 63
141 47
106 16
78 160
41 26
89 146
89 59
116 67
30 97
148 98
81 14
13 146
160 86
151 96
25 6
90 49
108 110
135 92
4 52
91 44
77 18
29 45
116 144
151 25
119 16
1 78
29 13
63 68
98 52
2 1
97 132
89 83
120 63
14 123
154 104
45 69
161 113
153 115
135 143
139 93
158 139
9 66
30 111
12 7
42 53
7 17
23 96
100 21
37 113
143 29
95 67
137 94
18 129
87 32
150 105
3 25
122 51
130 152
1 141
37 82
33 83
98 95
57 76
116 93
67 137
161 82
137 133
100 144
99 10
11 42
12 75
42 62
44 72
62 63
108 22
135 30
120 69
126 34
63 58
101 78
57 140
160 72
152 98
54 89
147 104
9 158
18 50
58 101
122 160
2 108
20 137
16 18
84 142
92 146
78 31
62 134
49 60
85 39
36 138
127 61
121 14
57 138
64 155
117 64
153 118
10 51
133 66
109 55
46 39
79 123
109 141
135 157
79 58
75 155
75 80
54 74
94 151
50 157
144 5
99 14
1 108
64 134
52 51
67 97
89 146
98 36
125 112
72 82
48 146
115 122
64 8
34 36
158 123
31 19
6 8
32 47
156 135
19 46
25 85
22 153
69 119
28 72
109 139
33 157
2 147
157 105
33 70
141 69
71 50
87 77
58 158
123 52
132 20
97 156
144 118
147 92
116 53
42 103
70 74
138 71
100 134
55 11
42 34
80 112
123 45
67 19
42 68
110 12
127 86
46 110
82 71
80 76
124 121
18 72
74 155
143 12
6 36
22 47
109 141
38 70
25 104
129 66
51 77
117 16
41 1
125 123
111 43
37 73
43 94
24 116
88 5
127 93
80 27
19 67
7 56
15 71
38 143
15 128
99 131
144 139
10 147
140 120
69 16
72 111
109 95
65 75
139 70
47 97
136 65
2 21
160 16
91 76
38 105
43 15
114 65
32 123
50 11
122 118
66 72
67 53
5 10
128 22
119 53
118 94
157 159
114 155
53 44
109 130
27 30
144 141
94 15
142 23
65 142
19 9
52 126
61 96
135 67
117 93
119 113
65 114
150 17
147 42
100 135
10 127
3 33
146 137
87 5
38 30
147 56
38 77
20 98
12 34
4 7
5 1
160 69
115 148
125 140
68 64
113 78
69 156
150 93
10 115
97 47
144 122
142 20
38 1
117 89
34 160
135 78
161 133
146 154
120 109
11 66
51 3
143 159
158 10
90 46
124 66
92 106
26 72
125 103
112 121
70 24
159 44
101 158
55 125
29 53
113 80
119 42
82 140
40 78
150 129
123 152
33 93
97 99
43 100
40 155
99 150
17 97
32 158
133 126
121 41
18 112
120 136
154 40
114 32
157 142
160 158
133 72
129 108
9 10
86 88
3 64
76 60
39 147
56 10
112 55
90 8
6 48
143 159
127 135
29 1
156 67
158 127
17 125
113 65
14 77
153 16
140 107
115 17
133 9
67 123
104 156
130 109
83 151
146 88
124 13
89 118
119 125
123 136
129 74
39 142
30 70
36 8
56 151
65 27
38 131
28 141
4 157
88 126
146 112
53 148
3 20
105 122
144 106
136 151
59 53
131 88
123 6
135 57
156 38
123 32
47 150
52 91
24 18
55 8
130 147
155 132
5 138
92 28
83 106
17 141
159 27
67 160
32 80
55 66
118 16
137 43
44 27
133 67
45 27
114 13
52 147
23 57
124 155
84 85
99 140
64 136
5 9
134 76
88 67
141 84
82 157
127 4
22 138
70 106
43 62
158 95
48 20
151 10
13 113
134 111
131 36
86 15
84 98
90 50
4 110
13 125
105 18
129 5
155 77
111 37
18 107
131 65
126 160
114 17
151 86
7 160
161 132
13 83
68 103
11 71
51 23
75 34
40 42
38 34
158 148
110 14
94 119
118 98
157 70
115 146
155 121
23 154
91 36
115 37
138 126
108 67
148 21
100 27
102 16
100 138
3 48
152 136
45 148
112 40
57 65
64 50
64 86
83 33
121 36
70 137
161 56
42 27
76 20
53 56
36 31
32 78
118 62
52 1
49 2
80 145
107 143
33 49
67 115
82 27
30 151
42 29
85 124
55 160
143 147
94 57
56 4
13 52
106 104
52 33
146 131
16 91
152 48
18 58
42 99
124 111
128 4
139 51
127 73
89 149
98 61
44 33
65 97
84 9
39 15
41 23
24 56
153 15
143 10
72 63
108 34
12 115
77 30
44 43
142 133
30 118
32 113
150 136
88 73
144 127
127 63
149 150
158 141
3 140
150 114
81 136
26 133
89 103
1 133
145 21
144 53
138 14
44 127
29 132
78 11
97 43
74 124
31 110
103 74
88 131
26 48
106 52
19 73
154 59
84 16
79 66
108 55
120 151
60 148
161 137
37 136
58 110
99 129
99 80
41 65
50 66
112 34
157 9
106 149
67 29
43 24
94 150
79 92
19 138
78 18
154 115
33 90
103 131
57 40
89 97
105 138
42 55
10 37
104 116
25 9
23 107
33 116
96 151
87 114
6 3
10 38
117 42
128 99
51 23
138 140
160 121
156 40
55 5
76 158
160 140
5 61
86 77
55 60
66 141
12 112
144 61
149 139
103 115
76 32
17 93
10 15
52 5
94 106
49 8
102 87
27 147
147 152
102 40
50 47
20 101
158 42
161 145
19 142
139 135
13 155
66 22
48 157
66 141
102 154
27 82
79 93
107 104
83 48
23 11
94 42
151 90
123 151
113 141
10 130
154 22
2 98
84 49
94 28
68 74
21 95
34 139
26 141
122 149
67 144
159 160
64 149
128 25
17 119
44 66
88 37
128 89
134 50
17 106
117 84
58 16
57 92
34 123
71 155
110 137
16 147
14 79
134 141
143 29
138 25
95 64
101 61
32 114
150 88
98 145
50 156
161 107
86 33
68 35
66 16
50 81
1 63
38 14
82 19
82 58
83 55
1 63
155 32
15 22
159 112
6 47
106 45
153 70
117 99
104 21
154 153
141 34
54 17
87 14
75 47
72 36
102 72
98 135
143 152
157 140
143 41
65 127
85 97
36 40
34 139
100 67
131 79
140 63
135 65
77 88
111 148
123 91
98 100
65 119
90 100
137 71
140 40
77 63
136 112
142 49
89 80
115 98
158 93
161 131
36 76
97 146
102 58
116 78
157 19
75 126
118 50
75 136
89 151
37 104
101 17
31 69
96 145
5 132
116 44
141 30
159 76
54 139
12 8
55 48
66 129
12 62
57 86
36 25
116 112
7 95
7 37
2 142
60 7
112 14
50 131
43 48
45 136
25 57
144 120
104 48
127 155
110 63
119 24
87 73
136 93
7 21
129 48
2 67
54 153
80 144
123 1
70 6
136 134
102 158
132 84
45 98
117 33
39 75
96 125
26 110
96 72
131 103
120 132
8 12
2 127
34 124
6 103
9 141
116 150
17 86
73 101
62 28
12 100
142 107
63 7
56 37
78 65
139 76
75 25
88 76
151 161
39 156
143 87
15 97
75 31
61 147
131 123
54 142
61 74
87 3
80 21
39 37
125 57
112 38
81 78
154 71
118 71
105 99
157 119
74 70
149 134
96 118
95 149
98 35
61 64
37 20
124 115
96 88
50 86
4 131
43 157
80 160
106 23
137 101
142 49
10 8
21 105
126 116
132 102
150 71
44 65
130 7
18 64
134 108
29 137
77 71
12 35
109 117
97 84
57 117
132 106
125 152
89 129
146 59
109 13
8 153
77 138
38 135
80 10
81 148
25 36
57 36
110 44
32 45
127 128
41 137
72 44
7 160
11 152
97 159
4 144
150 120
160 26
93 79
75 12
65 100
87 1
135 35
84 5
120 50
132 160
65 82
42 71
120 92
62 95
89 105
78 63
76 143
35 33
57 46
138 156
12 138
8 46
100 53
4 149
23 2
53 145
83 2
103 13
63 37
102 46
154 58
149 68
79 22
141 14
67 117
8 78
133 56
3 71
108 6
99 9
48 151
153 130
31 135
143 94
50 123
18 42
59 5
149 137
26 128
151 133
83 37
89 94
92 91
4 78
137 102
87 23
131 118
152 161
131 12
133 19
13 151
100 71
34 88
47 60
94 76
31 56
112 159
149 83
89 152
160 64
132 125
86 101
122 116
141 91
7 112
110 19
141 48
130 14
14 15
113 108
130 22
2 120
19 150
81 107
20 120
49 151
83 13
91 43
8 70
13 14
60 1
72 40
48 40
93 102
94 44
48 62
65 89
61 83
77 141
69 136
99 117
126 61
9 95
143 16
3 155
29 102
155 100
141 82
140 72
22 112
155 109
13 58
36 73
20 152
92 88
6 30
83 131
130 91
64 111
106 105
13 46
138 153
66 98
10 16
159 121
50 106
12 107
20 124
5 51
55 92
56 124
54 65
92 23
128 41
8 112
24 20
36 1
51 141
138 100
157 136
60 45
80 111
30 140
74 35
69 128
5 124
90 98
67 20
121 33
100 128
23 124
26 58
3 117
38 140
55 73
114 154
157 73
104 65
91 16
99 159
143 144
161 111
80 66
9 39
138 108
45 160
110 71
96 112
66 12
91 120
124 83
113 119
155 55
23 84
110 161
121 131
143 120
80 102
24 128
140 40
114 64
78 63
13 78
64 143
36 27
105 27
24 98
121 46
61 69
86 60
38 67
19 157
7 82
123 26
122 76
129 38
138 141
90 29
57 154
51 132
59 155
38 82
131 158
7 70
106 92
130 143
158 148
139 44
108 140
109 68
94 76
146 70
95 74
139 30
106 28
40 3
61 77
85 30
114 91
100 58
21 108
39 57
94 56
140 40
75 127
148 7
81 132
117 14
84 94
83 29
161 123
31 60
38 115
129 151
84 107
47 104
53 126
40 25
60 58
105 134
24 131
141 144
101 96
158 23
68 79
51 107
80 122
5 118
75 12
147 38
159 73
20 50
77 59
115 136
157 98
109 19
67 128
1 6
62 37
68 8
156 159
114 74
119 158
70 72
8 96
109 5
7 129
95 83
66 88
97 61
24 44
119 90
50 160
95 111
35 41
158 69
38 110
22 156
106 91
67 154
65 14
37 71
21 10
32 87
97 129
147 120
51 145
48 101
143 21
90 56
62 87
4 99
75 25
94 60
155 160
92 59
52 128
129 73
138 40
159 73
47 23
72 137
6 119
116 27
140 85
123 40
50 126
17 124
150 110
22 143
148 113
40 39
120 48
111 136
127 148
87 12
49 158
27 95
116 143
121 134
66 82
52 115
46 108
117 74
57 18
56 83
9 135
121 128
21 110
102 147
136 68
37 24
64 104
118 58
85 117
70 29
78 121
22 123
108 138
36 3
155 131
85 3
104 85
9 4
73 151
29 48
57 66
71 160
8 67
57 132
22 126
39 99
126 60
101 72
76 15
114 110
24 77
152 127
161 160
130 73
28 159
160 124
103 109
123 150
14 18
160 75
22 37
53 26
136 32
97 50
46 89
159 69
5 149
74 44
27 43
156 54
80 154
17 61
101 18
49 154
35 47
68 96
123 160
122 137
30 97
25 115
65 63
62 69
90 135
152 116
56 147
49 14
139 105
74 119
122 111
35 47
57 130
48 55
130 23
124 106
88 77
9 150
138 77
78 152
67 73
46 92
121 60
70 64
12 27
64 134
16 98
59 73
106 107
6 75
8 130
19 95
85 27
83 62
143 40
92 88
112 137
19 71
75 128
13 87
33 76
99 48
12 36
160 117
21 5
70 29
13 88
123 97
154 45
158 14
124 128
102 74
144 160
144 57
5 35
22 37
110 160
124 121
35 2
116 95
6 25
123 18
152 85
114 145
8 151
158 131
117 138
43 99
15 65
35 59
99 96
135 47
135 98
46 48
99 40
142 144
64 104
40 95
67 32
78 114
21 114
83 17
131 4
155 24
108 68
83 85
43 56
10 16
32 55
103 9
134 83
152 77
65 70
10 102
127 123
122 79
84 17
88 87
51 112
73 158
73 157
39 128
5 94
39 99
35 47
72 118
78 148
61 147
157 71
87 122
32 88
79 116
144 46
81 73
157 33
70 68
28 108
74 73
81 152
10 115
38 121
111 155
107 11
19 142
121 146
142 152
112 100
146 94
145 106
6 19
138 115
126 44
61 38
116 20
69 126
135 146
85 84
139 71
134 157
91 93
20 112
124 131
50 148
64 73
92 109
91 108
62 55
152 1
132 146
21 39
110 34
23 74
157 40
23 130
76 113
101 95
63 103
65 152
90 7
63 60
155 32
47 55
126 37
95 97
61 155
14 10
27 77
123 23
156 145
31 70
136 131
44 78
113 148
68 41
33 10
140 26
81 25
120 46
101 53
21 1
87 34
50 153
110 11
14 105
34 84
53 8
94 136
85 45
122 32
125 154
81 103
18 161
128 16
45 67
69 65
107 34
139 156
25 127
5 79
110 38
1 2
86 134
137 9
17 138
80 141
130 160
83 27
39 89
42 123
34 150
67 141
22 44
135 87
49 19
4 159
96 44
39 20
17 54
69 73
30 148
53 39
26 14
65 64
142 146
65 14
14 131
154 35
53 128
161 102
25 3
99 120
87 137
19 103
29 87
14 99
113 106
137 138
159 80
80 139
104 145
153 117
114 24
31 6
151 30
147 54
73 84
13 159
99 31
140 6
157 32
104 108
17 119
125 14
37 43
153 141
26 23
136 19
46 5
64 76
35 49
129 107
11 20
144 109
90 122
154 85
32 97
72 48
94 35
62 10
77 93
29 143
115 3
40 39
8 103
154 42
30 122
27 40
20 9
27 110
130 19
73 40
155 144
88 17
149 97
134 120
125 155
113 127
33 151
134 135
144 54
3 144
80 82
2 88
108 151
96 126
103 136
120 85
62 46
142 89
21 154
47 145
147 159
110 18
27 123
31 9
15 33
31 95
154 73
61 100
62 157
64 3
10 22
128 111
107 148
38 127
140 84
150 4
121 139
61 147
100 91
35 154
2 65
87 155
16 27
93 78
62 35
120 71
57 126
20 42
112 97
48 130
59 36
12 18
13 72
43 152
1 77
145 2
21 110
35 36
136 127
153 36
1 152
146 97
156 44
17 147
140 64
115 37
140 6
94 152
77 137
143 78
92 5
119 112
114 33
27 129
159 58
3 38
88 28
134 83
71 30
68 90
93 61
126 71
66 59
102 22
34 123
139 4
127 136
156 79
7 21
46 5
118 89
42 45
116 55
6 65
84 73
154 55
12 119
5 118
56 106
139 129
67 116
132 72
90 126
150 137
25 75
141 143
2 61
66 157
155 111
60 117
62 93
51 73
90 55
69 145
39 46
112 145
40 122
55 9
87 43
145 151
117 3
11 158
103 116
153 97
65 92
52 126
23 102
78 112
35 146
95 73
71 85
56 110
85 110
158 10
32 20
40 27
22 50
24 125
5 55
100 69
146 30
74 7
11 151
158 45
135 131
158 44
94 52
33 18
41 69
67 112
89 106
138 150
156 40
153 39
95 91
147 79
121 59
126 131
48 1
54 22
132 50
105 64
142 137
81 21
85 148
132 12
132 148
40 5
27 32
43 121
1 29
78 161
87 82
9 135
83 63
35 53
112 139
156 92
155 116
152 78
142 1
129 112
149 47
117 54
78 38
53 79
66 9
118 32
91 127
45 52
28 79
144 18
96 138
110 129
92 140
85 72
141 92
63 7
139 18
60 95
55 152
52 161
160 9
31 89
135 115
140 1
72 122
18 46
139 6
14 69
25 138
20 44
69 82
50 86
139 149
19 72
18 71
71 16
119 141
105 92
94 123
132 44
124 28
90 101
34 103
48 98
119 107
141 26
27 69
151 44
56 9
116 73
119 65
128 76
45 111
46 17
73 16
61 75
43 150
54 116
131 141
52 88
87 31
154 153
99 143
36 33
30 145
27 94
112 142
17 61
26 34
12 81
134 86
3 122
18 118
91 159
49 57
84 79
49 115
57 71
150 129
140 58
153 6
152 103
26 7
42 92
40 54
11 52
18 13
12 76
10 142
73 58
78 35
15 126
149 111
75 17
79 94
74 110
139 104
51 3
111 132
94 29
64 145
81 82
36 132
36 45
153 108
142 69
21 157
73 48
106 148
64 63
80 17
11 57
120 101
99 109
72 17
135 95
137 95
130 107
130 54
98 116
34 5
136 69
118 23
54 104
126 156
62 21
6 158
20 146
135 128
96 45
23 110
139 159
43 148
105 52
40 81
46 113
126 61
21 82
123 74
64 127
68 4
148 113
161 6
138 134
12 72
58 35
20 35
32 103
61 15
33 100
136 78
92 100
17 112
60 18
64 123
145 10
126 131
2 4
15 139
16 66
89 73
100 109
148 11
90 47
65 122
26 39
78 117
138 135
107 36
152 49
37 135
58 41
144 99
44 37
116 60
103 44
11 81
152 37
91 120
84 156
80 149
73 36
144 50
9 89
125 40
137 41
53 73
81 36
51 125
72 5
63 53
48 113
134 78
150 63
36 112
97 155
99 9
30 81
98 78
48 101
157 63
141 49
135 61
84 24
64 34
69 126
127 116
117 99
33 105
40 68
95 16
102 72
24 10
152 161
87 78
100 123
140 80
10 154
19 93
56 82
5 124
86 131
79 41
108 151
25 148
97 119
2 37
30 65
46 60
64 12
17 42
134 156
161 143
27 18
114 123
139 158
125 103
7 82
23 114
71 47
140 7
44 20
43 73
84 129
12 26
140 28
68 112
62 107
133 89
125 85
90 142
81 53
84 87
135 146
80 84
31 58
90 74
78 12
26 40
140 37
66 158
104 12
108 4
118 119
132 121
42 60
142 1
153 104
128 126
88 46
88 118
143 17
70 59
68 135
139 86
50 43
82 153
94 68
36 90
25 6
50 106
106 70
106 97
12 112
101 99
157 27
95 18
83 43
116 150
17 93
114 66
14 34
98 107
141 133
36 44
17 125
149 122
33 134
57 44
84 36
21 120
63 115
16 145
157 131
13 52
63 126
158 76
39 94
62 18
105 137
62 121
100 89
82 11
101 17
94 24
53 114
22 155
107 37
138 142
6 150
33 108
115 29
23 153
122 124
49 105
99 150
64 77
118 24
127 57
81 59
120 133
51 141
126 157
56 142
137 102
131 48
48 124
76 110
155 76
72 42
19 49
71 83
125 27
146 90
123 65
27 82
76 77
61 80
112 157
61 128
97 70
14 144
72 90
93 65
4 43
146 63
92 55
24 55
121 8
24 83
113 50
43 27
127 103
147 117
138 46
83 73
155 97
56 65
65 27
129 108
69 153
9 160
87 72
94 86
80 157
7 31
45 49
97 50
31 82
6 7
6 88
120 160
63 14
103 6
40 110
114 148
102 1
26 27
73 119
112 152
114 159
61 37
86 36
87 156
118 132
42 2
98 161
41 161
53 143
5 132
92 158
118 72
159 143
98 70
140 88
100 132
125 39
