187 1444
9 98
170 97
32 156
34 35
76 47
183 134
75 54
23 3
95 177
108 123
50 70
77 37
17 176
58 113
151 141
142 159
51 166
110 124
135 185
158 65
45 8
11 119
62 34
122 11
65 84
175 114
9 106
150 25
94 62
137 58
15 133
71 108
112 181
44 101
178 57
165 35
64 176
9 167
64 172
33 128
110 20
54 118
126 58
184 32
162 134
131 176
121 15
138 45
50 182
145 40
93 123
117 156
153 167
178 29
6 23
156 157
84 64
130 22
163 126
96 137
114 39
168 48
95 118
134 144
154 134
184 59
69 155
70 76
176 102
104 181
124 114
150 20
32 92
84 7
73 179
144 186
72 124
46 22
54 35
165 63
168 16
121 91
170 45
166 13
146 82
6 124
50 11
144 81
102 82
87 174
115 85
28 41
21 115
62 117
149 40
179 129
97 154
32 122
54 10
134 12
133 140
178 182
150 134
117 106
70 59
135 184
143 162
37 164
89 99
135 51
180 168
179 89
134 24
23 42
75 157
96 21
109 86
57 113
74 174
31 143
45 165
139 187
139 30
18 83
170 7
133 162
174 124
64 163
2 128
17 77
97 112
97 60
10 153
172 83
181 58
38 77
31 80
71 103
139 153
85 146
98 60
132 76
165 107
120 105
166 9
15 132
147 116
142 154
143 79
148 13
159 40
131 2
161 14
146 113
21 44
71 160
145 57
49 122
19 168
81 184
31 137
128 177
66 124
185 21
16 187
75 174
40 18
30 13
32 31
167 52
74 50
25 31
149 115
7 167
137 87
18 22
37 187
53 144
124 50
19 181
50 93
22 131
110 51
143 183
81 165
90 9
69 156
81 30
125 87
9 116
29 68
137 107
68 2
105 4
93 123
39 142
28 60
85 179
152 83
175 88
102 119
96 170
129 177
13 66
118 21
181 1
89 172
107 11
28 24
14 120
1 52
75 28
153 14
20 117
138 49
17 52
22 113
35 150
144 89
70 116
151 105
117 94
89 78
104 116
144 159
90 144
65 164
27 30
33 88
147 25
136 163
119 12
130 8
16 128
96 85
57 59
44 28
153 174
105 69
102 103
41 4
102 147
23 128
177 97
28 136
163 18
153 94
29 138
101 86
78 9
170 134
110 68
16 75
54 163
185 10
78 80
55 179
40 119
161 29
28 1
19 4
60 171
139 130
121 53
28 54
103 52
187 25
119 58
99 172
33 139
36 152
31 91
144 70
22 159
140 92
15 158
137 74
184 88
17 159
182 44
25 98
138 67
164 69
124 76
96 156
69 131
120 99
76 118
24 140
132 163
44 146
176 35
74 172
164 90
185 159
176 23
111 126
89 87
49 67
17 186
35 85
130 9
39 18
169 62
157 113
79 55
113 67
131 186
93 108
131 133
121 119
155 44
99 98
172 2
164 2
1 11
128 172
61 166
44 84
82 14
51 161
110 163
82 54
17 30
161 147
162 94
120 129
179 31
39 163
74 15
19 74
67 2
58 169
167 102
66 104
157 116
77 121
134 158
29 150
42 44
109 16
179 83
186 170
113 79
1 41
93 61
157 14
62 27
38 84
170 103
187 181
73 76
157 61
88 185
23 130
42 173
187 33
68 186
58 35
77 58
76 25
160 45
80 35
113 117
118 138
74 117
173 147
47 142
20 176
182 85
118 36
70 160
110 180
158 167
69 89
79 144
113 52
43 48
128 11
164 100
3 51
29 175
52 117
172 71
105 166
10 78
14 122
50 165
114 20
145 182
150 78
181 76
171 78
165 153
130 141
65 132
4 93
162 97
64 146
23 169
124 32
59 179
153 108
156 121
169 155
158 131
88 6
61 71
125 38
37 68
34 101
12 79
49 28
176 112
173 11
135 109
42 6
142 50
155 111
25 136
120 37
122 20
84 182
133 22
75 169
89 108
124 142
186 27
170 174
181 10
184 128
161 81
134 115
172 143
80 51
92 13
88 26
32 171
62 164
47 136
187 177
98 166
132 97
5 156
125 185
20 164
168 180
99 156
108 83
111 187
133 15
54 75
82 128
101 144
104 147
134 146
137 45
124 123
183 170
133 162
23 152
138 3
145 49
158 65
131 81
106 119
138 15
48 74
142 148
72 100
108 19
58 99
105 36
34 142
19 166
116 41
130 67
85 129
157 97
48 143
177 9
74 169
23 163
56 164
124 127
76 86
187 176
184 146
24 72
100 84
92 71
166 34
179 63
18 148
159 65
103 4
73 31
27 95
7 82
113 172
22 2
70 63
32 108
22 55
179 163
181 83
46 159
158 37
77 30
185 90
95 142
135 167
28 162
75 34
56 187
18 119
43 129
182 74
49 58
171 82
33 19
19 121
32 31
157 108
61 9
53 10
6 187
176 33
161 105
108 72
147 125
3 44
108 39
160 11
138 143
134 171
16 7
146 47
37 115
155 139
166 62
148 171
61 179
16 35
96 123
148 97
102 150
141 64
44 113
116 181
110 62
19 125
68 19
171 146
176 180
140 154
54 100
179 115
133 49
4 84
26 151
180 169
155 133
45 53
100 160
89 64
76 149
1 185
168 27
143 156
61 137
164 115
92 155
84 37
58 129
120 83
134 113
64 143
100 150
51 55
164 139
118 52
142 161
91 164
187 88
132 60
38 150
29 129
159 154
165 29
137 140
111 83
107 29
81 19
178 131
73 154
124 46
60 78
19 150
97 18
51 83
119 88
46 3
71 17
11 90
46 148
42 11
85 148
40 165
22 30
150 136
39 128
181 98
61 12
103 157
71 8
52 45
95 97
47 20
156 57
109 14
59 151
66 144
111 105
163 174
135 126
123 28
108 116
125 168
170 82
137 95
89 2
139 38
98 40
57 66
139 166
121 10
171 187
8 94
146 171
81 135
151 58
162 71
173 142
52 10
36 1
105 167
2 56
17 142
96 74
62 89
94 38
98 77
79 106
25 37
131 147
172 94
17 1
164 45
142 70
54 33
71 158
12 114
27 70
110 164
143 172
107 91
64 17
167 142
164 5
178 149
151 17
55 23
18 74
67 14
143 120
88 68
91 99
182 159
24 104
177 166
130 96
112 6
154 91
147 173
137 180
134 143
51 44
165 110
117 44
166 114
18 66
182 108
20 31
121 43
176 110
63 119
60 174
166 27
120 168
54 69
160 187
66 65
43 175
14 128
153 128
1 31
164 150
92 7
84 134
182 48
10 155
108 183
134 176
115 114
42 39
128 83
104 5
168 2
34 181
171 186
163 171
72 181
176 163
187 72
152 37
161 4
123 156
137 111
126 63
7 19
3 132
164 50
112 165
83 147
4 124
165 29
8 158
17 25
158 130
176 49
104 4
52 39
15 44
5 140
106 53
13 151
184 176
13 108
9 95
110 12
73 87
82 122
57 99
147 69
41 177
159 186
36 24
38 50
67 84
2 27
136 56
32 175
44 86
95 52
36 59
105 108
145 187
43 57
98 44
167 180
75 139
179 110
17 71
159 125
9 15
6 144
70 38
131 114
123 81
20 158
181 125
79 181
124 163
50 76
19 71
68 93
64 101
16 80
26 29
17 34
44 65
33 113
102 18
81 79
98 101
92 134
80 25
127 16
187 31
91 60
101 13
152 165
156 22
57 181
93 116
28 136
180 60
103 136
77 39
69 30
139 160
18 73
184 144
88 38
174 33
97 87
87 104
106 55
167 18
49 72
133 118
62 167
177 20
157 108
58 38
179 51
53 9
123 49
7 65
129 180
97 38
122 183
183 40
51 163
57 141
89 44
71 151
65 102
25 34
64 82
114 56
132 166
106 109
69 155
173 10
147 82
90 123
119 85
163 24
102 32
164 46
118 47
51 182
148 75
71 25
156 184
122 142
17 82
63 127
91 48
179 51
171 81
173 102
20 3
126 164
77 144
22 7
4 72
43 6
1 113
72 156
151 48
152 167
172 69
107 75
116 140
167 141
75 8
97 136
10 77
112 86
34 175
134 79
101 177
126 101
102 11
111 66
58 75
87 84
143 48
159 113
187 138
108 74
145 60
23 10
136 176
95 24
19 84
102 119
73 41
75 29
93 185
136 5
115 36
89 112
83 60
80 83
52 187
11 10
59 75
19 50
64 155
73 82
93 30
55 165
70 129
49 17
169 184
21 138
32 109
62 157
168 141
94 75
183 104
84 96
34 144
145 97
153 31
33 59
102 129
78 26
113 168
42 136
165 62
86 51
171 2
20 6
185 155
80 180
72 18
130 147
16 88
56 24
160 130
82 74
113 14
99 80
182 140
28 14
56 155
64 81
157 126
129 154
93 63
1 19
81 130
165 138
72 75
161 44
59 97
159 172
111 70
64 147
64 134
160 120
101 78
13 70
16 141
78 151
17 120
169 139
105 147
89 31
34 105
75 93
14 88
119 166
158 37
125 34
170 139
8 84
30 21
8 87
16 128
50 32
102 32
170 19
33 114
92 108
31 166
55 44
66 173
23 78
23 2
154 47
141 161
172 25
36 35
153 52
162 16
125 118
89 150
137 163
76 41
83 148
61 138
46 168
165 110
101 42
112 67
89 107
82 115
173 118
149 138
24 165
8 148
96 138
110 87
113 185
169 51
145 84
1 46
64 20
155 19
62 79
127 5
40 22
119 25
181 123
18 17
100 25
164 8
163 87
94 88
84 75
180 84
158 180
129 77
13 138
137 116
72 77
120 111
98 93
178 91
28 8
149 128
32 125
135 49
24 84
179 150
13 171
88 26
164 71
144 31
21 93
146 92
169 120
16 121
25 48
66 95
55 27
35 86
152 24
135 30
149 126
34 162
109 121
187 127
4 185
12 67
90 12
158 114
131 28
89 11
75 155
105 129
36 181
70 42
59 72
21 184
105 182
147 81
36 87
126 33
98 5
164 110
18 90
95 87
179 147
162 1
106 145
36 99
69 120
13 127
46 33
165 5
69 125
85 104
66 24
178 18
28 9
169 45
99 77
174 132
78 148
174 184
147 64
137 71
183 149
10 41
181 30
46 62
154 172
20 74
8 52
91 78
61 115
164 14
4 150
187 81
152 173
119 154
49 69
37 87
30 88
169 24
117 69
127 125
54 2
53 103
53 144
180 113
71 157
168 116
119 167
51 84
7 170
50 98
51 128
184 122
28 20
187 89
127 124
184 128
177 99
35 175
134 3
100 103
170 70
76 5
120 159
11 144
63 108
49 45
146 171
73 166
170 72
109 151
50 147
91 39
100 126
68 46
128 167
148 152
49 37
156 24
50 167
167 155
129 71
12 88
54 126
108 78
10 71
42 60
30 174
140 129
112 63
30 94
42 177
101 133
68 69
156 160
90 177
169 74
60 35
16 113
161 123
46 25
48 87
126 119
73 79
102 40
141 131
175 37
163 88
169 43
12 179
57 143
169 38
29 41
73 44
9 88
21 54
112 68
182 51
41 67
129 143
148 124
86 136
15 61
78 39
146 131
30 57
87 11
137 157
94 64
14 144
151 76
10 75
186 4
125 39
112 108
181 73
86 122
63 101
182 139
182 126
23 94
67 76
43 36
169 106
91 125
69 167
176 143
165 34
123 58
145 43
52 72
171 173
134 84
22 129
77 59
109 99
152 175
29 7
23 52
112 114
176 35
135 19
177 154
52 154
24 52
10 117
123 180
102 112
118 166
95 49
37 16
2 1
3 31
49 25
82 15
180 113
49 127
131 80
135 38
47 159
131 98
88 66
132 45
32 104
65 126
152 101
141 153
143 38
46 23
120 60
15 87
150 184
30 42
131 109
130 144
52 82
87 160
26 173
4 171
50 130
135 5
83 143
2 81
35 47
103 154
148 159
53 152
155 125
6 141
88 178
97 140
72 38
112 140
23 157
165 72
99 155
118 37
110 119
117 144
20 74
153 22
45 60
173 55
184 34
8 85
24 146
79 137
184 45
131 19
14 109
133 155
76 63
4 40
37 162
183 98
90 3
120 134
63 105
43 101
180 50
40 16
9 118
8 5
162 138
65 31
59 10
185 134
115 43
28 6
59 66
103 148
68 35
136 172
182 179
86 174
83 125
45 91
98 52
137 114
2 57
144 103
108 183
91 35
38 119
40 96
184 185
98 106
32 47
91 68
38 31
97 162
10 141
108 107
47 99
34 90
155 32
5 76
70 138
152 149
111 47
100 107
44 10
67 117
56 157
185 135
42 94
152 52
89 72
158 135
170 46
37 138
120 84
68 2
34 32
150 144
78 62
105 121
114 171
51 169
183 90
159 79
38 123
130 126
7 101
115 31
1 151
168 120
47 90
163 122
122 126
120 54
42 37
175 155
63 80
179 100
24 5
178 61
169 163
41 30
118 155
60 118
160 83
93 62
172 68
183 106
48 158
15 132
7 44
99 111
123 132
65 1
178 98
103 159
73 143
1 3
152 103
120 124
185 67
185 24
135 36
172 37
6 186
168 54
42 122
20 19
66 84
19 57
181 121
28 108
76 71
110 40
173 85
18 25
151 58
48 140
93 32
