811 1101
10 463
763 726
90 84
380 628
67 728
400 761
561 422
244 45
87 184
333 785
757 554
734 27
669 133
417 24
588 13
465 598
475 417
512 564
247 638
381 314
554 527
10 51
695 1
95 782
742 175
502 687
728 172
713 585
304 66
356 81
78 9
425 553
172 683
52 166
510 179
226 810
453 235
49 336
793 702
53 723
65 302
599 539
473 247
60 776
312 415
603 137
170 774
436 89
646 487
254 344
413 479
342 54
460 138
136 442
586 189
100 397
490 698
124 151
692 741
673 192
344 212
328 261
174 510
349 566
744 602
656 345
16 745
145 475
71 280
105 403
215 763
799 451
649 669
348 529
599 210
468 689
168 542
138 88
241 233
654 173
581 498
264 596
431 408
260 248
434 111
397 649
62 384
288 458
800 636
733 334
592 389
211 506
678 96
340 665
328 182
584 98
427 36
693 604
190 699
599 623
810 184
207 60
315 495
264 50
66 186
383 404
321 340
656 187
435 184
40 763
113 370
607 286
405 235
78 341
123 423
153 121
354 359
738 415
600 191
464 412
376 593
4 696
121 406
630 556
590 416
254 702
786 607
176 126
30 811
467 152
170 366
272 523
471 757
684 260
136 336
418 258
675 169
700 795
574 518
286 352
123 286
242 97
81 164
780 111
164 435
262 333
547 281
602 207
784 474
213 666
556 630
112 419
798 811
149 561
265 435
659 387
720 648
230 801
811 756
658 721
127 666
242 673
135 590
68 107
810 280
772 554
99 630
719 85
377 57
392 641
238 240
774 704
634 750
693 633
694 286
543 9
141 531
682 22
57 496
129 55
776 647
356 621
213 263
452 336
66 33
165 303
19 685
196 652
370 635
220 810
668 762
566 808
229 183
18 285
678 704
339 389
287 694
198 246
704 650
581 769
682 492
8 447
365 761
34 481
331 253
479 187
762 791
183 737
162 759
210 29
651 548
417 684
178 362
118 628
200 698
332 628
378 339
263 489
35 43
716 113
42 131
299 803
110 229
728 272
734 684
47 320
168 210
193 345
571 57
719 770
755 239
586 68
325 595
304 359
637 766
471 679
85 517
417 195
492 81
213 414
764 6
733 120
215 672
211 533
729 118
491 419
104 13
486 428
354 536
533 180
238 751
605 322
456 768
263 136
595 475
296 548
227 217
414 442
78 372
163 806
236 400
413 339
159 645
766 513
117 488
439 354
427 790
422 629
746 685
511 530
95 806
13 322
211 173
510 35
544 419
587 780
7 746
54 724
327 9
425 443
243 610
543 416
588 153
233 269
584 743
545 426
484 557
747 441
730 192
476 209
610 251
735 363
744 789
275 259
544 446
701 786
244 179
390 578
78 369
36 662
47 580
23 530
73 516
159 549
707 381
757 505
632 428
614 311
405 78
569 137
523 205
111 514
383 247
280 207
615 62
57 661
642 637
379 461
341 284
198 236
665 701
487 232
317 290
542 721
367 299
604 636
250 461
85 632
707 112
27 257
173 642
106 561
467 231
210 555
262 154
790 115
44 466
346 360
755 76
17 57
121 620
439 370
270 524
748 723
635 521
169 554
98 21
51 312
810 7
55 260
161 33
121 204
245 466
563 746
288 326
802 155
135 430
271 151
700 765
62 270
474 788
12 319
809 62
630 554
69 431
560 787
210 680
179 455
334 488
136 368
3 127
522 695
303 539
34 191
492 653
207 154
630 218
219 374
27 37
116 653
214 675
628 424
290 553
625 623
787 760
737 536
633 447
419 682
174 199
61 665
41 14
565 417
232 784
790 5
567 652
404 528
262 778
140 551
519 511
109 241
206 34
777 28
227 384
709 147
330 517
558 370
530 58
533 508
30 511
512 344
98 662
60 359
628 757
656 82
456 764
323 408
797 288
435 770
418 80
105 747
596 662
52 61
719 584
569 496
30 16
586 127
678 392
232 241
84 76
323 286
28 392
693 571
679 317
529 32
396 380
526 738
788 324
798 443
655 555
127 684
318 459
558 742
39 789
171 680
612 240
154 639
631 35
146 498
351 674
277 493
801 802
419 777
314 406
408 157
707 281
588 771
739 334
701 524
58 61
392 669
47 545
244 678
327 389
111 677
809 387
106 798
377 524
511 691
676 107
594 319
388 370
278 62
450 726
333 508
533 471
112 579
763 355
445 278
490 556
701 488
131 806
221 255
266 731
692 688
27 474
195 161
591 220
780 229
134 48
483 666
266 595
433 775
696 625
241 375
369 688
609 246
430 18
500 695
749 380
571 522
601 513
429 380
732 397
355 54
192 27
466 457
368 87
420 810
458 407
373 15
30 728
8 459
746 507
89 430
634 407
698 423
108 315
802 28
458 345
639 396
118 293
41 232
126 207
231 584
360 350
345 390
267 352
595 759
48 431
124 681
26 10
39 691
324 29
465 528
120 292
113 796
331 711
216 456
107 193
786 213
543 320
349 556
418 691
503 465
310 626
81 82
382 119
772 452
705 425
168 572
463 27
556 793
738 518
184 591
711 717
550 189
783 88
744 389
778 182
601 23
554 428
104 124
294 64
322 187
235 236
505 444
263 807
172 747
514 102
526 160
7 264
348 789
98 280
114 64
208 461
86 761
77 747
631 370
810 141
304 791
376 808
423 385
804 594
320 253
696 592
412 702
603 759
427 700
785 287
764 739
747 596
688 12
532 254
129 277
141 179
257 263
175 426
648 725
209 714
724 93
495 324
541 286
18 714
174 549
189 684
476 682
216 99
441 747
352 569
770 492
747 773
502 668
388 338
329 343
240 241
435 481
565 722
766 329
372 129
67 307
559 542
178 774
641 618
456 739
122 415
167 57
123 668
471 257
194 799
599 180
229 780
661 540
691 615
615 809
490 681
304 238
412 481
758 799
34 403
726 155
564 81
211 433
748 429
690 688
416 477
615 391
446 211
677 72
572 481
69 251
97 372
235 255
600 181
242 633
330 715
788 640
542 745
262 226
109 140
102 525
616 463
662 808
673 275
68 434
755 694
431 598
2 412
42 601
339 30
169 416
744 703
244 475
384 505
700 492
391 548
205 754
758 614
497 366
77 312
799 578
194 165
364 753
576 405
542 662
182 458
266 114
349 509
335 732
761 781
413 87
265 364
29 211
724 526
576 800
26 311
313 777
222 677
719 798
17 196
395 756
653 660
59 749
104 140
416 53
110 575
140 374
128 726
331 598
187 95
334 212
152 646
736 374
258 643
107 22
27 501
777 427
349 582
364 199
722 779
252 20
543 138
140 417
610 470
203 797
564 283
755 716
118 679
25 375
257 131
143 31
631 109
457 726
690 9
113 600
534 111
366 12
806 505
428 605
163 378
337 474
660 27
125 524
706 149
88 709
279 788
739 656
85 384
570 775
139 429
310 673
540 676
684 281
369 48
632 279
172 157
499 578
184 623
291 636
518 125
280 543
101 208
134 186
591 450
707 477
67 205
338 353
627 768
634 743
562 454
210 733
358 455
500 288
13 537
670 530
661 138
8 508
345 141
693 683
590 335
348 403
287 432
756 102
135 325
33 697
525 800
365 71
443 611
105 202
336 774
731 185
101 485
693 192
625 321
63 150
403 157
553 689
588 244
790 723
315 570
355 28
558 719
99 748
519 761
138 43
724 616
786 13
289 414
762 661
481 14
557 72
170 45
760 505
288 486
163 349
244 264
377 801
171 222
484 436
171 622
226 83
173 200
653 461
360 604
57 587
364 614
659 280
405 354
531 440
28 693
788 271
145 353
8 63
574 491
498 492
48 723
574 220
669 163
428 775
513 484
551 623
33 145
91 438
245 369
624 20
808 600
290 700
142 44
762 462
282 195
142 329
665 463
296 269
372 723
233 73
142 530
442 733
421 532
106 665
647 729
684 644
517 721
532 405
764 482
614 792
423 755
57 276
153 352
545 524
10 524
343 709
242 784
630 662
252 482
262 87
399 135
730 663
602 450
3 554
678 616
282 290
307 338
565 459
689 45
172 445
568 514
342 809
234 719
406 485
136 668
571 282
549 490
133 339
686 693
639 553
498 109
31 804
446 342
451 70
134 369
261 701
630 350
446 52
4 598
536 139
201 42
420 749
278 299
276 153
181 662
452 678
770 229
670 152
570 56
221 450
425 229
340 243
578 532
41 581
318 576
719 519
364 75
203 642
373 226
794 553
76 434
166 34
662 582
743 167
638 711
617 809
128 703
798 705
423 27
221 487
349 128
752 712
202 144
289 322
369 271
621 444
451 787
224 48
557 714
215 130
613 578
127 740
216 671
380 638
444 600
60 539
474 1
440 423
702 475
744 6
746 553
449 132
275 419
180 21
321 141
150 680
465 24
355 680
441 734
253 74
269 312
612 490
59 798
101 760
462 591
512 143
79 149
21 354
315 200
374 382
87 270
251 551
40 605
419 228
275 671
48 290
172 406
779 788
140 68
484 348
405 184
490 484
80 257
26 141
457 146
522 290
162 519
30 760
60 448
176 334
55 223
370 784
375 338
760 514
152 179
50 304
363 286
787 442
543 559
329 746
704 39
224 612
558 811
560 617
448 482
697 249
451 2
221 15
86 169
528 238
95 325
541 457
610 263
645 88
10 162
22 460
758 804
7 504
803 314
56 186
795 499
434 435
501 654
196 586
570 470
570 664
794 46
56 340
308 700
174 64
608 196
270 554
746 277
805 484
590 607
670 320
295 292
501 542
693 696
63 198
102 633
50 84
425 663
170 480
551 344
290 94
286 560
647 220
583 387
703 108
183 308
174 224
347 675
765 228
306 574
172 407
142 221
238 567
72 407
235 369
497 271
209 782
19 44
748 348
178 387
202 360
694 376
583 787
239 283
203 291
45 374
698 187
341 124
753 159
277 734
274 774
193 482
491 770
273 175
53 450
561 255
556 190
630 327
166 615
609 115
94 400
489 538
586 576
408 274
482 685
196 755
394 136
426 631
94 445
805 146
83 554
147 638
