436 3940
44 70
211 235
159 347
224 64
98 293
138 211
28 155
28 336
42 408
173 171
155 87
65 423
364 354
95 83
197 406
98 240
39 309
38 198
127 170
261 224
26 306
342 397
24 369
296 410
248 32
52 403
26 117
297 390
34 391
380 139
361 41
286 399
257 324
68 383
401 237
79 426
106 328
386 130
261 154
103 72
93 154
382 119
270 242
416 212
197 359
258 121
307 107
427 128
338 59
418 302
295 404
291 400
296 149
93 28
210 103
7 302
165 389
328 434
102 307
117 206
137 374
326 8
45 225
135 290
283 24
156 141
428 354
12 287
410 13
314 183
115 320
393 279
180 284
185 282
63 209
395 199
55 285
206 7
417 248
296 263
272 15
311 263
369 322
21 342
334 242
433 357
33 297
199 121
144 291
310 114
64 268
313 118
24 426
124 4
238 419
266 73
434 48
243 274
278 263
87 175
412 427
95 8
287 202
36 339
56 345
16 27
177 236
144 200
226 175
204 27
158 377
7 63
333 249
244 174
419 330
348 394
229 351
309 79
24 345
325 79
253 341
106 337
140 157
101 273
332 212
299 397
60 305
23 392
25 266
129 7
67 385
308 295
207 181
282 230
433 170
308 157
418 321
58 30
386 66
302 281
185 165
241 244
377 171
200 402
344 236
316 318
184 188
85 390
276 366
91 272
7 307
336 333
191 393
362 48
366 227
328 114
299 40
266 148
118 29
21 25
172 336
343 264
87 427
125 362
264 216
197 178
86 5
74 184
305 435
232 235
134 31
256 340
415 85
51 96
113 71
121 193
407 371
20 401
361 144
327 96
359 431
273 352
435 347
100 304
253 239
102 386
269 265
198 247
350 248
343 26
227 371
126 105
305 145
69 137
197 303
232 27
298 412
379 204
230 386
71 47
188 80
340 20
345 101
175 258
257 425
191 391
359 317
403 135
369 35
271 37
338 410
64 107
293 350
310 87
299 289
41 394
276 380
321 184
389 59
349 117
47 12
71 313
236 37
11 76
415 189
113 224
70 84
238 363
433 20
13 203
308 53
160 147
340 44
239 292
11 59
316 57
70 386
278 213
330 196
289 217
385 309
348 362
392 150
288 388
169 208
154 40
168 313
94 72
264 240
271 274
299 151
239 276
8 80
53 246
183 249
26 131
121 373
401 76
430 252
371 162
368 88
109 99
308 203
170 135
6 349
409 212
407 211
396 414
198 356
131 380
168 64
419 196
345 383
179 338
198 113
64 129
200 172
136 415
282 305
113 196
125 85
407 95
203 366
73 400
285 111
252 360
175 234
119 83
180 297
420 285
409 391
322 80
127 21
58 316
233 79
75 358
71 46
16 274
319 432
145 76
107 396
435 189
101 26
271 280
230 162
129 111
117 358
190 151
378 156
30 82
234 13
3 212
402 363
49 284
358 102
267 372
405 174
124 70
199 302
349 428
372 385
10 52
214 200
110 155
263 47
145 404
59 147
179 24
73 228
216 339
237 46
182 205
219 214
274 325
79 95
225 358
387 234
317 165
341 426
227 167
381 371
134 3
426 313
371 62
12 58
308 156
11 54
360 230
267 106
26 253
108 250
175 58
392 55
130 296
389 357
27 333
199 68
243 188
288 85
158 207
142 29
362 153
426 194
290 164
207 223
325 314
37 407
279 428
369 317
195 321
145 221
125 343
197 276
3 48
360 160
255 410
96 88
34 430
281 231
157 51
17 45
272 53
15 23
388 384
339 147
176 47
275 209
389 379
48 299
427 315
22 153
196 26
240 229
19 429
23 175
387 40
128 131
436 50
153 296
341 399
350 81
9 96
197 305
39 244
168 29
30 97
89 226
122 328
18 140
228 385
223 179
332 258
217 331
307 369
98 212
331 11
200 247
107 396
115 145
111 190
81 48
287 169
273 408
404 199
20 196
55 150
282 386
407 62
188 277
338 286
396 140
296 159
386 310
26 408
362 44
162 6
92 12
174 272
327 142
34 254
245 88
403 434
381 373
403 133
122 304
418 81
351 185
148 300
59 81
179 420
125 340
334 124
259 71
395 58
120 337
311 272
332 278
269 277
122 235
409 243
10 298
232 360
390 379
131 12
23 310
340 55
213 145
178 380
123 45
1 243
381 311
422 276
60 255
116 182
397 432
332 407
293 127
238 247
413 369
166 344
242 413
398 362
29 48
305 152
92 213
394 36
432 379
219 55
105 335
144 66
238 40
380 3
74 181
249 51
113 322
394 262
207 263
188 235
218 400
386 309
177 251
252 172
102 35
226 206
277 278
179 78
225 122
80 298
211 236
256 323
30 121
149 144
292 244
378 73
207 236
290 383
50 13
26 59
47 160
173 231
1 351
217 225
381 296
430 155
4 158
385 377
278 5
84 133
248 25
206 363
168 403
217 126
415 243
184 26
402 356
164 310
179 380
6 31
148 343
93 59
64 41
435 342
390 82
382 109
14 59
35 182
25 252
307 4
402 398
373 275
318 100
148 404
388 61
434 99
403 90
157 375
38 63
188 427
144 133
100 157
192 42
246 216
293 24
127 166
422 63
4 211
71 59
178 22
119 83
28 430
80 184
276 117
154 27
16 297
159 23
361 258
64 79
382 265
102 72
430 87
43 342
205 113
400 382
134 427
372 161
420 15
252 167
40 405
193 399
173 259
421 5
81 392
83 370
128 185
5 122
179 47
27 292
67 334
145 108
324 81
268 215
3 427
381 42
303 137
348 39
304 332
388 292
196 34
225 323
126 137
352 213
92 378
68 158
184 212
266 71
200 5
286 203
340 138
152 206
183 64
153 50
303 104
341 62
45 129
385 79
173 300
291 264
150 266
422 333
385 159
311 149
163 68
351 66
206 410
180 388
37 332
345 340
343 249
401 387
285 257
29 21
29 227
285 86
400 178
326 349
336 200
405 406
268 227
380 381
200 123
332 237
18 240
140 360
396 12
218 244
269 155
172 297
289 364
290 253
13 179
165 256
378 41
226 117
267 77
61 30
199 300
266 124
103 313
391 62
325 172
213 157
234 293
361 87
128 214
339 141
392 411
396 241
15 93
266 281
169 326
310 275
190 48
398 200
360 352
170 248
432 290
312 229
146 236
223 274
13 125
322 312
99 189
25 21
282 290
301 358
179 83
197 276
38 66
40 397
326 209
117 229
62 428
365 116
228 152
297 148
184 182
368 191
370 392
211 123
245 420
45 331
410 149
171 11
122 118
407 355
326 87
147 295
79 76
410 214
135 270
269 318
359 200
72 293
155 191
323 307
174 275
202 147
331 280
157 17
397 35
371 194
122 426
52 108
65 370
229 107
111 61
424 34
261 404
234 323
158 120
194 239
395 303
385 289
146 13
305 14
47 148
207 76
137 258
91 109
191 319
215 210
380 110
243 204
421 40
434 142
67 191
288 25
401 144
222 18
156 434
31 111
145 237
94 189
59 185
205 157
67 327
366 10
345 80
121 329
27 119
35 94
217 230
26 182
374 247
199 93
245 230
111 297
374 205
394 432
297 162
61 363
53 334
281 305
414 401
197 348
427 139
5 208
369 375
297 306
185 403
306 337
104 417
198 42
93 155
381 389
224 5
315 184
247 67
52 224
32 249
135 22
387 48
137 319
330 341
188 78
308 402
323 411
382 428
360 38
146 305
334 277
217 120
25 27
187 76
158 218
232 201
147 183
156 192
409 49
96 69
34 311
34 356
194 415
347 117
360 400
329 165
241 110
284 173
44 34
248 202
159 44
310 214
134 29
313 106
421 408
174 18
191 115
282 384
1 192
64 360
64 301
432 212
410 280
384 361
221 195
34 288
146 343
65 279
279 377
293 263
256 374
281 10
53 34
393 53
133 365
321 196
229 316
407 110
67 354
34 288
21 412
139 166
318 111
353 69
395 117
331 122
54 83
132 14
116 432
411 249
268 295
352 60
82 323
77 149
148 19
344 168
430 390
334 219
408 158
287 366
274 182
51 235
172 90
249 288
86 223
8 353
425 359
321 70
153 305
126 301
323 377
32 224
238 273
7 209
338 293
138 175
382 189
410 118
186 130
313 271
352 320
96 248
150 324
225 211
192 351
75 423
199 14
210 1
195 124
209 96
325 255
179 270
351 60
295 100
189 171
279 12
398 282
259 20
169 391
230 268
213 212
162 412
225 280
320 419
403 436
423 291
254 165
33 168
132 327
176 228
406 18
239 275
299 405
294 375
359 87
206 136
298 276
19 431
119 338
321 85
337 307
284 63
379 316
138 74
114 313
301 83
238 11
358 100
323 123
382 246
118 152
289 323
427 307
317 17
116 202
101 16
416 292
422 267
79 124
340 193
436 113
183 238
123 12
245 10
135 191
163 160
250 359
46 148
229 271
164 252
380 172
175 359
28 161
189 14
284 1
114 191
113 297
336 143
216 145
60 258
243 130
417 400
52 27
111 188
297 182
3 240
353 178
70 288
338 259
210 93
167 323
283 187
183 91
329 307
143 297
128 385
426 109
256 386
43 366
137 339
19 140
50 371
225 119
131 34
285 340
126 359
226 316
109 317
406 346
187 20
206 222
404 103
330 223
396 372
60 97
182 78
144 139
357 276
166 395
309 14
298 342
281 431
129 389
219 7
298 313
26 411
99 338
422 336
124 381
180 92
385 361
77 92
408 433
367 137
299 147
58 160
52 338
63 181
291 189
187 60
66 212
379 72
113 272
407 145
216 150
144 73
419 220
72 390
125 347
90 423
57 55
55 17
393 25
197 155
213 291
214 278
410 64
349 431
335 228
47 23
285 190
95 175
317 166
36 349
76 33
336 133
88 298
57 44
322 253
198 98
15 319
376 332
383 196
326 281
331 280
303 180
377 305
354 258
35 390
170 18
422 413
58 73
274 114
24 159
274 221
165 288
104 12
184 394
207 417
238 10
261 13
189 201
225 14
366 167
311 8
185 205
420 150
185 166
264 209
232 9
337 396
205 348
407 296
305 86
276 15
95 8
27 191
117 159
204 46
326 423
53 74
191 381
131 283
110 302
55 249
311 300
209 79
211 87
374 80
172 121
2 266
37 372
364 153
94 40
198 419
26 159
400 124
103 95
406 120
396 369
368 178
232 140
164 350
227 9
337 306
130 338
44 166
273 407
226 367
10 423
349 35
53 221
158 155
223 36
274 182
404 114
268 199
253 431
112 387
4 13
257 41
258 208
114 95
178 339
25 188
233 281
130 286
409 288
348 195
323 186
377 198
207 116
396 367
110 415
318 21
335 46
405 157
161 82
159 338
328 183
89 125
371 219
318 344
414 229
102 208
322 386
405 92
65 272
23 83
250 248
11 57
201 416
121 361
405 279
262 297
369 259
329 303
385 210
118 362
2 128
133 324
77 9
323 50
280 345
40 1
156 394
57 264
281 85
188 250
363 358
18 295
88 346
70 36
27 95
397 372
222 1
259 207
353 54
164 196
398 111
104 26
68 69
289 349
153 385
70 424
214 87
282 301
340 259
336 366
262 204
209 391
112 376
161 28
429 232
131 390
342 234
323 410
302 84
230 19
376 299
6 153
385 195
17 196
362 260
33 95
27 241
49 46
180 118
73 172
349 203
34 163
344 356
44 210
347 273
136 286
135 49
2 427
151 362
186 420
93 218
78 27
366 35
72 110
152 144
189 408
254 222
134 162
50 177
279 396
13 414
154 55
370 63
45 84
425 138
412 81
263 53
16 193
87 302
146 139
398 118
392 92
159 25
49 336
303 352
256 188
69 219
121 132
263 205
28 309
180 16
135 140
31 327
135 118
100 188
256 406
213 119
61 372
144 109
179 10
24 342
198 1
124 318
132 295
430 67
167 81
82 209
129 21
100 171
138 107
358 301
76 135
419 44
414 34
60 156
44 428
61 149
428 185
374 31
43 276
97 117
264 86
325 300
106 332
34 151
3 300
15 422
434 342
374 411
375 433
38 326
424 98
382 323
190 228
353 140
67 357
256 238
351 145
102 20
40 43
79 386
342 93
280 339
342 217
221 189
121 166
78 109
264 368
339 361
159 256
65 133
84 320
370 434
372 379
362 320
422 4
177 327
4 20
138 254
144 266
6 265
432 427
281 259
358 183
91 80
346 155
120 430
39 54
335 318
432 260
201 417
171 378
216 83
305 353
336 13
182 341
185 177
331 29
343 253
119 434
240 29
60 360
366 98
321 264
416 224
432 88
205 166
29 328
156 242
244 55
254 333
395 2
74 198
374 324
358 56
229 161
428 289
428 357
294 312
185 181
100 88
269 212
161 205
103 317
10 254
371 171
150 238
80 131
343 17
19 264
417 155
332 408
7 324
237 209
107 329
389 114
416 129
233 48
242 243
364 251
60 207
422 118
352 409
248 258
334 174
429 314
329 324
193 243
119 429
359 226
229 312
247 208
348 44
256 153
194 91
404 254
205 297
371 120
177 90
285 74
264 277
387 64
73 52
214 191
388 137
324 181
356 135
296 267
86 23
420 279
114 295
4 226
63 282
254 239
372 102
313 107
287 171
170 359
222 291
113 82
427 1
262 346
43 121
85 128
52 412
314 73
178 318
298 240
71 115
386 6
125 170
20 411
341 189
333 34
44 353
23 378
261 284
196 303
313 280
338 364
255 216
436 432
5 205
143 75
320 92
81 352
170 8
326 418
197 130
359 148
390 382
433 215
229 192
81 13
35 419
376 197
106 283
192 110
52 242
184 279
334 172
194 411
180 427
392 284
120 314
339 73
259 335
195 396
91 276
408 125
166 256
322 271
102 421
380 61
227 35
247 32
207 348
6 386
338 305
141 365
182 43
2 5
377 196
400 31
379 279
64 16
98 293
286 108
277 137
76 411
172 323
350 378
234 263
235 136
131 283
64 313
325 409
225 265
77 96
204 363
374 267
379 36
123 136
143 307
273 126
190 352
12 103
201 154
274 343
197 404
189 168
188 77
141 320
249 125
415 16
395 261
282 337
296 312
381 346
183 125
35 280
40 391
382 240
16 127
146 212
3 242
379 98
318 427
418 130
115 304
54 418
128 335
226 331
119 170
148 209
294 91
52 241
389 341
388 404
32 5
179 34
246 121
39 35
112 20
165 134
232 218
115 267
24 341
162 50
418 217
258 184
307 309
424 259
122 284
226 153
288 404
94 6
433 132
40 16
60 112
149 291
237 172
121 169
420 190
218 401
407 40
148 277
256 44
8 377
327 141
1 86
17 94
435 13
134 39
372 101
58 84
299 295
163 327
27 146
81 244
19 395
191 74
143 11
25 150
295 351
291 296
345 307
297 343
227 338
289 162
2 347
153 300
205 224
191 139
277 179
382 295
137 45
277 279
399 301
337 257
124 99
24 32
313 321
282 103
222 135
172 132
389 232
431 157
19 93
295 296
179 148
62 315
100 338
66 62
111 402
319 234
408 342
173 284
134 362
386 356
404 29
395 356
260 297
76 279
390 278
46 40
334 107
355 433
353 328
59 27
201 377
168 172
190 248
19 324
173 312
151 141
340 109
60 71
405 44
349 266
229 302
306 126
409 132
123 233
367 89
167 131
373 334
210 126
145 228
357 225
11 71
273 350
87 333
420 400
284 241
137 76
106 350
110 422
389 232
126 319
320 292
357 256
189 130
289 241
357 210
374 275
188 210
188 183
14 80
146 205
228 282
281 241
196 390
135 56
93 260
375 320
116 295
47 212
333 335
361 161
16 298
436 112
415 187
294 429
174 347
197 309
192 385
114 295
246 248
259 338
71 197
129 94
399 175
306 295
74 230
20 433
435 19
108 413
113 309
313 195
219 418
67 319
274 180
85 84
335 343
329 406
103 22
63 410
196 276
268 177
69 195
82 67
213 189
388 234
62 264
428 280
153 402
70 427
146 155
418 388
61 310
265 164
239 328
137 435
75 312
83 144
71 164
118 191
261 413
332 322
149 323
73 301
197 143
199 342
205 180
201 265
398 30
336 200
265 380
198 339
256 189
46 234
352 72
424 176
392 320
405 104
114 386
313 310
436 75
123 204
163 232
32 124
261 276
323 89
219 429
427 38
181 381
271 4
16 167
88 315
394 400
419 415
257 295
197 256
277 227
367 3
22 307
126 282
146 357
370 364
349 269
310 1
213 52
348 136
218 435
14 83
307 432
62 127
198 166
383 392
221 385
322 91
419 167
236 339
9 164
159 277
381 159
53 432
414 96
214 413
109 204
283 13
265 317
118 338
263 64
294 392
357 179
46 247
253 190
57 261
261 215
9 205
281 405
200 258
64 321
142 81
89 332
93 261
213 118
163 383
182 364
338 10
14 384
256 266
137 312
435 305
90 351
73 278
320 272
7 291
65 149
371 153
44 371
321 256
53 47
203 142
318 104
151 331
395 406
69 3
281 67
307 278
417 287
119 208
123 125
63 187
181 433
247 225
276 131
388 328
86 62
377 311
166 91
206 32
60 274
379 248
248 249
89 228
100 115
344 130
147 406
224 328
310 378
24 149
416 411
384 65
37 324
376 110
414 53
49 381
234 427
192 45
148 188
180 247
302 87
284 13
56 415
248 366
356 271
422 335
153 370
308 97
257 247
206 143
207 255
87 4
153 279
48 300
30 135
110 240
222 301
252 185
279 63
22 198
241 8
97 393
285 312
54 105
122 167
247 236
329 242
239 46
428 194
345 365
328 363
168 21
135 327
114 414
297 135
83 101
50 87
402 334
398 363
347 83
93 65
226 422
306 28
375 297
129 191
226 365
117 301
293 252
192 406
137 52
13 219
61 62
306 26
304 267
388 214
258 388
278 47
373 56
419 219
352 111
410 49
39 90
350 240
249 105
209 385
64 221
168 124
191 381
57 58
211 8
179 32
396 20
79 240
419 405
23 335
79 340
291 26
337 112
265 150
216 381
6 188
166 81
311 264
25 368
321 236
283 63
175 150
426 161
390 409
129 320
215 116
131 413
49 31
89 221
88 212
165 94
399 238
82 182
65 107
21 293
250 303
263 424
361 161
149 222
133 277
105 255
300 143
231 348
173 319
132 261
95 297
262 57
98 343
146 71
13 166
271 262
377 98
158 301
258 306
86 298
54 98
116 354
240 346
265 320
137 397
52 231
165 313
195 170
128 249
240 48
414 75
218 262
80 375
34 337
244 27
198 205
32 221
122 179
38 387
63 174
255 114
312 419
335 415
152 370
227 300
417 112
282 198
374 361
136 315
169 287
342 366
56 373
58 177
116 95
35 86
177 289
107 52
179 349
374 239
282 164
102 263
184 383
368 29
215 68
343 383
262 156
220 317
1 277
402 116
279 436
109 19
197 123
415 283
36 352
85 317
424 94
51 171
384 419
107 162
394 13
108 219
169 235
100 169
75 409
192 354
408 208
280 76
330 258
359 273
82 351
154 413
9 112
147 392
2 161
118 395
173 133
178 249
368 185
325 350
65 424
175 36
103 19
20 433
184 378
269 265
292 330
149 300
350 203
164 351
363 189
310 100
321 395
256 160
51 53
74 115
40 156
58 143
174 77
47 266
362 223
2 126
117 151
333 374
353 60
288 280
248 69
287 41
371 106
200 421
158 181
7 106
337 409
248 418
49 202
247 319
424 249
8 12
307 248
385 223
216 145
66 27
213 352
411 148
366 175
40 87
263 47
192 71
19 347
53 411
20 207
201 352
363 116
363 233
364 220
20 143
364 429
77 140
253 52
195 182
134 235
176 304
189 276
375 207
94 335
89 114
105 290
29 376
405 299
172 240
82 99
382 9
92 23
57 344
418 251
433 115
393 172
418 145
11 264
259 105
162 348
126 175
109 154
114 421
360 193
225 6
292 170
358 291
100 414
106 425
137 102
103 93
181 429
238 100
256 60
204 326
315 237
64 423
298 177
408 221
277 196
226 132
273 56
422 281
33 91
269 77
100 280
170 281
272 315
380 435
374 55
324 161
199 387
147 60
35 26
188 312
221 322
351 402
377 337
246 409
335 78
50 343
265 127
95 100
5 38
99 286
436 422
10 198
281 65
165 223
90 352
6 219
237 357
184 177
165 337
58 407
414 15
313 151
141 407
250 53
352 256
246 259
150 256
364 430
228 92
124 317
352 130
99 60
50 190
237 122
90 202
92 412
216 313
126 264
283 375
224 107
195 33
273 252
196 201
153 423
200 276
212 23
405 218
83 362
408 227
47 61
428 139
36 115
359 161
286 205
8 73
219 110
13 400
361 117
164 77
11 271
352 222
294 229
4 376
62 411
74 109
379 65
155 415
179 77
47 28
189 54
8 316
163 20
279 87
44 350
163 55
184 423
276 385
215 187
232 184
69 305
292 12
277 354
334 19
338 380
390 435
434 305
314 160
233 64
247 276
413 317
330 68
303 78
361 425
264 156
173 333
369 372
252 209
198 149
136 99
92 433
5 89
302 226
157 98
289 403
281 173
191 175
149 58
252 73
390 79
136 126
319 412
406 134
185 167
190 228
173 282
224 178
278 433
403 434
2 164
308 283
336 63
21 392
120 180
372 417
166 72
15 49
391 420
90 139
58 280
274 230
33 62
315 218
58 190
216 60
353 87
250 160
57 270
24 84
357 395
65 86
374 79
134 329
406 132
375 27
319 213
164 351
274 387
132 239
140 255
206 400
250 19
31 306
196 54
390 116
13 18
202 386
4 243
278 409
282 217
435 164
429 70
422 174
20 26
320 67
280 90
30 93
16 61
307 212
114 260
235 126
185 344
420 188
59 169
68 340
385 410
412 285
43 397
366 63
422 250
129 174
247 67
174 262
127 44
381 148
211 180
182 395
87 165
54 145
333 29
393 190
2 368
382 389
328 220
359 222
33 395
395 187
25 40
12 59
84 393
207 294
44 388
161 130
116 122
183 356
59 139
17 60
414 399
12 213
182 370
434 122
329 300
308 261
340 227
320 331
91 90
96 134
385 164
172 408
194 262
327 252
308 344
219 285
214 231
61 395
72 403
424 308
174 203
133 77
429 16
315 428
13 411
33 397
46 204
368 239
373 166
54 244
73 273
436 194
411 405
152 390
371 47
262 108
249 394
93 150
317 407
49 237
289 81
105 335
193 380
45 129
109 99
281 90
279 280
283 161
156 343
114 90
389 375
198 110
240 198
259 28
168 307
172 365
295 276
171 51
219 215
88 236
221 368
233 63
119 79
223 275
329 245
364 190
183 33
299 331
138 29
358 214
243 94
142 101
277 312
152 404
90 147
203 311
78 343
281 104
329 412
378 222
220 214
411 310
154 181
204 292
209 34
69 15
127 118
23 311
337 82
278 426
228 388
208 305
294 397
409 187
280 258
316 63
379 198
280 97
378 48
296 150
81 272
72 115
389 94
425 289
176 175
186 311
126 302
180 420
262 60
78 13
225 393
75 168
154 354
172 3
309 31
60 297
302 131
411 162
132 308
14 215
46 107
90 79
408 177
406 141
144 47
153 368
347 135
7 408
397 178
410 177
208 33
38 417
71 356
142 111
227 63
325 180
78 322
259 49
62 228
98 205
275 158
45 93
293 51
409 161
137 290
337 252
323 282
233 301
202 282
411 428
253 208
172 330
93 430
286 155
221 383
267 403
105 311
404 305
270 376
373 406
229 181
129 23
27 361
324 228
115 206
127 367
413 206
168 70
107 17
132 236
400 398
110 412
181 77
188 358
16 124
235 153
212 363
175 238
196 406
373 310
84 408
148 60
177 315
37 192
239 168
427 202
130 100
85 218
177 272
139 100
303 373
160 423
207 243
132 402
212 69
183 203
384 330
263 32
116 207
223 355
375 121
28 412
221 113
101 305
292 239
312 67
83 36
53 197
278 184
163 397
160 345
164 15
147 334
47 170
104 177
88 386
298 24
361 82
44 25
294 335
171 169
309 161
204 269
358 389
361 428
350 84
336 77
99 390
318 53
124 421
229 119
371 90
142 203
79 185
136 372
428 306
13 208
375 216
41 296
77 401
195 426
392 94
410 398
392 291
14 423
183 243
105 117
240 155
320 227
247 363
162 238
140 174
354 78
298 394
281 282
266 39
179 221
41 152
183 432
350 104
326 96
254 338
121 58
56 348
192 303
274 353
12 413
435 273
55 204
230 243
393 403
282 135
188 230
286 278
133 107
381 22
202 107
359 230
72 323
141 263
189 414
179 108
299 85
381 261
196 82
67 152
49 256
286 144
49 43
329 181
149 273
202 259
379 33
52 358
355 101
184 15
422 271
30 284
355 318
108 23
400 83
174 356
338 368
407 387
410 299
39 31
43 241
197 330
181 156
251 99
256 435
21 242
269 50
433 187
276 13
117 239
95 199
66 432
130 36
290 11
334 329
41 284
41 237
177 221
301 428
227 120
426 155
269 258
204 174
352 43
186 33
189 280
231 162
183 268
105 381
278 346
273 227
194 313
371 370
5 235
361 139
263 350
293 95
79 404
268 431
11 361
371 107
204 73
269 295
340 281
239 89
191 419
223 384
203 158
317 207
300 242
253 126
63 109
129 142
76 396
44 430
321 322
101 432
302 277
198 113
29 436
201 219
326 332
166 92
53 47
206 352
196 22
386 166
38 78
307 114
381 258
15 265
51 23
169 352
207 366
28 236
274 137
18 163
32 184
163 428
138 276
251 333
298 200
62 243
277 356
222 6
371 394
401 393
34 316
164 400
252 399
145 388
324 215
327 71
377 318
116 217
132 12
422 240
418 228
80 166
56 209
79 426
75 43
290 108
267 361
415 82
231 123
377 119
338 267
97 278
148 213
402 187
132 387
426 21
87 414
94 142
186 81
39 168
123 236
184 297
161 162
378 299
193 318
325 94
148 422
279 203
106 153
390 145
103 379
74 97
356 167
238 14
247 276
89 278
76 272
138 144
342 424
6 98
213 239
99 361
132 377
35 237
93 332
289 104
275 362
200 102
1 346
23 247
185 112
432 168
291 42
219 104
29 133
201 241
371 299
73 66
148 16
210 148
347 406
159 93
332 267
195 332
176 125
50 268
144 390
344 435
431 126
102 367
258 211
79 192
417 60
165 36
75 282
184 329
252 250
422 147
80 88
386 163
212 343
339 356
296 246
262 198
279 271
128 101
45 115
200 26
174 273
405 156
118 152
48 369
310 377
423 297
28 280
24 148
187 270
411 46
79 236
244 357
70 279
365 23
393 37
48 38
309 360
101 334
420 57
175 293
433 69
153 369
349 84
424 99
353 398
52 339
105 203
168 82
46 4
104 346
40 59
292 256
419 300
154 402
356 328
258 261
396 318
193 216
310 88
314 134
393 274
37 61
40 112
142 429
115 246
247 63
212 10
226 194
309 379
159 229
178 324
53 46
114 153
261 423
240 47
120 196
320 64
164 267
83 305
260 106
22 414
76 142
423 301
335 295
244 402
87 329
197 47
282 310
107 15
296 254
61 324
13 288
295 84
26 286
297 193
391 226
170 374
367 156
238 266
15 389
139 9
190 335
400 35
209 70
49 412
324 17
207 244
212 410
328 238
259 96
430 121
321 164
58 252
227 295
425 149
156 127
66 345
369 29
379 141
6 428
25 237
352 231
45 128
204 280
365 370
283 266
54 167
429 111
326 128
314 222
276 33
348 341
377 189
277 227
329 283
126 261
83 42
56 35
169 167
222 5
101 68
270 62
143 171
81 32
298 302
254 137
334 73
386 182
261 134
316 62
416 6
322 407
391 285
349 123
360 135
35 368
110 212
337 252
382 417
284 243
282 9
288 87
81 145
176 250
278 56
219 166
405 12
44 359
205 392
389 128
434 423
403 108
198 303
267 52
192 114
202 37
30 53
32 19
105 207
268 291
170 394
20 138
405 407
60 173
362 12
208 268
342 174
283 104
385 113
63 140
135 264
176 164
225 207
182 329
322 357
183 55
314 110
101 191
80 160
363 350
80 135
89 421
216 371
432 164
391 58
303 89
322 387
161 110
65 250
346 386
79 1
349 392
110 13
54 98
80 417
355 159
23 351
52 238
193 391
310 147
13 176
144 242
126 304
259 191
117 168
48 195
168 396
59 186
316 112
191 396
436 17
26 22
367 421
168 123
376 385
177 388
124 320
101 158
187 359
256 212
90 303
314 166
171 280
351 50
392 13
353 299
373 287
229 211
271 304
241 210
252 417
69 283
301 169
4 395
91 259
78 181
34 392
346 204
235 168
161 98
88 422
305 24
272 97
234 106
308 38
224 123
362 292
405 134
25 409
93 115
139 170
203 172
33 20
283 176
95 8
181 182
429 49
113 172
53 254
185 360
291 408
390 125
172 359
258 196
239 350
218 377
428 421
21 368
348 303
15 7
218 196
96 210
152 209
289 113
26 38
380 225
353 334
349 432
256 78
191 402
428 317
250 327
301 270
166 120
137 181
126 354
284 222
36 343
338 232
19 363
269 399
59 94
204 315
89 23
393 188
332 292
68 145
90 276
415 255
395 23
435 429
284 190
214 227
97 115
23 115
385 199
421 352
292 188
230 289
118 94
384 13
385 359
158 38
198 44
293 64
66 199
400 257
389 177
48 49
199 70
71 56
268 400
407 32
151 108
320 269
202 175
189 58
97 254
96 202
297 296
265 270
58 229
91 354
313 46
310 420
115 289
383 290
252 261
321 402
276 112
142 41
286 331
99 382
56 102
147 353
397 320
94 362
20 92
280 240
137 153
131 159
5 77
13 256
245 241
130 85
353 179
33 110
73 131
400 129
140 18
389 100
337 46
26 264
46 213
68 182
365 198
249 278
183 169
5 335
409 42
419 233
221 16
251 293
54 214
329 194
231 189
201 40
143 134
303 188
346 278
277 183
384 433
24 38
165 372
372 138
414 355
278 198
278 92
398 331
305 199
432 8
295 197
47 1
330 257
96 148
99 373
330 46
369 261
83 6
104 362
143 81
280 420
186 121
420 56
360 288
254 355
203 112
23 249
21 261
70 116
408 76
396 209
29 237
33 19
242 44
380 384
125 132
275 218
252 258
273 83
18 434
2 220
18 368
377 38
192 354
61 71
337 21
187 365
257 219
383 62
171 234
353 295
365 191
420 89
357 257
171 282
162 80
409 179
356 257
124 19
174 185
90 418
205 276
346 369
403 200
430 137
434 254
339 270
352 322
358 272
50 1
25 212
424 342
298 343
162 422
362 244
170 15
225 282
198 43
122 72
242 23
116 147
276 18
417 191
248 246
371 297
246 395
416 142
300 278
48 370
263 409
177 340
331 309
93 1
351 214
72 157
144 96
211 419
113 191
173 268
345 107
37 62
410 16
203 181
201 251
114 371
223 198
182 26
415 274
26 329
395 5
393 102
100 168
84 121
266 165
296 174
179 332
236 152
256 2
333 20
252 354
299 383
24 44
316 2
318 249
238 184
253 195
286 261
362 277
289 191
349 148
273 92
44 72
243 299
417 47
226 233
309 88
87 240
132 402
149 357
214 386
104 374
144 297
106 413
46 394
76 394
106 348
393 149
327 200
355 307
154 144
103 370
140 97
173 179
406 321
99 183
271 110
29 322
315 134
299 268
92 374
225 197
193 90
253 83
289 79
389 350
222 400
284 269
60 364
11 374
157 17
28 427
127 56
220 5
98 426
180 189
363 312
293 27
401 17
109 253
95 406
75 224
277 266
57 336
193 411
181 349
428 209
247 118
264 375
30 269
364 209
365 291
84 221
225 49
145 242
209 239
211 191
371 51
20 335
294 121
309 39
377 300
155 188
325 418
126 262
251 53
378 179
251 26
308 384
418 360
189 98
71 307
197 5
357 216
339 122
244 119
68 185
419 222
280 215
112 313
41 270
273 418
356 432
351 135
379 240
59 131
246 129
345 6
133 173
129 379
294 373
61 270
29 387
399 308
74 92
114 343
364 3
171 359
262 305
209 65
363 247
218 55
155 223
95 327
260 381
93 104
350 362
132 300
324 347
373 306
2 394
212 365
305 382
196 130
159 404
102 85
215 320
48 277
14 50
168 273
431 260
376 344
93 415
115 416
325 396
285 326
261 405
163 129
258 266
166 416
233 268
409 355
151 20
196 72
69 271
345 407
2 192
314 94
171 337
73 403
204 266
293 28
234 363
65 399
192 230
287 424
405 259
251 27
278 354
99 254
96 351
225 97
14 10
190 184
254 170
151 21
435 351
393 140
277 365
11 32
158 297
363 35
119 85
61 304
346 159
121 5
417 253
101 431
263 198
86 80
368 236
9 274
58 401
322 242
237 332
273 394
100 108
336 218
100 397
85 10
27 113
358 8
366 23
2 100
128 87
179 403
231 95
241 196
403 34
2 203
365 182
69 372
197 404
153 297
364 145
306 391
165 227
306 94
157 307
193 301
280 159
95 282
399 199
249 432
200 15
268 381
427 203
142 395
263 2
230 315
215 92
44 349
397 45
414 175
146 170
40 425
328 42
178 199
240 426
102 3
349 370
292 339
44 341
297 215
342 435
93 28
90 136
284 51
181 261
225 326
338 172
222 138
214 399
336 361
297 1
272 209
278 127
19 230
31 316
8 280
314 100
215 311
144 62
361 324
231 58
121 40
229 250
177 350
120 76
183 416
421 18
96 262
144 115
399 82
338 406
269 123
70 47
433 121
16 266
352 154
323 36
194 23
193 278
281 312
354 27
200 246
44 295
415 95
317 378
84 218
347 352
248 324
306 245
8 321
418 359
39 212
302 140
142 58
417 422
278 242
356 41
51 307
243 30
401 32
315 392
157 225
307 405
21 176
121 28
405 102
295 351
313 160
398 362
126 378
348 403
92 175
351 50
46 157
423 354
96 301
310 253
90 180
221 110
264 341
45 232
350 339
54 134
407 15
59 96
300 406
62 391
53 320
5 98
384 427
15 44
292 324
296 289
412 80
306 239
328 258
378 241
69 339
374 39
353 432
42 216
310 11
79 362
330 83
23 277
417 381
320 180
269 179
32 244
166 245
390 57
67 239
297 135
141 142
81 401
46 122
88 355
132 166
188 25
156 118
301 137
62 93
316 238
271 256
389 1
408 342
401 38
52 170
80 100
311 160
64 356
281 152
182 412
225 277
344 381
394 117
425 364
209 304
165 387
31 118
387 3
367 260
384 419
429 28
426 303
95 54
131 376
113 220
259 337
61 75
281 362
191 269
289 399
45 362
349 419
43 208
329 317
31 277
207 367
212 197
141 306
158 271
153 270
399 320
78 367
394 267
292 148
7 53
18 51
414 274
378 364
389 270
244 327
18 15
257 137
211 398
351 368
140 67
109 102
294 186
32 251
16 232
306 23
284 323
417 261
69 266
188 21
8 339
348 25
353 168
70 127
129 420
402 269
394 74
278 252
260 310
66 183
105 372
205 296
166 94
28 234
359 123
255 366
25 166
299 378
241 368
412 370
351 378
110 216
15 387
31 182
168 97
365 180
376 41
39 13
134 410
247 57
96 65
422 121
138 192
406 378
123 381
219 381
230 236
161 245
187 99
334 262
103 262
6 42
303 388
55 436
362 209
400 365
181 294
393 318
49 362
167 80
215 294
24 8
93 92
160 187
191 58
13 293
227 18
243 1
405 205
1 238
413 308
167 157
73 123
382 122
393 20
109 79
313 132
86 314
132 154
64 230
119 420
430 345
1 236
346 314
4 254
23 324
33 189
388 106
220 333
135 84
261 243
162 45
282 155
358 413
308 330
206 334
313 200
243 222
343 60
7 255
221 29
142 253
126 94
266 345
334 400
428 158
206 61
111 52
215 32
372 431
269 50
328 146
157 42
275 407
