429 3109
317 295
193 232
7 166
62 87
283 213
378 79
334 361
370 398
300 1
269 129
55 363
314 202
221 396
422 166
173 353
161 61
52 353
292 58
352 186
144 205
231 354
284 135
286 57
103 418
57 372
117 373
138 263
408 358
229 400
94 402
156 87
295 207
10 419
97 194
8 74
232 238
427 86
373 116
142 308
105 32
83 54
237 220
317 215
148 116
18 74
350 174
160 215
213 3
204 310
196 211
383 427
282 213
345 225
329 320
365 266
351 19
319 420
238 206
39 219
155 318
292 75
62 23
123 108
25 159
417 53
203 51
55 415
395 112
314 285
47 412
39 327
302 292
398 340
330 187
327 218
311 402
113 166
357 53
23 86
40 76
121 75
388 175
60 353
119 207
42 428
189 342
325 323
37 126
67 199
312 393
250 27
198 195
192 125
247 215
44 286
123 164
360 81
172 252
266 290
29 140
288 51
315 184
373 351
309 272
121 25
236 370
313 266
135 337
391 381
384 267
70 77
1 262
419 172
84 256
295 375
395 153
425 280
169 201
35 311
306 155
168 112
357 51
210 324
220 171
275 175
270 177
84 271
9 74
275 354
162 140
299 127
293 127
240 294
161 274
175 37
261 342
410 21
225 190
344 278
361 189
23 201
198 368
304 39
12 150
392 6
122 95
133 414
54 205
279 214
311 286
250 404
32 230
424 89
420 338
366 184
359 388
217 127
160 354
165 4
336 389
10 28
316 404
275 370
179 386
154 322
242 237
296 273
37 123
362 289
31 298
305 222
90 93
181 249
279 178
252 185
137 261
212 24
235 57
226 246
13 379
400 255
19 99
360 318
221 125
177 84
256 315
138 345
240 318
426 89
66 81
273 36
175 55
321 242
374 117
321 386
328 291
44 347
223 404
235 14
361 244
360 187
129 68
364 368
219 193
27 284
274 132
152 281
187 43
355 131
421 246
349 320
370 393
70 163
200 304
9 131
380 368
318 342
269 85
280 58
278 140
174 384
104 326
68 290
201 422
253 193
72 6
345 12
398 414
7 1
121 15
131 333
216 281
245 317
366 96
374 47
68 380
1 171
109 330
294 143
322 379
335 393
384 83
237 185
67 243
185 20
258 149
352 44
429 168
360 198
96 137
244 425
349 77
166 291
239 292
4 132
75 171
357 291
253 165
47 152
407 64
171 235
212 355
111 45
93 303
75 21
272 152
16 192
228 15
315 38
306 318
2 380
321 358
242 406
93 121
128 71
17 131
138 229
56 249
106 149
384 180
169 227
331 18
251 392
32 136
262 337
286 263
121 177
24 195
153 379
315 113
20 164
243 157
392 298
238 330
279 193
81 281
419 244
298 73
39 329
208 300
69 326
395 189
335 252
216 320
201 363
3 220
98 78
209 322
208 280
223 58
305 136
171 294
212 39
199 251
200 239
121 268
135 349
290 302
171 338
192 371
272 27
423 369
366 202
94 144
314 316
34 189
284 204
315 67
75 84
317 274
322 270
375 289
189 68
161 359
238 185
300 80
44 293
281 409
328 375
386 212
94 419
234 378
27 119
277 101
36 164
208 357
4 415
50 26
315 43
384 123
61 88
36 104
380 149
346 111
356 302
156 21
124 389
231 150
78 340
84 375
74 291
303 339
109 185
197 423
227 152
378 287
239 246
224 22
395 140
133 321
274 288
174 397
80 237
118 157
147 34
103 53
324 238
225 265
255 421
91 52
143 39
172 214
118 395
236 83
367 201
236 211
321 410
178 400
217 128
389 364
161 324
416 317
394 211
152 219
203 75
104 178
114 275
225 231
73 293
146 272
64 381
53 384
361 63
354 411
24 313
345 17
41 164
167 5
375 151
224 410
226 327
420 172
5 215
402 339
78 380
181 403
331 66
357 96
390 114
339 246
260 254
263 300
250 429
304 28
150 360
270 208
257 261
379 94
308 184
3 386
134 16
359 298
343 120
226 137
66 135
382 325
221 48
28 41
47 165
331 30
95 171
237 352
2 20
278 143
203 114
99 337
391 290
38 305
242 263
12 308
397 226
36 21
274 64
61 153
228 224
15 322
395 85
77 229
104 355
371 306
301 302
46 262
425 83
137 237
345 410
377 145
40 413
165 313
309 59
298 369
282 313
261 80
397 171
309 333
358 250
42 229
385 88
61 380
170 31
20 348
273 397
325 312
213 61
28 92
381 326
31 233
42 124
313 271
294 25
174 55
107 215
283 62
135 344
12 138
207 32
56 50
261 380
195 44
273 222
397 224
118 427
290 421
383 6
262 81
292 6
135 398
54 418
31 188
165 304
325 204
168 213
253 428
426 280
42 269
73 271
326 23
101 19
15 55
286 276
135 148
115 269
116 168
90 408
188 87
283 84
290 21
129 376
282 125
226 156
227 298
427 123
154 98
403 168
152 259
276 119
406 390
221 354
390 310
166 411
230 19
327 90
301 26
36 153
151 262
309 377
392 306
332 116
236 305
116 221
134 392
339 372
185 130
129 408
273 294
389 73
145 286
424 17
144 31
169 127
125 310
74 87
19 238
203 255
113 151
46 79
113 217
283 131
180 412
371 285
276 330
357 421
19 184
270 424
214 271
122 338
152 195
425 3
266 31
257 378
181 135
290 127
185 143
90 364
125 31
52 234
193 241
58 44
424 327
38 209
168 159
379 319
187 207
322 23
237 411
233 251
379 355
210 396
69 299
330 26
162 381
259 187
25 149
230 19
46 267
227 214
259 10
365 16
216 90
300 24
334 365
107 283
291 316
82 359
18 244
217 12
28 47
198 52
195 427
70 74
97 297
287 355
306 55
203 354
145 335
210 49
271 316
164 132
35 245
61 314
59 277
325 86
156 93
137 184
352 39
90 20
335 376
207 44
1 243
231 407
148 11
26 418
327 22
120 194
99 13
79 419
123 403
75 278
67 44
294 251
83 383
270 250
162 310
127 425
123 357
402 270
367 261
259 97
282 378
291 214
391 202
203 84
175 278
194 74
154 321
325 69
107 427
319 269
307 278
97 429
38 69
270 404
329 361
334 15
309 28
228 103
229 1
19 403
111 46
310 98
199 38
166 305
35 317
406 342
165 73
341 202
142 14
10 303
374 176
150 87
203 377
22 2
211 41
237 154
348 379
251 117
416 417
254 22
137 231
363 302
136 107
336 277
383 178
413 160
353 395
246 126
343 268
389 386
141 30
372 321
408 194
8 395
14 94
416 150
324 182
284 31
121 191
140 336
368 385
67 292
351 145
250 97
412 210
53 385
239 424
109 50
21 378
15 34
43 263
17 366
277 300
229 398
61 369
137 262
157 203
124 78
348 373
174 163
415 59
381 57
316 60
107 336
9 383
203 51
50 219
249 326
351 49
127 412
250 264
244 406
37 200
55 217
405 61
380 391
120 164
280 6
223 219
174 231
173 209
114 222
260 363
380 182
411 78
426 64
174 240
40 43
272 94
260 247
155 43
41 107
206 154
374 261
372 118
63 377
160 9
2 419
204 382
171 185
292 429
248 298
239 121
340 343
214 170
161 201
45 34
307 250
187 251
82 392
202 406
339 361
247 341
183 22
126 187
39 250
186 120
118 425
240 28
171 24
31 331
58 337
198 364
158 384
19 72
346 220
310 89
413 127
429 166
410 387
352 20
40 109
139 157
366 378
17 107
234 309
271 291
217 39
59 207
255 77
111 172
129 420
260 374
379 92
110 360
311 295
379 350
236 350
339 172
298 188
111 364
68 214
226 117
85 117
323 340
26 266
344 154
256 7
360 38
98 40
230 241
167 12
423 402
361 332
406 62
352 350
426 252
134 55
368 219
171 94
391 29
359 305
15 18
311 374
318 241
246 118
52 413
130 45
385 323
209 195
385 131
115 381
383 81
268 154
299 271
248 93
299 10
397 313
290 111
257 178
351 73
295 235
56 257
112 274
151 320
39 106
284 415
319 70
66 157
223 365
427 303
290 129
146 258
12 6
368 268
183 290
173 310
357 62
400 40
335 121
359 206
59 46
191 210
115 256
199 171
24 29
306 314
157 22
142 168
289 342
268 304
35 273
18 392
334 417
2 239
370 193
15 261
239 205
41 186
294 72
189 317
100 328
201 89
182 175
89 42
88 356
178 384
199 195
346 104
182 347
175 384
373 190
215 15
227 88
200 353
159 222
241 258
120 274
179 134
20 267
175 369
193 186
323 225
380 73
161 395
252 335
349 195
357 135
209 417
222 242
340 381
296 413
42 415
258 221
381 110
320 389
49 346
145 204
141 95
276 134
60 361
301 409
126 229
376 168
49 168
409 221
381 275
205 256
93 295
309 44
404 199
265 285
115 409
59 88
337 168
221 396
99 93
208 57
154 224
202 155
36 255
106 143
30 194
68 324
73 374
131 272
209 415
386 189
307 358
307 98
324 238
23 365
294 176
351 210
76 219
36 15
362 327
41 429
55 114
373 185
385 415
4 174
7 310
51 364
187 411
91 424
4 26
121 13
210 304
222 118
94 90
394 26
417 6
287 304
119 64
321 336
49 324
342 55
204 226
418 223
207 79
50 43
367 171
55 147
45 277
264 400
199 62
425 19
67 116
322 185
179 214
91 227
370 265
114 145
61 102
200 267
13 250
310 379
253 364
358 130
44 26
101 243
87 358
94 153
44 416
170 222
33 93
281 402
357 394
379 418
328 150
88 341
399 397
290 55
165 219
184 41
77 284
116 163
213 210
315 89
196 317
144 61
409 424
33 336
222 412
157 120
132 245
31 363
212 154
250 209
205 4
250 281
121 198
276 166
407 423
254 6
310 397
66 289
225 99
28 279
343 185
398 45
429 262
240 211
248 60
253 285
325 335
398 16
103 244
181 81
237 268
86 117
68 152
238 125
83 265
403 425
20 205
302 19
299 374
63 117
4 148
234 328
53 202
177 155
16 190
235 85
290 154
201 358
138 9
53 220
106 289
48 126
64 349
406 195
126 301
144 129
19 377
289 71
149 298
226 426
59 293
81 348
279 281
109 416
122 424
39 60
283 348
18 179
100 424
373 225
295 87
186 147
296 46
217 277
176 275
273 234
401 353
415 250
37 94
70 420
88 108
50 203
289 68
381 388
324 157
184 189
76 369
335 371
247 385
218 423
230 61
60 201
246 45
284 282
401 353
105 321
293 155
95 152
55 308
373 378
36 127
399 111
328 138
315 408
93 365
401 155
259 293
189 75
338 43
190 142
228 294
33 91
281 127
76 335
268 19
116 303
407 86
246 305
56 393
116 148
329 349
135 158
213 323
65 383
198 87
95 425
214 389
349 65
349 424
233 187
13 181
60 419
266 138
127 154
102 243
301 1
162 269
420 207
424 317
160 26
404 254
21 188
47 369
252 395
363 317
152 208
69 44
30 167
181 157
321 282
232 25
115 226
126 105
4 121
255 425
146 229
83 428
416 129
201 71
94 396
388 245
175 289
288 204
288 39
193 179
154 424
37 268
54 162
206 57
282 31
314 260
92 396
259 78
95 30
148 188
425 368
265 3
60 123
207 348
424 232
359 410
227 395
81 113
390 119
2 75
149 315
335 73
282 426
150 376
288 131
397 116
331 232
119 391
188 158
142 15
389 333
424 19
299 75
131 92
194 394
166 175
280 333
248 132
329 230
340 20
360 140
136 95
205 87
318 392
77 30
239 36
362 66
317 64
402 280
155 428
245 154
7 95
57 87
59 386
316 231
238 80
371 373
174 146
292 62
370 368
353 12
237 118
77 124
15 49
236 2
310 51
155 316
407 212
402 298
1 288
100 71
200 303
15 373
281 139
267 54
78 23
65 147
403 270
250 22
338 251
164 222
239 50
199 283
22 68
116 143
429 186
342 302
33 119
415 172
218 39
82 241
103 228
47 76
330 296
359 238
379 94
30 188
143 62
41 427
391 156
140 390
342 52
95 207
170 80
378 388
118 30
32 220
257 340
128 157
206 57
228 155
412 257
176 388
318 216
385 112
205 95
72 379
146 166
156 149
78 105
369 195
396 233
247 224
143 207
213 181
97 11
335 79
101 343
37 251
130 421
363 334
348 267
116 65
266 271
46 343
208 247
371 175
50 188
398 25
395 14
205 62
287 372
402 387
286 10
41 415
263 403
152 182
74 100
79 339
370 124
252 149
203 193
323 252
214 124
276 12
399 313
335 256
255 307
46 111
149 87
358 412
322 342
426 395
12 75
137 215
31 389
363 233
414 89
317 31
45 425
42 14
308 209
103 133
87 148
77 68
67 267
312 222
180 308
20 24
382 157
238 245
378 171
310 195
92 197
226 136
192 100
412 70
309 85
36 228
65 112
295 132
211 178
186 390
318 205
247 271
194 55
348 142
59 229
170 150
425 395
119 21
327 101
352 39
18 387
266 82
331 394
46 113
404 231
335 292
269 152
395 33
207 314
8 98
375 177
80 370
404 198
223 301
131 146
340 148
103 9
63 267
235 108
379 209
339 117
334 178
269 299
43 308
16 50
238 223
226 317
164 200
86 219
334 49
364 77
197 38
85 259
304 320
199 86
361 108
35 265
118 303
397 161
14 245
210 251
39 269
401 35
301 319
253 205
367 188
114 396
58 199
225 194
351 424
112 115
364 146
213 315
282 13
46 295
257 88
379 128
356 350
162 61
239 248
265 176
6 212
405 325
243 33
89 164
27 200
111 224
345 323
109 197
335 416
325 425
74 107
123 263
27 118
323 98
365 420
106 203
202 81
98 15
114 186
11 402
218 122
29 395
277 137
425 16
385 320
11 30
426 395
125 285
83 18
382 280
8 320
53 43
401 150
57 347
168 68
319 218
22 181
184 298
150 179
313 106
331 156
397 327
122 92
15 37
109 229
317 378
119 202
253 352
185 310
269 352
210 421
403 64
5 157
361 154
168 78
259 69
66 226
395 20
317 242
319 258
41 39
40 159
240 292
344 424
5 16
180 47
269 153
110 273
309 42
427 47
381 256
115 279
315 342
299 202
154 188
293 27
226 165
185 298
27 361
293 294
377 43
340 216
28 21
60 169
324 57
48 108
145 424
386 30
336 88
65 322
108 190
348 333
354 365
35 213
130 327
77 202
250 292
229 270
184 230
426 73
277 104
218 271
60 80
10 148
144 331
255 166
82 421
90 279
26 303
408 185
212 317
219 32
180 280
134 196
80 130
269 356
66 319
197 126
231 206
106 208
369 193
373 283
17 34
394 304
169 373
59 213
260 110
78 272
389 211
301 39
174 140
227 239
291 423
197 92
32 135
299 233
161 76
86 10
371 313
314 110
256 205
322 348
315 232
24 274
14 324
146 20
296 372
91 419
199 121
343 63
88 46
296 248
121 214
258 62
97 404
4 185
179 325
366 326
128 222
4 403
116 149
255 244
353 345
66 384
298 408
18 386
24 146
204 144
359 294
38 289
268 41
306 280
199 242
176 159
34 179
394 411
160 219
58 346
396 123
300 265
102 150
221 387
295 424
102 58
122 401
346 389
13 55
72 211
297 248
202 163
259 166
407 252
384 297
168 350
420 300
18 354
21 238
311 315
66 245
372 187
217 121
408 229
176 51
272 43
131 306
38 389
42 277
44 258
145 211
11 135
344 29
59 364
266 202
249 164
18 25
350 234
145 162
295 320
45 399
195 175
275 233
396 316
342 11
144 57
54 416
24 397
15 344
164 114
117 413
277 134
270 198
200 414
192 65
305 236
34 70
410 308
135 209
27 310
52 3
366 368
418 223
168 4
399 332
117 86
148 393
52 417
423 251
401 185
148 276
253 181
179 233
321 146
275 347
26 326
349 225
264 171
280 3
174 249
167 123
168 314
348 219
301 342
303 272
359 21
381 183
35 392
248 355
370 93
106 396
252 25
24 348
195 303
183 201
122 349
323 289
66 242
341 366
416 47
42 345
67 255
360 363
217 179
289 157
104 394
385 188
251 408
369 279
281 122
312 236
304 39
357 369
113 101
139 99
147 180
276 47
5 40
242 221
218 101
210 154
327 166
175 411
406 114
93 91
235 404
326 371
13 86
144 387
187 282
56 166
32 165
45 36
204 287
89 254
220 131
240 118
129 414
361 106
98 24
196 166
260 354
107 273
10 250
230 29
102 119
28 395
116 72
263 152
191 184
238 411
315 48
361 14
295 125
381 392
148 147
390 407
71 68
83 343
150 146
204 85
97 64
312 212
398 146
196 159
329 4
402 214
313 166
61 178
290 12
403 8
421 363
248 324
263 330
70 246
308 274
163 404
337 45
19 305
190 214
297 352
50 269
136 196
6 29
206 295
41 12
136 294
208 383
188 303
116 258
119 424
364 114
398 271
159 250
409 181
296 109
103 346
210 239
374 48
100 412
176 402
424 311
266 202
97 25
75 212
115 27
39 49
140 270
152 298
90 393
50 385
72 414
134 282
223 78
329 156
323 75
128 317
218 394
351 314
251 258
359 198
284 397
246 257
70 397
387 159
361 269
115 3
254 81
117 309
421 279
35 314
186 425
201 404
222 384
121 43
212 312
240 329
113 318
156 182
285 113
341 49
382 288
314 39
368 263
347 359
112 382
243 298
377 276
272 169
63 225
44 275
108 116
7 220
4 162
401 121
107 145
3 321
3 149
359 371
411 110
133 94
62 209
391 271
55 66
272 118
290 148
225 230
96 231
282 361
225 254
314 331
231 316
56 234
35 247
8 17
356 140
372 250
348 333
353 236
231 28
186 353
175 410
416 270
44 268
34 101
92 348
2 323
234 319
389 102
137 229
380 63
368 322
146 120
58 69
188 288
97 373
44 271
186 30
374 62
298 407
162 222
325 425
377 392
315 169
326 284
397 276
179 169
168 324
288 225
393 308
345 60
84 221
163 102
251 369
163 381
347 324
173 75
152 121
299 289
195 153
257 303
332 258
41 59
378 98
22 256
275 343
339 67
77 11
317 278
6 268
28 162
273 365
313 226
234 16
86 262
168 175
135 332
3 9
391 213
106 245
39 381
159 210
280 68
53 429
345 58
267 206
52 372
141 197
169 374
212 87
39 380
261 174
115 96
182 338
308 120
154 179
333 145
388 183
45 273
182 222
330 281
427 214
224 138
410 392
345 193
49 383
405 142
127 90
70 141
261 210
261 414
221 164
391 12
180 6
284 361
227 17
46 225
230 102
195 210
64 110
402 374
64 210
348 190
300 250
331 131
292 424
377 83
158 338
94 170
176 377
102 402
226 409
30 26
81 225
68 406
334 303
183 397
83 363
420 215
183 154
178 307
148 125
389 138
295 315
308 303
95 242
109 320
221 138
178 134
195 245
110 362
118 292
162 201
58 414
248 240
138 426
117 118
383 338
256 249
223 396
384 317
41 63
207 261
34 384
227 228
32 336
422 150
31 155
183 88
139 1
160 110
259 109
227 213
17 315
294 72
281 248
388 321
311 427
414 344
214 211
404 245
379 397
394 242
122 409
162 93
243 321
202 72
262 429
284 111
314 148
182 428
229 140
319 110
399 137
286 183
347 260
428 130
60 225
371 14
205 104
107 280
257 141
351 90
140 39
200 287
19 382
285 247
354 7
189 324
143 307
339 323
400 337
23 30
133 226
44 170
162 412
282 419
123 203
341 263
74 111
382 93
325 70
172 83
76 194
239 52
71 148
374 41
56 229
71 21
25 376
23 187
358 304
9 51
339 349
146 413
292 98
338 188
167 342
103 76
106 341
127 10
59 333
312 376
394 382
229 418
161 251
8 89
387 278
140 297
197 118
113 60
216 21
80 215
195 182
123 134
93 82
143 413
414 25
360 378
240 421
200 400
243 40
60 200
318 32
329 347
411 12
239 30
294 318
245 60
332 200
193 257
282 335
241 99
192 4
310 2
424 80
235 70
381 127
103 102
420 2
20 401
276 91
2 140
409 79
199 144
278 224
401 392
391 45
62 154
48 371
417 304
283 222
374 234
181 47
336 171
310 188
143 156
278 144
129 90
222 160
234 332
384 38
295 345
82 189
331 129
130 152
3 412
373 209
49 125
88 217
295 231
404 270
219 86
246 347
175 38
78 241
203 294
278 68
42 192
256 206
153 218
357 418
33 300
197 81
257 118
298 385
348 105
58 137
190 304
317 365
341 394
9 376
91 287
276 394
311 102
170 35
152 97
23 184
230 219
98 57
336 395
274 254
332 224
93 206
111 290
379 337
298 326
427 417
172 391
299 107
394 333
91 61
188 275
290 406
372 180
146 170
286 232
72 188
26 426
226 136
286 176
43 417
334 302
237 338
97 368
277 61
271 368
383 291
213 244
268 417
256 413
157 112
48 61
133 74
58 358
42 176
366 85
425 270
219 233
12 148
171 288
41 275
226 424
136 9
71 236
258 159
52 247
270 100
308 235
173 198
164 214
206 362
131 202
36 183
5 47
330 8
334 204
115 393
198 251
234 101
57 63
259 371
309 361
41 187
167 213
217 163
259 423
95 223
195 130
405 32
9 138
301 176
341 416
139 371
70 372
42 126
5 133
67 147
65 369
166 64
152 383
226 244
209 153
37 236
283 12
100 124
149 400
299 323
386 8
264 26
213 139
414 50
271 313
196 168
253 362
231 237
148 27
51 189
13 349
424 295
360 94
251 342
64 121
68 283
390 331
141 173
40 387
223 144
104 251
311 356
16 113
425 163
401 309
351 413
228 178
111 421
271 362
166 168
315 233
283 275
134 256
19 7
214 74
150 317
324 293
76 340
405 71
335 210
212 90
26 11
267 399
264 371
164 429
371 49
232 224
156 365
312 7
204 96
80 353
245 237
217 320
147 25
224 314
67 268
403 355
278 74
324 112
15 320
111 385
368 175
12 356
111 323
363 147
252 13
71 67
249 120
220 228
406 276
113 306
114 86
231 225
421 387
169 6
277 113
223 48
287 67
403 230
390 336
377 45
349 280
373 1
232 163
229 41
271 174
179 218
259 409
13 84
199 14
89 46
388 145
93 246
211 329
308 4
235 88
48 416
367 421
250 2
416 49
43 258
55 221
308 146
34 153
229 232
166 318
111 125
33 36
203 76
364 343
80 3
2 127
251 201
118 71
203 367
381 78
28 6
131 335
152 426
58 380
62 223
268 5
180 133
40 215
42 237
129 121
239 392
247 60
163 198
131 198
135 82
108 162
350 72
329 72
68 386
22 391
12 123
395 192
88 6
239 129
75 200
249 313
162 329
205 158
359 168
355 326
83 296
320 3
367 219
74 267
175 95
229 186
50 194
210 138
32 282
266 106
52 348
251 47
247 289
204 9
27 391
334 371
257 224
373 194
13 17
32 187
374 93
205 256
286 248
393 151
100 63
89 413
243 173
30 322
32 233
330 320
195 234
262 284
28 38
49 302
55 342
321 261
5 96
349 123
176 313
106 275
208 195
92 283
200 121
175 231
187 75
383 214
141 215
68 168
86 378
302 402
290 193
233 127
288 152
83 297
297 188
404 337
215 66
190 414
187 197
215 373
104 2
419 244
49 57
244 134
6 116
106 128
308 171
255 429
156 337
296 285
95 270
193 143
336 215
127 355
412 175
131 86
176 120
163 224
176 406
191 14
93 296
142 233
38 396
232 193
136 98
48 63
368 73
205 107
121 332
294 365
77 424
283 85
376 16
308 122
422 69
398 347
198 110
150 235
338 382
260 44
312 140
368 83
46 144
189 166
308 315
101 384
309 383
301 255
232 179
210 224
81 178
403 111
120 385
178 28
337 8
71 53
409 9
135 25
414 157
23 292
42 385
79 184
339 379
271 141
391 313
197 304
61 3
414 13
387 162
40 128
2 372
180 410
381 147
268 198
303 123
61 178
79 401
194 417
351 35
390 312
348 419
186 241
421 3
254 378
164 126
338 165
69 88
407 282
235 245
50 370
368 372
380 279
344 144
99 98
179 59
409 359
310 427
3 301
429 256
82 425
382 420
160 283
340 399
135 407
48 184
181 248
389 131
97 303
275 195
400 286
86 212
48 395
42 50
99 303
306 180
298 91
3 290
373 176
92 340
153 139
94 333
386 53
297 53
188 404
80 420
93 165
35 140
130 76
189 228
211 327
241 341
250 76
34 26
251 126
365 237
264 30
402 54
344 269
368 365
76 19
355 168
183 390
307 146
298 329
206 80
59 17
420 309
355 25
334 176
412 270
412 246
132 385
299 308
57 71
243 133
89 2
300 104
224 11
249 92
172 26
4 230
304 424
109 229
281 276
238 263
116 220
341 80
8 44
220 327
114 34
30 35
297 162
138 91
5 220
15 176
78 19
406 381
275 347
14 388
193 251
54 141
303 394
220 144
270 11
41 383
306 332
250 6
64 388
96 331
178 372
77 88
390 315
39 68
233 314
26 425
135 79
399 271
306 189
414 146
32 25
362 170
356 182
175 252
402 103
153 412
46 63
70 268
377 371
169 13
255 194
9 223
106 240
64 244
428 48
222 293
334 154
33 93
169 41
177 403
143 330
386 21
225 26
122 5
396 290
18 222
316 288
277 421
98 340
68 358
220 290
221 124
276 87
216 277
389 392
251 364
125 207
385 182
65 77
187 32
199 37
86 85
324 362
339 421
105 406
182 324
99 403
18 375
322 66
222 281
290 305
48 415
82 3
429 147
341 186
11 372
222 358
28 378
290 366
369 227
175 122
121 107
357 138
52 82
36 106
195 325
411 242
310 325
78 143
304 418
328 314
361 383
242 221
331 364
419 104
161 164
58 114
270 414
251 154
328 286
93 15
336 334
157 231
411 299
106 233
198 252
426 413
65 217
314 261
206 250
255 202
307 368
305 124
190 291
22 308
383 376
322 122
281 312
353 95
181 291
327 211
113 156
194 177
372 341
271 410
161 96
16 301
34 153
257 56
14 279
364 230
225 89
351 338
400 274
266 414
397 163
195 81
319 389
257 94
133 98
337 126
26 352
259 60
75 87
115 350
198 311
150 422
400 334
164 203
178 429
187 146
424 215
59 146
7 315
73 139
246 409
264 271
164 94
163 71
13 278
420 210
159 403
35 391
307 198
427 317
30 17
295 25
231 353
3 237
72 75
375 150
316 43
253 312
398 416
382 410
264 206
190 422
179 224
217 318
255 214
205 284
230 333
141 32
256 406
268 160
313 47
309 200
89 133
82 319
119 297
299 215
73 321
207 84
377 256
234 202
40 271
319 270
174 292
134 1
268 234
422 152
280 302
184 201
5 98
90 385
394 221
170 299
374 209
215 322
36 19
94 75
290 245
177 34
108 310
296 375
115 289
359 394
423 375
428 427
44 350
215 270
142 384
140 86
163 187
240 198
206 334
106 66
149 282
361 89
425 61
297 110
349 226
336 175
172 334
172 48
88 219
317 229
173 289
147 168
47 387
199 252
124 304
150 105
418 343
27 413
403 323
355 155
119 262
329 123
428 333
170 86
122 320
147 294
179 127
295 58
346 64
309 302
200 291
406 21
205 3
5 178
158 359
333 110
24 65
232 285
398 235
370 90
387 350
217 136
47 82
194 392
407 335
264 10
197 73
30 234
338 34
411 66
226 147
175 82
212 240
366 180
307 140
102 264
60 318
232 106
232 258
330 42
164 426
51 193
69 81
259 239
376 240
305 5
220 312
87 2
384 23
14 261
162 377
95 54
99 160
159 330
417 321
205 413
317 255
9 386
168 267
28 115
340 165
119 130
48 38
393 2
323 239
96 317
186 23
371 284
182 362
18 170
254 222
415 141
309 424
359 310
261 387
424 171
122 375
300 2
246 96
266 139
334 361
26 91
383 396
374 398
329 224
400 415
278 385
126 158
379 318
38 211
275 294
214 229
72 85
231 317
180 67
26 347
260 314
8 46
280 214
14 12
9 246
426 286
202 385
276 151
273 146
194 118
10 408
179 82
63 409
231 75
308 90
421 400
403 261
17 86
308 292
98 316
109 356
5 143
311 114
293 154
259 58
104 269
36 283
183 360
95 413
267 236
73 92
206 308
352 55
394 230
347 62
378 288
417 216
1 132
329 126
