899 1114
543 472
758 796
342 829
654 208
718 424
414 356
154 342
374 829
555 161
126 735
636 193
425 409
630 334
857 619
804 436
382 447
812 240
249 159
170 3
366 792
331 685
153 484
127 431
414 586
591 539
422 232
636 751
641 272
186 598
890 90
39 372
441 755
517 689
14 591
692 285
388 28
70 540
512 101
72 830
686 567
469 113
799 110
864 445
381 55
48 372
49 87
648 394
746 265
184 665
855 780
50 343
807 24
788 324
124 764
254 714
431 627
827 235
642 696
679 123
655 727
399 608
718 148
102 469
317 190
234 273
70 283
520 877
211 313
206 334
177 460
54 513
92 785
747 733
581 432
761 241
164 260
753 786
312 759
355 629
50 589
2 119
776 426
1 88
739 112
326 820
476 284
433 567
169 186
306 654
522 167
894 685
331 652
476 643
512 735
372 466
424 373
489 206
703 490
198 447
506 428
368 82
712 800
553 880
86 858
635 512
125 534
297 361
287 677
104 703
513 475
269 841
752 757
147 555
252 249
103 757
677 375
838 489
275 492
469 266
355 109
777 385
643 80
745 834
756 848
637 274
423 6
216 275
762 267
734 115
516 836
776 293
216 715
781 491
212 255
661 566
269 443
855 12
522 700
845 284
648 487
462 76
492 677
350 259
45 185
278 465
26 155
757 242
774 543
637 86
702 303
556 71
745 417
886 273
217 736
461 770
323 23
845 814
605 201
174 554
290 356
119 220
510 780
366 384
328 103
374 130
310 835
106 156
352 92
333 473
828 793
343 156
720 194
71 425
299 149
79 588
504 102
807 20
881 179
403 309
186 682
344 496
522 354
556 873
445 888
351 278
686 599
339 506
792 409
32 191
462 15
683 870
117 495
889 3
673 298
312 859
884 560
360 506
14 16
384 363
4 734
546 689
433 884
200 230
298 231
325 759
151 13
634 267
508 529
269 186
826 485
50 715
50 409
321 63
424 704
331 332
443 876
121 781
860 321
111 258
456 341
22 511
353 560
777 765
189 52
856 20
441 6
734 491
415 60
458 838
763 788
271 212
764 296
93 629
521 108
791 882
353 812
493 611
378 276
476 566
232 432
491 577
343 325
168 757
385 531
600 153
419 870
364 189
172 361
817 597
469 709
579 726
526 78
437 808
353 818
475 489
350 66
166 597
295 239
454 584
769 155
737 193
30 106
381 106
372 204
703 745
817 287
571 348
364 109
257 621
27 731
210 281
701 376
878 96
519 432
585 388
491 422
580 521
432 866
626 803
170 334
648 87
621 320
434 85
333 595
706 359
331 820
639 132
201 522
133 719
55 717
112 450
144 692
875 480
658 507
384 732
840 37
723 561
261 162
551 593
757 262
856 188
182 501
225 288
123 262
107 82
79 219
532 127
815 507
606 478
114 894
310 859
836 133
520 197
199 76
695 56
337 556
149 424
157 373
711 280
634 722
361 617
845 797
743 760
310 449
338 328
349 552
287 285
589 712
386 788
787 86
748 130
642 896
553 703
274 269
83 8
91 349
624 37
151 372
701 460
726 45
788 175
501 80
364 191
791 749
883 584
740 636
618 387
633 176
190 7
444 178
819 439
526 543
380 581
820 87
142 646
131 834
820 536
14 284
726 710
38 614
299 682
351 821
169 888
97 359
799 445
536 718
788 67
267 174
647 187
260 693
737 295
627 657
830 546
845 562
261 787
181 464
570 436
385 738
329 481
102 229
830 542
851 718
608 123
796 261
214 156
54 51
355 586
612 286
232 462
752 492
350 33
860 824
374 345
567 702
730 669
835 660
311 787
383 824
814 280
185 129
435 238
179 695
823 791
885 60
353 737
456 607
674 416
531 148
760 104
755 590
772 690
255 88
577 638
12 492
18 101
525 357
339 703
152 167
499 137
227 757
778 587
464 458
104 1
605 863
9 460
459 780
156 713
772 732
451 689
229 373
789 753
730 133
462 786
300 865
828 431
722 706
118 192
169 221
97 679
90 105
144 548
789 299
266 661
37 717
355 265
95 245
24 824
282 485
711 581
450 544
17 178
255 40
369 424
260 370
203 254
474 346
706 268
645 73
29 681
694 289
850 788
438 873
618 719
363 334
306 718
877 322
895 232
361 269
655 526
543 762
684 117
209 491
384 758
468 317
539 262
510 394
55 48
273 672
767 635
11 173
358 887
494 258
125 760
431 779
386 74
547 170
95 755
565 478
518 133
700 62
299 310
455 259
358 727
835 130
368 846
302 725
738 700
84 862
560 514
647 850
493 294
26 587
54 590
71 571
628 770
632 831
85 92
95 347
724 31
476 192
781 777
17 619
578 5
582 143
424 329
94 17
622 119
603 675
613 673
251 341
448 787
178 533
878 272
784 607
207 361
798 88
143 720
707 625
724 389
768 153
717 861
169 344
884 772
24 597
450 274
843 898
161 121
436 44
297 320
651 504
585 454
591 633
274 398
358 4
786 226
156 508
187 325
851 171
102 874
673 456
153 616
454 218
736 794
167 38
120 722
541 609
276 233
342 550
630 700
458 422
26 613
834 118
842 786
193 848
665 865
405 723
581 763
41 322
563 207
360 682
29 805
391 305
138 638
759 673
438 317
100 368
834 34
485 682
724 678
630 395
548 135
218 135
803 163
456 466
370 720
153 303
626 543
512 668
281 276
346 623
497 445
92 432
384 481
214 208
259 748
507 712
788 724
846 691
887 307
162 262
128 314
469 658
761 82
331 48
357 677
670 759
127 761
291 510
343 409
623 506
162 135
318 50
859 169
740 751
476 2
18 508
220 486
171 82
472 501
129 734
183 798
593 310
565 788
724 812
297 352
418 363
487 641
413 446
809 253
202 290
160 124
797 379
609 68
460 182
474 493
820 656
392 513
66 57
401 695
868 602
147 291
65 633
836 477
84 651
635 285
41 699
408 743
83 23
715 448
109 289
41 29
46 337
446 16
393 846
710 266
453 762
462 422
495 398
804 579
149 444
768 190
148 182
837 230
109 652
582 217
42 623
150 891
864 595
811 263
446 527
528 803
389 90
230 883
393 134
467 541
577 241
635 724
422 572
859 530
230 541
651 271
169 705
167 134
305 78
396 655
604 828
463 93
823 692
881 316
826 353
761 408
593 402
138 115
878 97
549 208
542 205
478 711
10 549
749 219
627 150
873 331
882 341
329 805
134 215
126 864
567 792
372 261
294 509
280 272
510 829
480 153
39 862
863 49
512 617
172 239
766 51
474 748
391 707
559 429
22 589
393 494
481 765
754 679
279 134
52 789
867 436
42 7
398 809
859 814
526 131
58 297
181 437
50 477
244 608
6 171
298 399
664 683
169 518
463 447
556 419
241 524
854 282
530 257
96 489
77 526
524 134
822 610
570 777
187 719
485 97
889 687
400 558
376 473
176 838
825 636
262 166
260 216
353 694
377 448
188 453
75 712
587 801
422 162
678 513
880 169
609 774
760 15
432 236
487 512
79 412
249 340
578 413
460 31
208 837
383 395
295 362
207 786
264 533
49 42
146 833
115 660
708 875
674 145
211 261
657 290
673 6
534 256
323 95
191 530
836 573
830 136
840 42
23 204
575 875
150 625
713 265
385 426
240 159
571 355
325 328
549 3
238 184
258 560
183 448
96 24
26 159
865 871
86 74
451 61
224 177
679 393
561 205
537 625
775 796
50 203
446 52
345 534
214 6
716 566
6 739
591 31
802 462
806 888
440 358
853 568
534 632
61 100
837 502
724 712
399 678
820 749
634 265
383 847
270 104
513 275
747 110
210 649
476 22
542 16
379 496
584 817
228 549
821 70
57 551
782 455
329 607
209 64
871 496
815 147
599 429
326 351
443 441
5 19
462 547
34 745
48 522
567 275
172 393
250 228
44 37
587 278
643 700
341 519
296 161
665 799
494 896
155 37
342 159
55 803
610 893
553 657
420 125
837 496
517 187
723 561
223 315
743 770
20 184
389 315
249 60
119 743
56 273
779 397
337 739
205 47
637 662
704 157
691 641
653 308
732 381
773 55
601 616
824 620
704 218
840 858
277 59
701 237
237 580
538 573
324 647
619 61
314 328
218 105
69 870
318 800
256 96
759 856
617 588
577 421
806 517
379 88
480 85
325 716
570 767
389 893
515 14
55 828
341 177
838 315
147 256
120 402
351 784
264 68
472 840
394 283
457 677
371 841
667 600
658 337
467 52
330 886
869 289
815 216
465 658
435 516
14 554
823 269
343 187
242 815
32 635
103 393
317 473
334 84
78 92
325 450
49 655
436 18
848 256
138 319
14 572
834 27
132 662
201 474
848 442
294 879
82 397
372 398
774 611
387 852
702 711
402 655
371 837
578 320
194 715
638 112
388 477
139 519
240 244
897 93
685 292
877 766
688 254
169 562
864 555
419 572
272 820
327 547
663 809
866 761
625 509
872 18
891 16
441 136
259 438
133 44
729 110
714 517
269 883
85 233
443 503
804 714
329 137
362 92
46 233
852 575
647 729
592 543
745 133
678 104
571 715
53 305
825 766
727 194
654 811
331 198
319 236
816 647
277 183
643 227
321 500
802 872
330 494
515 80
532 198
88 108
13 140
412 742
811 144
840 565
55 272
762 279
412 584
26 688
766 669
15 92
269 721
64 503
221 483
582 657
680 670
764 598
714 181
440 625
325 381
196 284
557 862
562 69
546 493
756 318
167 675
409 340
402 473
843 622
56 430
379 641
200 148
339 819
328 683
544 557
69 644
746 625
607 408
693 158
805 454
475 72
135 884
412 536
362 260
163 322
689 541
63 794
688 306
713 21
894 262
483 867
7 329
593 518
641 291
675 547
650 251
618 784
140 35
420 406
294 582
727 888
128 695
782 720
6 500
645 899
761 228
867 672
556 465
195 203
660 870
749 410
126 372
294 265
407 618
670 605
205 402
498 332
197 380
57 203
784 702
107 646
30 878
323 491
443 518
693 204
393 447
613 518
818 812
782 230
530 457
740 735
858 338
72 61
718 129
263 602
830 369
253 764
348 481
260 695
4 857
