999 4958
520 493
498 110
616 860
217 770
750 220
174 818
878 636
972 982
171 611
613 221
420 654
315 299
571 852
537 729
337 151
995 576
643 493
685 259
72 620
747 821
840 921
358 437
557 331
419 446
660 750
666 80
404 699
97 693
551 353
141 607
503 136
183 146
347 586
123 418
924 869
957 483
509 35
919 784
365 57
230 743
807 614
542 211
33 638
623 583
990 763
908 493
899 91
357 246
395 198
383 320
786 59
802 295
93 441
798 176
497 746
919 304
80 461
234 112
817 856
413 808
338 322
20 237
412 96
202 807
293 303
845 797
361 647
811 173
88 609
67 585
74 985
607 153
165 559
264 982
134 677
509 472
998 528
427 129
623 628
654 635
649 499
432 729
865 961
901 952
570 967
256 363
672 582
515 836
859 498
537 993
893 46
184 610
574 610
457 915
957 112
269 606
329 420
335 194
381 236
147 670
922 121
33 594
702 266
149 562
763 405
274 375
450 457
984 742
67 442
377 24
272 645
349 600
783 683
794 165
638 659
834 560
779 585
872 201
850 739
481 333
144 754
707 313
929 692
773 714
852 150
457 124
514 805
723 16
488 236
180 844
894 732
123 393
317 713
312 886
453 792
219 315
265 644
346 912
336 120
626 906
987 801
748 220
606 472
236 813
426 134
657 40
866 499
432 901
212 462
787 664
972 724
698 237
369 44
867 423
881 212
330 588
14 78
807 619
268 761
151 413
895 527
452 480
26 883
100 237
345 606
620 317
330 318
272 417
80 857
840 680
69 888
268 82
684 793
420 671
555 289
84 169
815 535
367 840
137 466
796 200
72 416
235 121
452 225
537 531
82 96
211 868
983 478
950 387
990 89
58 545
377 859
432 193
113 798
751 249
982 547
448 773
681 682
612 133
906 867
664 706
963 593
574 665
790 243
52 780
331 827
44 427
405 194
619 517
710 89
765 692
355 931
184 36
332 795
169 238
663 551
662 345
144 237
10 652
479 780
151 529
326 194
955 731
387 293
248 97
100 732
508 454
663 410
490 995
206 658
951 587
209 333
931 71
569 659
442 766
439 592
14 484
786 968
215 891
979 181
707 80
631 215
533 295
624 741
9 548
399 678
853 326
11 784
116 298
163 557
783 320
149 796
803 934
484 18
545 463
917 252
261 548
466 513
561 808
254 288
357 653
966 210
697 695
713 812
712 594
88 495
913 237
10 717
889 493
453 434
675 370
685 935
637 869
448 198
397 421
486 753
74 171
681 489
584 113
21 296
706 108
509 339
344 238
56 952
730 227
386 124
316 790
60 952
378 226
150 774
646 354
246 438
524 646
646 827
758 666
841 184
773 351
241 836
307 296
788 37
241 892
879 556
682 938
508 779
882 377
553 248
730 799
685 973
164 50
800 921
715 641
823 208
710 64
44 735
78 550
491 319
442 370
593 843
27 102
622 908
197 893
874 645
411 560
618 574
609 137
215 44
497 38
251 925
820 13
661 897
562 152
934 4
521 528
565 266
348 187
174 263
799 49
907 210
327 245
784 654
381 717
416 596
754 666
522 293
678 901
191 240
771 843
962 11
371 527
276 437
433 168
699 232
934 607
441 261
851 943
634 950
660 768
547 134
435 787
426 831
407 335
790 178
179 752
188 268
997 463
424 430
630 123
661 565
448 821
544 18
483 896
968 862
665 234
995 818
739 140
649 146
194 439
323 91
909 510
358 907
972 781
56 321
623 717
604 71
257 149
89 739
763 775
601 428
9 315
246 747
174 614
892 367
771 933
457 400
443 533
307 134
34 362
173 656
797 777
726 54
644 533
512 407
308 831
554 35
865 518
781 39
850 392
124 622
44 299
22 486
831 47
338 864
127 511
520 643
7 965
696 650
498 926
775 525
758 329
559 623
566 60
380 416
170 503
756 214
520 777
699 351
542 756
934 388
985 173
31 991
856 445
360 74
372 135
598 848
183 157
190 467
216 569
882 105
790 639
318 310
135 735
379 396
491 32
783 476
923 813
186 779
258 545
852 348
680 450
196 581
326 104
48 260
672 648
364 181
6 681
490 141
417 588
255 626
619 38
821 542
569 7
41 545
552 892
612 950
62 526
531 106
630 297
365 302
944 729
483 950
129 691
809 264
279 64
890 617
819 430
159 107
436 199
651 987
810 263
656 871
789 905
976 419
202 60
439 865
507 640
815 355
332 343
618 329
125 227
945 943
656 823
50 93
22 419
798 550
401 455
140 190
79 834
327 281
894 484
864 120
125 398
474 175
740 93
222 864
38 168
526 694
990 294
505 730
712 22
999 113
195 139
21 274
973 66
273 586
550 137
705 393
534 898
286 274
990 507
856 28
674 101
440 383
394 663
832 824
685 831
656 879
688 395
871 380
461 144
684 729
280 390
840 813
7 126
805 996
632 661
742 26
761 901
127 873
564 677
417 967
508 73
566 915
186 437
295 646
581 979
94 579
88 933
112 94
59 916
808 410
297 269
435 776
170 280
650 453
957 785
420 184
857 985
99 43
423 113
408 722
810 501
301 616
154 131
428 212
48 236
621 344
504 774
838 393
773 207
845 730
991 265
913 848
969 731
610 392
843 736
832 372
237 851
987 390
982 415
321 748
650 660
92 872
154 648
983 926
855 828
656 846
812 288
414 781
19 24
891 580
759 442
951 714
293 938
823 275
353 144
741 721
522 832
313 675
200 296
601 55
843 975
900 374
264 314
155 1
56 764
581 814
206 532
248 217
190 71
211 261
932 951
982 454
503 14
848 702
309 168
756 870
144 656
244 126
689 117
844 744
599 425
559 804
676 525
740 584
595 950
844 246
901 826
418 404
558 266
106 867
153 861
456 15
237 700
140 925
535 702
669 135
128 946
657 522
471 397
106 66
347 668
30 967
214 448
371 771
713 477
357 865
57 813
879 12
232 737
936 766
440 325
619 286
271 995
526 742
392 350
526 458
18 556
425 231
722 514
3 154
709 359
20 766
890 617
777 122
74 433
607 232
757 944
236 28
939 761
488 51
111 733
227 846
8 651
78 729
883 80
882 593
157 620
359 48
956 854
887 748
287 494
979 762
439 933
509 97
694 996
147 523
448 373
369 455
742 446
902 626
244 504
219 120
124 296
885 798
868 772
546 874
267 244
636 424
895 145
520 589
860 386
830 27
477 918
201 938
83 103
283 327
606 220
165 449
515 50
965 102
540 512
975 525
474 612
948 370
475 188
677 54
292 227
81 768
145 281
425 227
102 707
272 427
926 436
875 441
204 840
262 744
71 237
269 264
567 936
352 761
124 29
814 134
255 613
620 118
612 46
345 433
752 616
859 679
771 453
838 974
12 100
437 801
56 706
65 622
642 135
383 484
163 916
617 137
248 237
254 579
1 317
12 753
933 870
151 704
42 707
397 53
807 834
572 581
540 636
203 900
770 305
384 652
939 719
507 187
674 479
484 675
796 495
147 448
84 297
152 125
4 267
896 529
101 468
110 359
823 32
977 312
336 80
682 993
798 189
898 192
387 383
585 183
877 731
630 680
28 500
523 749
766 419
279 586
606 107
663 429
138 360
459 192
439 142
903 956
49 802
148 435
185 732
617 780
463 965
460 209
465 983
676 950
121 673
255 726
780 636
873 636
995 333
547 435
474 450
391 522
252 257
957 155
707 293
654 170
259 832
97 442
534 491
111 655
165 365
100 663
2 973
299 996
306 845
150 498
15 540
20 984
515 695
140 222
707 793
110 965
625 924
126 160
416 237
533 580
320 632
243 40
324 541
755 629
106 904
845 838
164 865
822 678
279 680
900 985
192 728
669 817
653 514
695 69
750 946
648 788
297 890
828 621
150 583
968 973
487 814
811 369
398 353
48 676
33 666
381 225
394 50
760 765
563 174
833 32
120 481
820 135
90 367
755 958
949 724
650 155
257 181
524 654
533 290
49 565
674 429
508 786
198 268
552 479
160 385
511 997
585 50
133 393
416 887
70 84
330 720
238 586
900 480
958 433
488 726
716 162
873 225
948 71
211 219
550 371
322 779
368 625
828 219
19 244
107 88
327 155
807 283
460 707
482 137
858 969
862 575
132 736
518 798
806 447
735 75
536 57
853 623
682 681
841 419
643 947
506 688
821 33
690 281
458 172
417 36
141 280
329 990
734 846
507 540
293 242
334 548
18 187
171 418
587 12
836 230
678 61
637 499
811 327
779 988
498 196
24 357
194 352
67 927
916 573
187 927
534 239
475 270
425 645
687 730
657 242
679 335
21 316
833 832
361 331
820 858
245 843
933 158
913 999
85 829
292 989
756 544
228 950
532 372
595 937
102 970
179 780
24 199
814 575
749 175
905 569
751 869
131 685
27 762
403 829
591 413
819 67
675 765
735 207
137 49
144 957
20 41
456 43
240 271
337 707
445 242
277 197
829 126
600 855
888 3
685 198
135 504
982 809
987 717
17 843
766 878
800 504
919 256
265 877
245 601
584 690
562 579
605 391
705 205
247 312
925 931
228 60
154 929
588 859
365 604
702 849
482 502
353 120
477 337
996 721
656 300
130 218
878 453
328 302
657 293
332 302
942 560
80 814
489 667
673 572
989 376
422 472
596 493
310 73
829 307
513 486
606 361
422 203
814 468
505 190
760 836
491 702
115 290
516 322
956 190
894 946
565 35
137 161
527 446
952 76
471 184
280 795
544 701
998 358
170 222
548 648
58 757
351 891
765 866
213 722
774 107
387 58
859 242
937 387
687 889
462 877
73 460
391 335
879 389
693 767
329 959
416 106
435 766
996 201
351 209
641 844
35 28
901 893
269 838
998 674
446 179
551 237
638 661
572 518
768 983
285 98
661 700
203 96
185 917
15 255
126 655
99 878
682 718
491 669
276 489
344 440
668 613
677 25
274 967
261 43
669 546
858 330
964 779
144 868
696 159
123 540
532 939
419 933
376 628
602 651
117 664
92 503
996 487
247 270
173 507
31 560
53 607
608 736
386 751
604 82
628 445
622 161
103 759
94 478
387 414
848 222
79 658
725 75
863 690
63 36
197 812
595 968
419 203
704 805
672 27
605 301
190 227
180 292
985 991
488 91
405 336
313 483
712 756
557 575
446 339
610 642
151 923
610 569
844 33
93 517
777 698
536 966
643 434
976 348
425 184
438 829
519 469
313 950
225 588
525 670
926 136
32 77
777 641
365 622
393 457
857 170
873 112
137 236
545 831
583 969
15 739
798 253
209 829
203 152
137 727
822 63
581 572
858 359
213 223
699 324
398 275
494 990
386 349
226 649
180 527
618 195
984 135
447 911
683 649
64 819
95 604
881 676
176 458
753 107
399 171
431 797
445 924
506 549
991 450
198 171
695 534
84 679
668 530
591 351
897 373
170 992
976 770
387 870
228 858
976 627
29 126
143 192
768 367
740 759
816 656
930 511
190 14
908 576
263 499
646 160
590 534
870 285
23 975
155 251
833 132
596 580
975 457
771 744
823 230
503 358
885 433
868 793
166 495
370 428
713 734
306 303
268 895
588 291
870 742
260 423
592 855
3 568
31 774
312 853
4 533
211 608
685 797
401 850
292 489
996 5
223 21
27 210
915 614
500 505
356 759
646 667
333 648
235 363
141 265
934 863
516 863
471 201
379 590
769 389
80 765
113 21
786 139
230 420
752 448
643 826
207 289
493 258
937 446
339 796
429 991
659 945
573 848
864 951
439 634
341 237
399 453
257 903
310 206
43 62
653 685
887 579
974 100
555 630
264 894
426 693
885 804
357 178
652 221
129 809
854 188
46 972
359 22
875 668
227 636
448 598
322 336
177 15
154 732
644 417
345 788
110 948
311 185
126 963
406 973
772 260
161 537
232 239
558 826
625 503
462 74
101 502
128 996
516 281
447 878
697 510
386 526
458 696
710 303
378 834
276 869
95 436
406 45
393 963
589 19
466 52
92 285
272 219
999 788
218 165
385 633
674 489
159 851
186 588
154 282
422 429
151 235
583 556
280 695
519 587
713 703
357 523
707 629
741 425
136 958
590 520
310 982
728 469
833 632
775 705
913 915
852 65
151 436
620 149
131 858
735 562
280 93
85 986
440 544
131 575
221 720
813 530
702 541
717 255
173 492
959 805
127 812
869 995
966 208
144 815
784 597
377 65
408 180
769 847
723 899
141 943
338 673
473 759
932 909
14 106
401 972
629 246
503 498
241 469
424 384
3 209
700 379
991 826
558 760
674 999
379 533
942 435
206 135
194 139
44 207
962 163
898 591
409 120
807 649
589 231
752 591
158 452
689 149
278 965
628 670
965 7
922 626
441 846
479 354
984 241
560 665
123 177
974 531
297 781
898 604
731 650
913 888
820 602
38 817
287 665
206 970
390 128
315 549
974 794
902 677
753 182
62 875
77 36
125 373
536 24
976 267
392 890
873 213
211 910
748 497
294 953
467 683
800 501
951 493
14 572
170 766
472 949
642 549
985 766
921 240
508 617
506 900
226 98
831 436
9 579
652 21
251 837
423 769
338 374
262 351
664 432
836 137
100 197
685 85
681 325
43 190
941 267
808 885
365 639
41 373
936 692
112 905
248 534
675 305
907 936
374 291
87 210
427 187
125 112
989 806
436 33
995 97
299 522
981 382
879 740
473 815
151 585
439 399
119 832
422 745
769 795
36 574
724 462
479 848
292 469
654 727
220 368
542 237
889 243
619 768
982 92
302 134
676 460
251 514
292 672
259 779
186 13
354 628
474 832
477 765
20 849
211 957
936 472
195 544
714 532
32 415
342 52
267 737
511 517
251 522
907 228
301 812
240 373
440 713
924 635
197 943
204 126
620 140
597 814
402 30
65 433
445 406
485 711
143 714
947 393
236 573
620 256
385 578
628 544
10 552
897 206
215 101
332 834
958 647
367 361
677 431
512 122
836 715
551 698
430 498
809 384
72 149
639 175
726 986
718 736
538 616
941 471
435 991
305 394
358 390
473 35
820 984
874 376
700 425
792 848
642 601
950 432
749 590
606 476
295 44
212 551
378 871
23 812
582 46
206 939
436 397
692 974
382 566
350 800
709 142
648 70
462 317
501 211
625 826
686 919
869 616
471 247
207 212
59 788
257 983
446 692
99 138
386 480
703 454
998 131
315 365
201 776
682 701
986 307
246 392
227 115
726 416
80 932
627 857
439 602
559 884
14 657
740 399
856 162
852 854
293 167
220 493
942 901
912 648
926 159
40 153
991 484
287 790
417 913
647 574
516 924
178 529
581 917
646 437
80 498
11 91
665 230
583 326
849 214
973 775
91 731
647 801
216 933
591 632
566 956
924 800
880 102
48 180
738 693
336 536
191 346
626 574
294 927
619 143
141 592
636 950
324 283
751 258
935 342
608 501
17 532
20 896
353 67
76 91
478 130
626 387
475 252
680 768
179 299
910 38
609 266
987 932
548 457
908 202
517 516
421 533
49 440
148 401
225 942
210 702
72 835
90 547
805 488
34 702
786 663
739 395
928 446
47 476
621 954
678 139
471 99
390 238
258 538
357 482
480 566
903 270
401 711
816 924
199 569
626 984
232 84
98 160
248 144
635 869
817 32
8 288
849 116
525 107
653 600
307 851
166 210
122 285
920 656
209 837
225 553
821 456
636 919
615 884
781 969
472 598
719 479
604 568
313 847
393 966
447 419
536 612
628 376
896 268
33 823
105 975
376 645
151 731
283 484
615 64
453 87
381 891
284 984
178 315
832 571
281 997
989 536
610 336
911 225
603 662
49 427
638 143
72 507
873 354
990 207
136 163
12 516
54 14
220 231
329 770
520 328
767 228
863 96
283 775
321 604
156 88
31 512
948 820
19 541
892 10
747 29
172 478
263 943
491 201
892 819
970 132
866 457
359 729
552 360
223 872
964 379
678 713
890 627
534 909
168 426
637 633
173 527
111 436
470 321
636 81
858 326
212 724
782 290
454 334
649 395
925 332
492 603
46 383
948 579
11 834
723 366
187 896
892 297
332 362
336 686
442 195
12 373
637 512
662 809
846 30
205 771
362 696
93 407
797 42
985 526
594 427
891 780
323 783
796 373
863 132
60 25
45 789
397 682
302 777
491 866
806 414
637 168
111 448
574 626
208 278
153 802
705 762
582 28
546 378
401 128
229 179
152 273
686 267
673 706
44 883
572 850
297 927
736 126
376 311
752 583
588 623
104 12
385 686
758 649
782 159
777 729
56 647
721 741
633 394
167 676
277 738
245 293
666 981
418 760
11 888
343 317
230 447
329 334
851 87
982 352
963 478
82 19
844 802
478 477
914 363
871 910
102 117
203 767
816 339
527 826
946 588
143 176
753 471
509 323
276 211
675 239
407 475
975 251
995 173
446 628
535 318
538 636
153 459
122 968
517 367
794 463
674 936
357 146
127 585
469 402
514 862
360 920
56 335
890 51
226 55
678 761
372 935
116 524
113 956
211 629
42 5
810 434
660 168
580 786
471 767
906 984
629 266
623 684
320 232
453 264
287 849
25 377
503 859
620 616
534 830
963 294
835 774
728 214
660 308
999 131
75 624
115 422
609 737
824 928
688 995
192 974
844 935
70 67
513 689
401 765
520 364
59 74
138 786
287 797
812 5
927 886
628 760
27 237
217 850
883 904
845 794
597 409
448 666
475 960
356 875
725 594
239 502
386 96
289 672
892 101
676 539
706 23
299 732
978 515
583 861
138 147
374 734
555 821
401 748
500 475
342 943
787 581
446 173
395 453
844 6
272 239
544 977
979 562
429 957
795 730
538 933
876 911
386 151
452 505
898 951
979 241
895 766
540 60
657 934
512 501
939 783
458 203
480 438
764 908
114 559
638 651
211 233
563 597
383 15
102 1
684 800
959 579
285 499
357 942
152 868
162 809
371 339
12 850
776 494
758 889
54 115
541 982
347 822
298 449
555 400
449 239
918 408
537 203
625 893
863 776
481 26
304 851
83 316
701 858
809 178
466 581
292 725
283 357
266 580
805 820
979 972
778 616
99 34
538 723
645 401
218 126
145 522
695 227
556 115
803 84
292 270
665 302
713 947
659 979
246 183
518 944
156 296
560 972
48 98
696 693
499 632
537 362
154 233
589 428
347 111
512 358
380 177
378 94
842 37
791 806
938 309
750 812
605 311
784 652
127 199
64 344
831 601
706 703
552 14
132 617
124 643
974 504
538 353
316 99
108 107
904 764
415 655
576 738
684 80
110 810
278 173
155 109
492 579
812 44
592 662
661 715
305 635
937 561
706 971
659 533
796 563
297 930
936 873
668 339
952 777
150 948
669 23
58 161
601 588
923 911
250 584
345 273
937 283
833 644
972 492
177 769
773 473
699 429
65 86
767 735
863 635
684 251
657 460
130 976
48 53
606 16
636 951
7 574
952 839
936 924
50 831
693 541
23 111
969 88
197 737
541 778
91 225
29 467
684 158
162 450
929 768
465 565
719 471
857 671
29 512
314 78
62 8
619 85
118 307
890 33
762 431
810 853
375 557
320 59
434 481
228 363
249 411
646 686
601 223
76 629
734 390
426 796
116 45
599 951
70 208
984 832
638 794
685 731
352 723
509 785
204 736
866 172
147 512
576 747
734 652
96 188
42 521
702 875
284 301
826 353
508 810
185 864
324 869
315 394
592 823
897 515
559 763
405 424
275 980
890 728
632 985
915 392
506 617
267 789
636 812
142 144
341 46
726 664
633 41
776 944
863 392
459 141
155 863
284 149
562 174
595 195
159 510
305 664
845 572
172 481
103 32
343 443
77 69
826 710
828 321
654 410
713 831
270 867
413 553
734 974
726 329
887 884
838 193
267 402
483 438
882 585
469 225
28 265
13 572
974 840
893 347
968 606
896 238
192 309
790 926
2 516
255 889
119 812
82 385
214 564
541 815
867 729
40 613
993 52
186 686
610 79
751 579
684 366
816 875
674 326
520 394
841 494
283 960
306 83
64 238
365 324
53 232
771 811
845 764
581 749
169 192
827 638
489 230
4 24
823 396
349 344
789 191
837 791
869 861
592 651
99 676
974 870
907 745
681 471
228 262
220 115
172 765
471 660
994 474
684 818
588 751
880 378
941 717
887 529
578 198
899 395
873 265
500 338
664 970
284 926
909 399
816 393
869 196
107 63
598 643
650 349
523 746
10 240
633 538
536 550
437 930
423 30
914 922
86 297
612 369
223 521
486 758
632 75
953 738
137 551
381 505
899 903
252 627
861 603
884 116
153 40
765 576
69 398
217 872
694 828
960 636
68 446
394 700
239 347
438 94
616 538
599 234
160 569
861 740
172 464
855 44
503 339
338 291
736 554
163 431
383 123
67 450
288 460
868 526
525 26
620 859
563 937
811 441
506 672
181 396
854 755
439 358
94 495
648 830
50 529
261 432
371 327
600 658
505 469
902 748
494 522
607 775
178 418
216 683
809 397
798 663
152 955
739 963
451 106
793 500
635 54
650 6
99 250
382 322
437 284
70 930
525 395
424 702
532 640
105 60
37 902
722 906
857 181
869 308
286 382
526 920
154 176
644 253
145 26
293 581
310 363
231 834
476 654
255 8
13 359
67 767
261 508
673 837
688 262
145 692
643 390
332 796
565 975
767 428
2 61
728 30
142 677
582 336
50 836
344 63
914 129
829 893
636 222
730 43
483 594
454 844
983 785
359 267
760 845
695 480
624 423
228 484
818 809
819 867
365 881
929 279
11 478
172 365
699 902
127 900
215 580
463 198
365 821
183 843
385 877
324 9
19 270
492 555
80 31
423 163
911 71
441 640
548 331
6 247
951 850
865 166
430 328
82 513
868 265
356 253
860 398
262 598
668 472
153 466
502 294
628 133
365 787
772 912
118 777
878 70
627 743
953 775
72 754
288 939
19 644
910 597
760 172
913 428
363 67
612 583
360 958
715 724
745 488
356 582
983 234
370 611
976 323
105 766
77 393
424 813
755 335
130 234
225 43
381 587
109 992
171 188
951 885
630 415
92 985
996 76
937 85
405 633
127 509
118 203
620 542
735 94
876 583
328 819
625 708
407 453
700 296
359 370
899 988
504 991
693 500
67 630
304 471
981 430
979 100
351 319
641 86
412 236
387 739
55 13
447 180
465 866
194 823
954 94
530 458
85 223
677 151
572 980
340 272
410 38
371 760
356 730
565 768
965 951
507 739
682 673
637 147
258 831
688 212
924 937
670 727
878 66
596 169
46 935
441 174
972 811
652 329
261 217
815 944
887 322
402 569
713 40
435 970
589 841
183 232
778 571
958 376
636 273
544 400
208 984
292 898
515 943
945 775
161 760
438 766
801 840
335 514
879 769
485 468
611 667
699 108
956 376
483 311
648 28
710 574
730 720
472 245
663 137
738 542
896 177
308 697
17 643
212 614
412 415
800 741
82 218
849 756
593 51
67 241
78 495
533 808
215 723
771 877
859 229
420 475
405 727
172 140
89 102
472 220
516 272
960 316
489 528
72 82
579 138
41 375
351 573
901 565
15 392
162 874
620 300
349 743
27 239
601 116
60 73
54 575
344 14
610 832
261 681
632 839
538 391
932 607
682 834
173 696
944 53
570 564
352 637
26 97
876 626
930 935
698 983
229 760
997 557
592 258
957 942
815 214
333 466
820 15
19 711
710 962
763 999
245 115
636 270
212 231
895 142
884 312
126 832
72 841
389 663
817 346
324 351
559 656
816 380
670 554
91 100
516 573
99 761
687 453
31 617
684 645
759 568
956 603
400 29
444 508
410 979
853 734
330 413
390 864
511 779
418 320
878 653
892 695
414 580
148 163
197 831
807 674
119 764
995 237
511 158
744 920
137 598
654 185
729 763
50 240
261 186
559 139
838 452
552 970
750 699
134 665
250 940
59 368
423 54
323 933
212 68
573 67
384 945
252 831
708 20
71 687
205 348
825 44
518 377
732 986
795 865
652 45
525 710
131 666
482 453
600 693
520 891
479 622
836 730
453 264
749 242
950 672
309 495
434 826
590 167
813 104
32 184
148 275
612 278
941 94
450 260
506 688
151 984
311 705
714 482
968 182
724 638
572 33
851 7
577 160
173 109
264 922
292 411
198 622
408 139
716 857
398 940
264 267
924 574
971 357
57 659
257 499
297 828
531 148
553 108
307 725
217 570
367 227
700 283
849 826
421 284
402 537
942 665
803 585
240 774
660 15
433 635
513 448
182 762
314 735
869 340
179 804
628 545
750 328
827 318
154 966
320 274
503 262
939 25
565 897
518 225
911 669
859 143
118 41
904 431
494 492
770 673
16 399
936 765
445 483
801 318
449 121
591 671
101 530
414 665
146 931
608 57
601 186
917 718
944 540
867 439
751 638
830 766
755 766
250 200
249 51
517 698
889 827
88 989
357 501
373 503
433 699
278 34
884 914
470 547
454 337
985 205
693 815
689 448
301 657
648 549
707 883
965 315
710 771
23 786
273 395
8 424
94 4
176 696
917 645
244 91
700 947
14 394
482 703
560 782
360 926
50 786
529 734
101 239
505 124
743 777
237 750
919 50
754 95
745 390
458 988
480 877
655 494
989 137
915 549
918 993
195 686
779 723
420 599
680 925
441 424
421 677
892 341
445 365
154 191
755 612
897 953
489 552
447 478
688 81
745 325
75 939
12 853
662 431
171 62
356 611
485 496
8 96
836 452
180 989
361 934
320 977
606 808
529 772
5 936
852 469
261 926
408 990
780 789
422 669
850 496
281 54
710 7
867 546
177 47
255 538
699 574
515 306
102 762
78 106
698 929
293 678
856 701
668 355
209 808
24 777
24 23
549 733
747 135
998 924
182 253
462 599
826 695
904 646
457 700
752 874
349 45
552 205
464 938
278 391
466 20
168 208
761 435
940 508
570 657
432 751
909 612
69 455
307 973
101 483
392 571
76 740
335 346
944 517
284 940
908 468
679 794
675 440
230 335
947 518
991 380
987 901
710 56
75 736
29 175
219 421
746 13
879 799
358 543
316 360
483 224
828 162
737 222
320 966
556 268
203 267
366 190
168 76
245 960
530 992
135 748
132 599
760 11
398 836
553 714
197 37
656 25
916 393
964 237
78 521
223 280
787 307
469 673
101 433
633 631
425 486
98 556
86 858
566 202
694 838
634 609
593 10
633 509
402 598
464 199
837 405
478 343
711 666
16 812
99 367
443 242
571 540
797 375
117 82
577 530
638 929
139 231
938 491
459 60
807 641
258 363
47 454
705 476
838 439
288 655
524 449
896 95
708 412
470 543
213 765
791 850
694 930
82 633
140 259
411 665
899 668
746 664
840 451
141 679
608 147
334 132
315 231
944 23
361 414
284 573
897 76
424 592
724 224
943 582
201 354
247 818
740 992
483 580
162 342
259 488
207 312
619 521
542 282
262 902
696 546
195 312
340 337
903 64
279 565
645 479
918 610
297 658
602 498
239 482
839 216
969 765
527 307
5 787
588 267
409 3
531 603
315 870
939 936
652 218
502 297
415 420
906 711
797 227
928 36
427 486
969 396
251 497
702 256
284 9
241 692
12 771
14 45
360 952
980 730
888 482
27 303
902 651
733 418
596 661
172 23
147 141
137 398
637 557
372 640
565 612
332 295
102 346
339 180
17 320
909 624
801 654
926 422
24 378
839 619
39 729
360 904
870 215
21 507
771 392
147 55
722 198
350 823
262 688
3 996
726 630
620 247
284 266
387 307
643 945
925 682
674 4
305 544
218 325
770 707
716 635
761 438
832 111
979 94
518 700
809 962
330 429
209 613
694 596
919 338
260 563
738 933
285 43
478 502
367 966
209 801
601 688
957 434
799 655
246 36
355 55
997 684
203 925
16 896
240 934
952 499
216 690
151 500
451 628
2 536
594 928
337 914
616 13
348 134
667 312
887 740
86 604
143 288
248 158
184 487
810 137
704 26
545 854
525 996
202 245
532 514
891 588
428 227
319 494
360 705
806 966
445 891
570 307
179 817
464 362
23 275
217 726
19 762
580 263
477 500
507 9
15 118
315 161
344 353
655 422
58 461
107 221
352 676
527 249
212 991
329 234
984 265
678 3
27 977
265 503
477 491
230 210
327 264
371 389
616 26
810 673
486 917
612 556
312 140
523 243
849 851
476 833
116 873
554 860
850 819
82 327
29 31
256 355
294 626
743 628
651 272
20 855
907 631
130 938
770 652
181 619
222 375
452 338
248 7
916 816
544 717
144 291
747 399
364 759
743 825
387 394
97 406
249 723
37 378
380 526
748 560
145 969
653 316
26 901
41 942
717 303
659 579
593 125
696 956
883 158
781 988
551 596
394 518
38 149
614 417
674 362
695 538
51 349
853 76
968 612
736 404
914 114
702 226
238 117
900 839
275 400
827 825
714 939
63 752
89 676
887 481
757 583
19 807
650 590
601 618
920 338
22 834
170 442
778 408
559 678
965 833
796 793
658 511
732 439
263 539
116 868
21 591
451 757
398 101
348 717
437 268
55 178
821 225
619 599
351 178
996 316
11 792
827 388
303 279
826 284
817 660
153 556
251 322
314 367
142 661
85 578
647 857
474 187
82 94
786 151
271 501
467 1
12 13
388 34
291 214
36 109
593 906
664 843
229 696
929 89
76 14
385 723
870 859
909 671
952 414
821 941
633 7
941 645
20 48
678 310
980 713
137 573
339 520
416 567
934 345
374 11
77 758
733 666
336 361
337 7
494 876
948 127
883 608
490 621
656 168
649 636
600 505
209 938
25 343
224 677
407 597
687 202
74 420
867 410
500 204
416 993
81 83
120 682
691 610
22 66
496 670
701 814
175 628
471 917
689 413
595 96
728 282
298 802
421 165
930 920
88 346
632 886
148 751
287 557
80 308
622 576
977 42
109 871
669 580
788 358
992 102
173 721
384 189
242 523
72 172
443 159
236 75
763 383
544 50
658 624
76 280
918 54
321 27
643 708
325 431
785 37
533 957
757 635
864 717
158 935
888 319
813 842
393 576
944 655
345 602
997 420
882 915
192 921
661 834
630 985
984 134
22 517
91 497
152 673
932 309
608 539
346 421
382 738
716 45
112 61
646 110
199 247
743 391
887 404
943 236
390 927
369 130
444 178
346 314
850 278
341 458
817 686
598 917
143 314
961 255
93 326
83 291
292 825
681 179
230 625
133 338
552 501
186 715
678 531
29 247
528 89
423 64
774 21
980 917
53 660
890 145
985 972
436 995
516 835
892 745
460 25
801 731
525 987
446 921
237 193
168 764
281 310
546 774
330 526
410 102
904 300
246 609
990 681
604 506
517 497
970 695
521 771
145 765
758 309
405 714
502 573
197 501
601 743
275 649
269 684
750 892
702 996
501 692
396 105
917 631
320 887
46 560
377 190
325 854
218 729
568 438
21 764
938 340
507 932
989 495
335 739
387 38
454 887
448 569
710 84
918 749
970 963
309 348
872 352
202 808
799 488
246 539
252 902
878 759
834 586
972 170
326 359
925 498
964 92
785 674
176 704
423 864
386 450
930 976
801 850
784 320
338 30
858 590
932 455
68 485
42 40
373 367
117 298
583 81
109 369
754 284
791 896
148 177
346 79
154 866
928 656
186 267
405 44
575 56
498 361
540 539
119 913
624 235
929 926
315 38
295 787
40 86
402 188
980 467
984 134
333 631
509 518
897 913
280 191
968 496
270 508
754 388
140 378
622 788
304 655
544 317
162 584
121 282
490 102
748 474
953 81
105 462
317 721
375 315
630 62
811 900
289 565
288 428
661 629
934 684
3 479
1 882
781 840
165 271
941 912
463 613
712 567
76 747
7 169
63 637
949 873
256 238
438 543
384 99
890 319
782 612
516 502
494 297
342 658
286 2
290 748
614 2
315 408
748 41
296 810
396 245
402 651
482 839
912 584
657 803
902 158
134 137
378 627
433 719
5 718
439 294
466 772
14 500
180 480
259 475
10 654
438 411
305 638
969 217
223 626
738 843
502 871
980 880
218 132
318 222
850 757
515 35
248 247
253 427
726 511
621 735
165 777
865 188
416 834
405 638
179 861
481 680
733 180
279 950
312 316
890 162
791 124
914 39
370 886
465 814
397 804
550 281
582 134
468 997
967 591
354 864
453 553
263 904
733 542
573 45
857 463
924 648
586 557
405 674
443 588
488 840
393 38
839 693
889 307
690 856
898 762
439 70
315 702
973 48
962 546
810 538
727 734
904 313
11 309
986 453
896 474
12 289
231 850
981 838
876 390
695 493
152 852
562 186
554 254
951 516
799 762
54 245
215 957
276 225
266 262
678 881
454 689
170 403
259 870
242 135
978 655
627 849
226 189
35 780
442 704
15 959
466 69
204 400
744 198
624 729
459 21
610 631
429 498
753 687
368 713
540 66
87 167
914 312
74 948
810 234
652 825
911 837
612 833
237 75
31 579
803 208
319 132
557 747
630 310
153 716
741 692
781 546
577 695
577 369
362 387
602 733
930 513
289 542
65 244
617 95
822 139
302 859
271 858
606 619
887 477
335 347
887 835
893 183
249 189
551 330
294 871
63 225
384 70
485 167
313 820
261 853
678 562
713 948
421 38
286 27
515 339
373 121
174 984
304 142
173 854
471 467
726 252
410 828
321 613
995 633
434 256
486 112
537 199
778 676
237 64
702 470
121 793
590 14
778 893
155 669
748 625
854 193
595 982
739 915
596 734
548 30
709 34
859 246
951 637
640 188
419 61
657 539
853 965
271 350
859 425
20 326
768 592
237 82
575 975
996 171
710 544
200 138
297 59
102 248
414 741
154 832
801 529
90 373
494 80
723 72
223 461
397 710
53 633
791 627
328 788
797 38
332 996
893 347
773 994
313 187
454 466
737 973
713 546
346 208
625 787
279 847
248 395
557 301
746 349
927 74
855 725
829 905
440 722
253 214
435 565
119 888
750 856
580 463
121 926
389 745
432 387
311 680
781 587
980 246
654 907
39 509
632 867
414 73
309 385
5 743
669 123
351 419
697 649
881 817
294 989
281 726
376 592
406 875
179 386
121 551
293 877
60 644
745 192
716 772
577 720
234 246
561 584
383 259
952 982
76 246
971 76
971 347
386 377
940 564
762 780
833 774
657 892
418 402
84 852
892 379
291 127
624 570
429 7
828 381
989 623
627 679
698 317
27 84
694 966
366 175
465 199
667 123
809 803
243 892
655 136
272 664
262 614
235 409
340 781
790 329
404 136
8 820
452 752
622 864
438 706
40 902
623 706
25 432
229 986
44 602
122 34
267 102
647 220
510 986
1 300
34 124
154 760
662 606
231 4
470 387
709 228
290 333
653 33
483 881
19 526
483 858
559 468
959 925
687 470
630 407
488 664
249 642
143 910
248 373
913 436
760 342
664 768
393 317
519 875
198 538
121 399
396 398
867 75
323 554
544 672
679 750
336 927
392 197
557 358
288 470
794 48
530 177
534 922
493 54
517 409
310 637
807 424
753 393
498 77
666 760
748 345
511 802
273 621
998 829
979 5
18 492
53 548
668 305
189 879
358 705
7 386
61 532
810 814
925 308
609 591
787 76
935 298
596 926
918 313
755 616
317 492
108 88
40 494
393 946
373 469
371 98
855 431
630 665
963 555
691 572
864 478
366 799
494 961
726 132
274 200
747 591
691 574
678 449
786 789
396 878
259 485
975 114
915 605
497 598
878 906
888 742
385 255
261 878
934 705
728 209
904 195
518 315
768 196
482 273
704 596
151 962
81 845
794 715
169 10
313 48
915 201
508 19
174 768
616 109
473 344
36 97
538 553
130 25
467 611
298 171
926 167
133 7
12 645
440 181
654 752
228 289
672 735
307 564
223 922
672 414
267 426
229 804
978 358
548 446
688 845
616 614
12 468
339 24
831 779
204 205
250 150
493 921
603 799
205 544
441 595
958 426
22 187
948 999
264 496
164 951
341 499
284 72
685 622
95 516
401 17
720 651
884 931
291 206
450 495
750 890
91 427
35 112
613 982
829 595
479 712
546 538
211 548
609 895
171 422
130 290
157 569
659 759
500 669
965 949
882 434
558 691
860 592
802 192
294 351
787 772
63 52
29 991
600 638
605 489
778 734
497 935
303 875
694 522
544 378
190 145
811 748
836 671
59 357
863 71
707 369
842 488
420 590
198 738
946 802
945 724
537 443
378 558
37 73
80 299
450 270
443 262
736 279
651 794
636 233
865 62
601 426
269 740
734 466
197 680
269 143
405 524
304 782
82 340
573 162
638 24
431 81
4 885
79 373
398 433
606 981
213 925
127 481
384 860
666 581
541 653
442 945
177 745
446 258
803 20
138 441
761 287
240 483
172 318
855 570
469 180
551 682
824 677
881 208
538 547
507 797
200 667
742 376
131 906
353 933
925 490
374 686
777 333
169 667
369 743
237 838
641 507
520 465
902 120
392 159
667 617
955 585
285 416
680 415
323 33
349 966
241 441
653 18
773 540
404 861
2 640
699 643
865 937
108 768
57 218
645 442
835 601
28 838
735 707
253 776
458 320
743 698
480 115
435 971
654 838
832 375
197 250
18 781
187 843
549 962
780 912
404 615
513 431
453 967
856 424
743 314
463 486
731 942
600 166
913 973
722 465
348 918
714 84
699 901
645 966
863 425
879 985
758 111
136 211
78 991
354 540
25 816
26 755
758 626
920 390
318 642
854 384
279 569
186 978
189 830
663 770
974 261
755 732
372 890
943 168
601 297
707 625
113 452
380 589
796 19
978 114
660 552
216 657
121 401
354 28
949 18
797 923
996 271
656 87
880 599
255 481
614 680
106 445
132 204
752 646
222 730
759 600
282 693
257 121
94 611
866 44
347 663
966 343
653 622
149 533
939 122
14 272
801 837
435 652
41 187
298 980
636 776
580 636
469 555
476 282
884 342
325 231
6 10
293 377
632 160
909 290
281 922
281 800
478 715
171 518
902 469
498 257
963 796
892 151
351 87
432 236
429 475
185 153
485 196
529 835
355 438
125 354
79 124
155 556
839 325
792 460
512 9
716 475
804 327
345 873
133 495
827 561
970 13
713 174
926 242
9 1
398 851
354 476
975 508
750 814
833 261
992 345
269 427
539 791
472 602
664 604
97 492
165 785
223 596
958 867
556 966
867 953
537 222
148 512
448 616
45 999
876 755
345 145
182 602
935 653
204 319
258 19
529 141
804 470
737 762
337 293
448 923
965 984
145 113
215 311
448 259
311 324
14 374
188 913
975 841
285 897
160 261
915 407
402 438
876 857
201 214
868 648
137 833
632 999
665 846
310 113
823 339
155 555
712 342
468 406
184 471
22 343
732 656
750 134
94 345
709 294
558 577
660 413
130 11
131 794
856 160
625 398
498 779
671 929
122 139
335 305
329 76
366 61
731 834
194 824
898 621
119 456
198 497
588 46
508 718
839 83
596 183
481 95
681 152
24 802
10 77
825 338
152 909
398 882
463 310
426 361
649 544
535 846
41 841
611 548
560 169
350 156
352 830
968 33
700 710
553 709
506 97
765 657
724 881
259 187
909 684
266 558
946 801
124 705
361 734
972 920
902 322
795 972
870 482
5 570
193 276
998 698
372 482
74 97
364 51
2 273
734 986
550 399
787 673
823 148
407 795
787 28
835 301
1 705
782 723
275 693
999 991
110 90
474 184
904 556
952 906
547 406
892 97
804 398
769 627
264 894
141 769
641 975
788 641
399 290
364 393
982 363
384 811
172 576
713 76
132 665
700 679
71 592
775 875
708 264
221 691
876 362
179 517
56 967
158 455
257 522
566 957
603 949
487 774
526 200
850 376
865 550
55 935
861 549
529 288
812 469
697 688
830 876
206 604
843 82
777 818
603 343
494 925
12 981
418 256
899 986
631 764
537 686
419 117
235 947
123 47
416 820
453 964
696 377
288 258
459 783
794 62
127 7
705 856
706 124
112 606
110 742
89 365
428 507
200 381
174 323
146 308
861 599
991 557
694 997
533 153
780 327
933 625
52 638
481 758
480 592
83 309
335 171
673 481
397 592
581 289
914 726
315 775
44 25
51 738
22 302
890 521
347 542
146 398
181 627
874 379
937 956
687 272
846 361
472 961
671 53
250 304
497 283
79 541
308 847
997 48
149 606
568 495
149 714
611 329
60 486
426 996
442 114
987 7
193 178
967 863
230 935
167 445
219 963
985 245
529 701
11 677
308 579
890 456
12 501
503 789
986 928
785 148
42 491
154 952
668 840
815 616
775 700
62 712
663 765
675 192
467 686
587 493
265 196
948 994
697 170
783 402
98 287
549 858
778 422
529 165
262 345
500 37
763 561
468 427
45 143
337 230
547 643
722 530
838 389
524 535
558 307
656 375
594 205
951 91
626 480
255 606
824 754
362 588
34 829
733 797
690 788
27 238
431 468
767 270
856 11
523 134
317 179
508 629
103 459
719 447
938 693
54 482
166 415
788 918
962 240
715 652
746 460
608 178
646 95
166 503
105 407
355 421
305 862
769 407
40 488
853 696
181 625
896 66
40 403
983 2
361 698
654 108
876 980
4 523
75 169
744 179
294 99
319 598
679 88
723 437
294 296
851 475
920 748
259 960
869 242
961 231
658 334
338 534
34 341
775 108
228 519
287 521
336 324
838 15
411 561
170 704
856 22
897 777
488 156
456 357
116 417
587 773
470 643
27 503
702 801
329 929
321 334
170 656
657 8
390 68
287 278
491 862
299 107
639 786
263 95
144 378
230 449
870 418
93 896
639 794
697 968
443 736
21 331
112 678
57 220
464 343
497 673
205 796
780 562
301 43
375 444
139 324
612 727
460 423
623 818
217 40
505 378
494 525
708 605
921 483
543 386
826 41
59 749
555 557
31 855
318 124
19 457
166 630
902 626
771 526
444 987
284 948
85 777
192 511
102 114
994 644
499 539
403 276
7 676
552 37
251 869
879 269
45 617
947 389
388 192
832 94
475 499
896 970
691 408
790 804
121 435
22 659
556 16
665 233
567 421
483 437
300 470
481 63
805 147
452 911
338 3
5 531
502 620
221 911
28 11
434 866
164 455
525 720
189 908
671 756
48 872
911 66
342 111
129 147
258 580
776 314
301 780
845 802
400 66
432 146
794 865
12 958
320 255
678 509
164 68
983 929
939 613
995 281
723 124
146 699
422 921
14 722
420 577
244 539
361 675
403 155
541 134
113 579
107 509
806 988
576 789
918 515
402 913
514 844
37 378
543 177
18 556
898 438
851 142
695 212
536 816
367 77
949 479
374 57
988 181
45 564
969 681
798 91
594 312
653 630
690 196
806 707
471 424
863 322
284 277
253 819
94 619
614 761
816 988
536 523
169 300
88 856
980 604
946 575
915 318
923 324
514 449
750 703
872 332
25 156
328 277
975 140
614 589
900 431
296 156
953 464
455 759
321 154
363 985
447 997
304 371
40 817
819 508
520 410
559 263
284 886
259 26
591 567
644 22
862 799
694 46
972 453
366 845
535 351
292 251
373 381
9 908
918 517
147 328
76 410
612 680
387 589
424 977
874 68
718 456
586 412
501 277
583 866
122 836
935 133
87 309
513 96
935 151
331 83
478 125
211 808
804 597
398 228
293 990
14 11
446 599
141 946
595 724
531 435
560 467
567 366
494 799
180 429
949 510
230 146
353 440
954 875
755 71
103 49
61 834
777 507
153 918
172 747
361 703
182 920
888 468
5 101
267 184
248 934
412 478
798 764
917 752
639 673
822 460
440 602
295 217
827 447
135 998
912 214
701 94
135 589
280 857
408 265
42 656
199 453
134 997
936 51
468 294
442 10
754 881
611 767
817 438
932 670
155 844
884 856
656 737
164 936
594 572
919 354
228 119
526 80
834 462
130 302
755 291
30 228
890 359
713 707
796 364
97 951
926 980
526 583
436 408
238 30
979 875
384 925
993 909
5 546
90 853
567 844
862 596
791 752
955 223
179 470
587 275
140 513
973 384
814 409
792 770
438 490
646 540
416 358
168 139
904 257
710 471
820 572
785 330
44 459
552 222
929 139
215 787
371 188
172 185
315 963
955 752
453 320
12 587
677 179
726 300
436 155
489 974
727 275
304 489
452 855
710 100
994 924
887 365
830 59
268 145
740 941
615 911
261 626
499 657
524 943
956 678
98 165
652 543
439 674
32 609
529 460
709 242
103 596
325 932
373 312
795 831
253 411
742 233
755 241
889 997
902 564
394 719
728 764
980 885
438 731
495 967
191 204
927 13
518 971
663 609
283 459
440 535
588 182
486 62
142 375
60 44
658 453
481 105
218 462
990 374
193 204
60 102
126 987
114 643
958 777
252 241
236 410
494 542
591 980
603 451
74 381
214 731
553 694
836 489
