798 3487
547 292
352 682
277 696
81 294
511 733
365 612
433 544
712 480
338 373
301 57
437 318
419 27
715 629
150 429
529 334
361 278
413 500
161 689
397 29
771 109
761 125
508 183
457 209
662 794
582 165
52 8
270 259
34 772
89 769
403 618
92 551
683 505
41 45
183 437
659 741
334 409
68 629
591 524
40 242
307 409
194 147
204 463
405 25
437 493
793 627
100 673
379 782
167 419
614 349
644 474
292 765
670 147
595 462
670 422
492 764
32 685
698 235
350 304
47 786
585 628
614 472
502 780
456 668
189 59
6 34
321 297
586 192
231 382
442 102
6 135
654 623
21 553
646 370
645 692
145 431
521 546
690 12
528 347
467 716
194 473
537 514
557 112
493 788
493 136
677 286
58 532
697 79
75 544
236 719
225 381
139 746
714 30
545 443
165 214
148 358
686 472
659 232
583 353
221 66
277 686
139 122
207 37
200 281
580 224
201 7
392 127
540 307
157 286
538 321
287 473
466 760
147 326
194 517
466 414
582 530
89 721
652 296
545 639
576 327
650 565
121 243
691 660
338 635
733 77
157 222
549 410
183 483
735 376
202 191
578 571
720 454
281 361
749 28
788 315
142 639
81 262
84 559
709 421
396 643
497 340
652 35
750 623
518 686
786 507
664 353
279 374
9 348
734 757
163 511
273 304
352 141
565 435
700 263
643 85
693 129
424 547
163 375
159 468
51 146
176 502
499 243
77 507
378 599
253 540
311 314
45 662
242 397
86 729
659 728
15 553
644 227
89 595
389 247
264 439
393 228
729 679
258 7
175 635
393 215
164 704
528 208
355 558
392 229
488 252
158 291
592 4
517 469
598 107
715 649
334 97
664 264
563 123
58 737
545 239
154 708
144 469
703 286
16 296
514 504
335 460
794 715
251 300
385 636
194 89
486 315
772 352
366 536
262 424
475 9
662 416
504 593
672 409
666 688
492 382
181 615
629 762
531 81
51 703
716 244
579 191
559 552
330 126
290 592
337 552
388 200
755 679
580 416
77 236
93 569
617 273
173 447
24 491
315 74
395 232
318 761
210 78
515 540
789 592
121 328
345 508
315 89
176 683
504 253
120 385
609 524
657 781
172 469
473 274
542 655
505 647
617 502
512 333
243 503
712 363
32 46
658 134
134 36
18 426
288 137
12 98
660 456
666 619
126 340
94 456
782 386
304 600
90 18
721 120
520 634
271 339
680 130
260 601
751 278
16 28
202 613
711 650
271 578
258 184
705 140
639 688
313 731
490 190
748 200
310 257
621 580
595 290
497 642
93 450
121 108
477 111
721 178
548 779
755 593
750 450
732 591
339 247
311 616
436 260
17 533
516 426
314 100
715 13
741 9
250 650
703 726
548 413
691 297
181 436
91 132
87 611
510 425
645 22
31 70
281 633
603 584
260 118
471 177
716 202
771 167
639 675
681 388
77 573
472 257
210 350
389 296
748 686
509 594
708 539
664 776
161 468
350 421
373 22
385 291
11 357
245 649
22 127
26 98
700 285
143 697
423 319
781 372
206 491
168 115
19 619
679 765
76 230
387 236
39 559
314 50
118 559
486 139
685 300
24 374
584 752
61 208
272 43
368 478
321 323
380 127
143 48
93 6
277 268
241 104
28 555
739 731
315 426
657 787
513 681
151 87
634 211
294 694
253 449
161 361
771 540
487 701
588 367
706 652
634 735
543 450
491 483
382 593
697 241
581 411
709 731
497 544
143 579
227 183
229 387
543 788
129 19
690 504
386 145
9 322
688 458
600 160
42 394
58 70
762 257
778 695
541 311
625 321
538 10
338 126
340 115
42 359
592 333
532 765
478 540
288 155
200 675
102 29
270 746
98 234
204 77
716 744
387 542
55 126
339 180
40 467
294 81
613 673
414 346
640 679
673 715
621 660
592 722
688 63
669 573
84 660
437 1
394 26
331 448
737 669
415 776
125 496
645 737
370 48
72 211
726 745
128 336
606 507
47 284
569 504
58 441
365 495
229 758
308 559
195 34
218 609
598 342
306 444
69 464
491 140
462 206
86 589
329 480
85 375
763 442
80 22
84 233
304 312
192 611
73 175
433 78
783 232
419 79
675 275
542 155
415 205
148 288
582 476
767 666
52 731
309 718
541 180
152 46
280 343
445 140
517 665
217 290
98 423
156 560
698 485
502 314
689 649
601 260
326 570
714 165
290 12
84 32
778 235
664 259
366 98
398 670
762 614
747 647
26 104
408 723
588 111
26 267
547 415
526 660
772 229
26 263
29 696
83 8
132 534
266 285
631 663
157 382
266 691
230 291
795 425
216 584
535 241
638 71
655 154
730 628
382 755
679 410
440 761
417 360
496 470
644 116
334 588
285 599
481 514
92 477
140 95
50 462
123 688
320 566
43 251
183 212
793 63
622 435
611 28
794 96
498 427
797 619
217 283
208 485
584 299
749 511
181 798
760 303
475 281
70 305
531 253
517 526
103 128
748 714
741 743
597 228
159 596
49 375
666 256
61 452
342 11
164 522
597 126
612 61
406 682
366 725
722 84
240 612
797 189
315 739
719 114
169 79
497 5
242 364
260 90
17 601
101 181
112 485
94 723
545 287
394 112
213 105
781 452
717 779
428 233
508 348
134 464
215 630
468 456
196 515
545 798
105 433
766 216
119 61
726 452
136 110
351 348
214 334
588 718
102 5
153 397
141 74
62 355
704 529
598 687
33 132
686 137
565 442
352 471
290 68
124 425
177 475
561 390
596 138
98 697
142 250
296 70
323 145
424 16
462 11
490 494
143 166
631 495
607 770
167 98
39 79
523 3
341 73
181 138
210 278
622 139
527 705
209 637
52 420
441 513
431 132
208 361
85 40
57 691
598 223
577 636
89 639
429 161
21 566
158 298
178 296
612 84
504 238
721 712
466 435
344 598
431 492
470 258
548 363
57 770
727 693
647 17
321 277
763 341
631 122
426 10
417 27
679 709
264 602
622 730
238 753
317 456
446 574
714 195
138 770
752 652
452 600
668 772
79 632
102 497
541 315
506 160
341 386
656 393
189 479
112 215
221 216
670 666
789 585
648 715
345 601
568 796
191 226
770 57
59 659
553 600
176 260
547 516
433 404
696 622
670 9
624 92
224 495
757 3
70 394
717 414
196 486
199 386
711 170
230 558
31 782
147 792
31 481
509 464
672 195
75 543
203 698
422 215
182 168
217 251
561 721
452 756
196 651
132 695
608 361
454 426
133 388
419 163
70 716
626 741
112 700
273 102
599 694
104 569
63 320
607 623
30 261
368 226
699 287
122 296
436 363
722 568
538 130
730 607
47 558
337 744
247 397
48 634
292 151
404 142
259 212
552 76
260 707
301 160
196 210
244 631
572 167
188 311
296 119
705 131
464 31
76 711
427 709
546 718
648 151
647 694
150 400
769 410
309 272
357 292
481 600
710 43
766 99
141 52
5 48
182 469
78 45
169 505
754 714
212 391
652 647
286 3
248 256
412 344
527 769
423 796
570 122
40 326
220 180
377 13
15 346
481 679
390 649
385 133
352 384
523 205
232 10
207 268
266 619
399 580
377 610
577 148
731 404
473 739
372 637
751 174
184 221
54 574
71 226
494 422
610 219
414 629
228 620
684 281
228 73
63 604
470 427
540 402
619 2
342 778
639 82
153 24
302 207
385 160
432 667
369 31
87 782
448 102
392 121
383 619
779 233
213 450
447 540
54 267
541 183
34 381
265 187
193 354
181 365
514 400
233 84
431 107
68 666
209 459
786 379
67 767
611 67
418 47
606 259
102 349
230 135
517 282
109 497
635 289
650 138
689 670
222 109
777 77
774 773
323 549
353 177
517 751
244 723
797 51
769 686
187 786
23 492
269 131
776 692
208 627
31 98
499 252
792 265
116 767
239 438
517 379
615 24
331 60
746 117
696 504
5 671
492 613
364 548
531 341
441 738
756 472
623 456
511 616
508 415
372 746
54 91
326 668
114 444
515 647
560 201
140 352
73 631
166 224
381 485
352 609
212 309
70 37
552 369
440 49
783 14
794 38
104 109
494 5
552 796
439 102
198 578
453 58
411 407
69 579
679 421
177 92
517 247
128 59
615 356
107 387
369 103
424 260
797 705
52 551
703 490
652 688
269 94
746 467
288 16
247 168
224 424
260 741
458 175
1 62
530 107
448 686
795 659
147 794
566 784
334 258
475 773
147 744
68 680
412 356
484 447
311 707
72 570
437 317
533 225
378 264
120 27
152 116
685 86
697 240
72 232
285 334
206 220
279 62
101 479
205 372
127 515
69 784
75 505
302 607
518 679
658 637
493 597
540 379
471 439
407 330
458 691
663 452
112 144
301 1
410 505
372 536
9 440
521 669
733 24
477 452
490 125
78 184
721 617
350 393
257 756
722 503
437 375
156 336
306 456
336 715
748 496
452 544
723 760
415 445
783 679
684 474
5 761
445 514
580 794
694 624
540 618
328 178
780 271
301 287
514 637
203 251
122 442
795 632
403 411
279 175
79 164
436 670
127 82
385 494
77 280
319 404
685 435
581 666
493 84
154 209
508 144
459 417
585 243
250 775
441 528
151 520
480 586
391 394
455 775
89 320
256 195
723 729
629 506
596 324
377 538
320 672
469 566
290 44
11 327
20 451
643 757
172 324
332 350
717 787
326 593
308 370
787 20
300 406
313 683
729 689
210 38
350 679
603 639
722 613
754 529
54 598
487 13
123 607
363 627
595 688
421 690
47 197
709 134
602 224
605 320
700 16
145 252
482 748
678 193
350 633
722 403
220 198
416 342
6 778
756 388
455 166
67 290
363 564
211 752
575 17
62 476
619 206
515 302
155 183
495 293
603 206
483 25
403 100
154 409
665 112
584 110
277 651
187 427
416 397
381 192
202 230
455 22
435 758
111 378
142 393
458 532
598 142
556 203
30 710
399 482
609 184
591 87
622 565
302 27
164 470
6 153
699 461
174 123
208 72
288 137
465 745
668 264
89 214
466 118
711 652
599 521
624 180
395 235
532 696
262 483
155 267
635 55
515 596
178 722
668 465
60 334
200 516
597 288
729 53
193 641
492 579
151 317
758 545
552 280
231 15
762 385
69 599
228 584
396 193
295 265
445 355
598 644
72 185
719 588
237 113
430 728
692 368
35 439
700 374
718 132
176 682
305 244
270 532
615 665
512 112
132 158
466 517
590 325
701 510
700 725
411 119
443 304
486 265
530 387
638 238
307 15
707 611
258 178
132 75
630 431
186 549
588 439
268 167
551 756
677 452
471 77
358 115
380 45
379 697
431 218
136 525
20 630
337 277
9 256
139 427
686 112
177 264
338 444
430 676
190 96
117 660
172 474
562 339
518 728
26 737
733 747
463 752
579 588
18 375
45 743
3 519
56 180
570 182
411 201
59 388
85 176
249 44
649 598
383 157
527 408
95 249
356 345
202 722
134 8
299 765
750 301
273 593
268 44
774 679
244 35
56 116
210 305
160 646
690 542
4 207
737 98
455 82
231 445
6 364
452 304
118 191
392 390
783 660
433 759
328 465
793 383
580 790
475 739
637 155
270 429
361 794
314 603
78 544
37 83
110 276
174 227
466 565
405 451
214 39
199 329
503 779
712 73
770 176
599 396
330 657
26 478
652 340
283 517
671 319
599 780
595 772
795 50
327 401
288 540
227 486
657 518
466 358
378 225
533 178
409 651
36 434
118 476
561 188
194 434
295 581
203 677
342 785
726 668
175 216
198 402
489 56
707 743
413 286
169 733
251 577
373 287
1 491
550 349
678 743
570 174
313 561
52 655
547 566
312 722
569 509
113 259
352 21
203 552
94 160
275 344
524 647
418 312
339 169
449 7
700 220
180 214
568 20
656 317
373 170
28 143
466 140
189 606
746 392
359 627
339 633
172 650
270 378
164 608
546 400
614 235
407 582
237 177
389 94
493 761
51 308
691 517
235 81
324 768
260 470
596 386
93 555
238 362
134 189
757 680
588 573
702 196
144 140
160 320
22 440
70 72
747 760
588 183
628 699
152 90
371 535
475 463
292 712
612 425
688 570
94 477
132 584
461 63
723 620
382 532
262 239
604 796
200 181
181 30
82 120
705 240
443 381
490 734
83 303
148 770
74 30
237 792
613 485
56 537
94 438
271 143
676 662
141 664
44 109
481 125
16 387
152 458
555 641
393 425
731 329
185 7
358 209
798 172
693 55
496 574
280 554
717 744
417 645
397 461
753 79
373 556
253 313
216 9
155 396
434 88
724 406
680 71
614 467
242 508
309 526
71 377
281 787
322 698
421 506
148 163
584 308
719 38
620 722
632 563
319 55
650 33
460 319
103 63
785 133
570 83
658 429
459 726
417 568
625 626
275 560
788 60
70 708
683 477
631 305
241 738
147 678
770 395
198 660
457 770
580 229
55 439
445 513
367 63
283 779
476 345
329 466
405 186
163 77
662 794
381 105
521 316
570 492
710 768
141 368
527 721
384 581
149 30
84 303
679 154
72 356
498 400
23 690
585 186
767 448
767 137
340 489
240 112
768 151
667 110
519 395
32 104
764 181
720 49
271 600
788 342
157 275
741 766
167 315
153 721
763 707
645 92
397 87
789 366
237 445
475 543
42 295
435 7
263 356
641 533
157 418
77 101
692 19
68 60
334 8
568 86
714 415
763 100
501 542
465 525
188 728
270 229
224 704
23 486
49 451
8 205
70 84
93 550
689 747
609 12
754 379
683 458
581 647
557 283
390 224
595 366
153 66
594 164
557 405
437 605
643 444
597 713
528 478
252 206
426 62
217 381
228 101
626 596
747 385
80 127
396 463
492 336
316 75
499 75
267 137
467 112
368 266
612 97
743 65
302 158
712 306
538 728
406 154
525 143
538 393
57 135
57 336
258 372
198 756
234 465
680 701
364 249
754 763
134 486
29 223
643 528
317 382
457 722
323 184
66 62
576 708
782 420
245 241
791 443
784 227
695 453
715 260
490 670
224 411
357 40
633 201
567 737
370 226
661 693
197 514
754 560
424 526
181 668
554 759
100 540
187 794
780 689
255 471
560 266
83 118
305 504
318 660
442 476
87 304
370 71
606 113
630 231
638 598
686 182
558 574
721 533
569 702
423 612
163 185
665 245
90 172
748 196
33 180
671 705
483 242
563 78
142 394
308 568
193 782
749 750
345 459
484 701
150 695
514 312
81 169
557 170
128 294
365 746
473 237
652 744
266 416
23 408
597 119
763 577
688 713
528 234
373 2
136 522
484 438
36 564
606 380
521 733
673 674
680 136
112 321
81 166
524 103
361 110
9 325
686 696
27 203
131 399
790 55
708 475
492 531
240 299
698 549
21 361
424 488
496 323
10 364
488 321
254 636
430 263
748 317
160 774
519 79
162 511
133 72
187 412
390 215
498 290
763 518
650 176
793 135
498 4
498 774
112 751
611 541
3 561
645 749
536 365
615 486
663 535
557 52
148 734
54 645
13 604
152 450
779 146
584 478
735 71
453 48
610 54
376 612
402 222
350 725
374 166
412 239
700 756
78 49
692 131
481 704
522 420
356 502
353 727
767 289
798 210
124 397
263 287
210 664
508 348
590 84
513 204
110 415
747 187
251 640
105 520
334 626
141 477
329 494
405 85
570 192
294 482
588 556
768 586
209 478
135 1
349 435
790 458
51 738
644 90
368 536
397 701
363 537
379 479
20 571
563 378
763 59
61 552
402 30
339 611
295 261
399 643
696 178
90 534
703 733
623 272
470 9
760 620
334 128
300 353
699 65
730 663
709 578
204 312
608 543
710 104
591 98
535 488
63 624
224 766
347 634
27 604
643 575
426 178
702 725
318 602
577 38
254 275
615 458
375 212
788 286
316 580
172 638
270 234
463 281
201 11
116 16
403 546
590 30
723 281
542 31
85 109
68 126
383 682
583 757
682 360
33 785
142 204
624 199
225 288
479 214
87 594
229 489
342 606
306 54
88 635
84 758
743 151
86 116
621 456
660 504
18 692
490 745
683 103
145 696
390 623
111 264
418 127
540 547
732 47
601 21
682 684
567 414
623 652
529 445
97 391
736 700
72 215
646 543
317 790
440 494
614 550
758 22
676 499
568 397
334 158
417 5
44 771
418 454
624 735
100 509
327 623
410 186
39 258
728 143
37 369
636 651
706 383
460 371
84 229
767 205
387 174
209 218
146 414
671 558
350 558
268 464
170 465
650 794
722 367
138 759
524 773
399 219
358 60
590 229
76 558
221 250
519 217
255 665
630 127
424 182
472 479
645 641
145 284
636 655
439 561
403 164
536 589
382 681
648 173
697 511
519 705
761 239
123 5
691 752
718 104
721 391
582 356
22 515
639 445
159 279
208 349
230 531
139 612
413 574
572 99
286 80
5 36
319 127
41 797
666 758
103 589
138 472
146 159
188 572
392 134
639 599
482 70
331 620
469 531
183 31
629 469
696 421
292 4
335 120
3 202
665 105
578 5
576 723
749 552
285 342
685 125
728 369
780 260
776 239
790 161
57 408
417 752
30 708
756 364
616 758
354 482
650 133
274 427
644 13
766 130
142 653
42 72
11 609
331 786
635 111
734 691
518 352
433 336
50 178
699 665
723 42
136 574
175 198
788 20
796 756
735 139
398 564
796 408
374 117
183 797
227 119
477 532
258 111
69 307
76 768
759 798
597 97
361 771
82 139
578 79
96 302
217 281
67 215
476 229
119 446
227 345
564 491
78 24
390 147
118 465
702 79
253 500
761 613
261 44
751 40
708 634
130 126
702 196
128 379
212 246
27 226
378 717
244 189
308 178
307 772
81 173
14 368
721 627
416 764
367 244
673 789
373 586
692 356
502 61
568 535
87 793
115 252
711 358
441 220
535 780
403 495
793 558
417 409
176 382
564 419
44 554
791 417
235 348
120 295
703 655
169 698
557 421
398 702
649 406
226 173
175 628
667 169
387 285
366 350
454 131
768 285
684 548
701 706
684 609
203 588
253 159
487 11
579 673
712 217
280 139
389 454
554 45
410 728
117 775
280 358
693 37
642 578
585 333
274 470
143 476
47 395
634 322
193 203
196 692
207 263
32 384
716 373
428 115
90 545
92 369
104 784
194 534
352 566
68 625
237 796
90 71
392 511
392 372
713 375
265 122
637 84
505 554
456 720
669 545
254 548
702 358
321 97
679 460
662 746
286 686
743 163
544 124
674 138
495 588
512 547
497 351
630 203
692 75
711 350
619 166
685 310
311 208
194 191
667 643
724 741
530 456
105 276
579 778
201 63
356 500
609 54
638 228
45 532
302 755
669 709
122 344
220 433
551 414
411 207
258 337
149 576
792 42
639 573
607 41
423 164
328 22
6 168
249 50
699 551
592 357
461 501
700 468
721 240
669 334
447 129
670 383
492 663
212 120
225 21
746 436
770 275
457 775
442 493
612 130
245 193
487 493
694 176
163 616
416 33
151 650
747 608
22 228
473 234
347 485
42 294
122 599
569 578
576 212
273 177
342 305
370 616
586 265
791 536
668 196
356 607
633 305
416 655
320 90
676 667
363 505
162 484
305 518
52 668
730 112
47 61
204 416
464 789
468 456
526 337
440 84
731 274
176 349
716 495
226 593
151 588
87 101
62 392
618 113
261 337
224 307
397 427
510 62
206 765
306 731
92 533
602 24
8 565
372 512
50 386
306 200
175 393
300 236
572 120
348 34
456 359
129 641
574 638
490 779
605 795
499 696
529 303
719 325
655 81
38 704
466 131
106 640
311 193
664 84
100 1
704 344
360 34
186 721
671 675
701 265
460 401
748 776
491 669
90 348
537 127
253 204
46 146
631 356
339 284
228 438
285 133
781 432
166 754
354 624
419 44
91 80
444 40
643 137
496 733
484 22
647 736
225 692
84 644
38 210
129 53
435 201
771 418
632 138
373 773
549 791
18 427
658 462
255 503
386 750
225 71
560 73
594 784
553 465
417 378
462 546
430 99
746 402
516 368
327 676
130 77
457 148
504 104
397 758
606 782
497 618
640 258
691 223
32 445
476 448
610 139
781 241
237 517
430 540
672 544
418 3
620 662
150 113
553 334
658 361
105 145
766 744
190 658
755 221
92 432
457 701
570 227
729 9
743 148
336 616
691 753
619 301
404 556
413 159
678 61
307 782
205 274
516 394
720 472
403 13
105 647
502 462
75 432
258 20
580 594
423 472
336 31
772 528
587 175
686 254
235 780
237 227
43 752
620 762
213 12
563 105
658 266
355 733
697 612
540 266
407 164
526 531
195 287
260 569
461 147
24 483
714 48
709 756
2 319
508 2
330 272
107 190
537 461
710 223
62 451
277 257
614 4
787 596
290 248
366 751
182 177
435 97
225 134
640 14
452 349
15 781
408 707
758 146
157 669
157 7
321 433
263 723
436 251
520 513
498 674
465 467
638 688
351 64
609 192
77 262
329 678
244 736
374 790
670 319
660 28
325 183
248 587
693 471
625 414
185 112
77 438
578 715
115 130
778 723
109 643
186 437
310 217
375 471
208 34
789 70
61 103
40 308
477 732
778 91
135 750
202 798
389 567
714 503
484 481
427 593
113 400
19 422
405 181
681 612
214 459
469 274
562 296
369 28
17 136
119 152
88 108
737 264
675 652
767 360
334 183
740 447
583 759
656 189
141 326
588 143
785 47
416 336
342 573
363 359
496 269
298 371
377 236
635 253
675 603
400 796
573 342
444 357
90 333
18 415
709 160
189 755
364 524
298 724
89 444
421 357
529 792
521 552
416 773
428 220
163 426
580 292
657 139
169 534
259 186
737 169
134 127
711 285
439 797
210 315
230 418
459 759
199 182
300 614
742 516
621 106
143 403
397 587
329 565
111 375
539 49
544 672
761 244
744 401
242 155
503 472
572 164
220 771
345 519
374 288
24 197
182 166
599 366
541 715
719 651
291 459
487 622
120 449
68 65
638 97
219 342
568 578
293 575
338 637
84 712
713 107
696 682
61 284
249 601
200 169
241 490
627 727
314 534
165 381
598 590
477 604
720 35
172 214
397 297
639 480
210 553
375 693
224 223
178 472
611 377
641 53
69 257
567 170
791 519
338 378
311 16
770 232
636 143
445 23
439 73
290 437
413 664
331 636
88 297
310 698
673 738
538 529
196 94
698 774
613 237
354 125
41 325
144 464
255 588
486 693
449 776
119 63
429 450
699 305
746 796
790 408
735 318
725 132
411 412
694 225
437 249
349 477
361 492
728 615
70 204
297 518
767 416
580 185
653 268
489 388
265 269
795 201
586 509
121 198
123 16
423 559
52 559
25 200
41 752
602 696
743 100
415 711
303 782
98 157
40 374
544 304
642 329
293 429
39 413
415 161
216 625
507 55
385 531
254 213
273 57
110 217
742 524
716 247
296 15
191 335
176 735
426 20
53 718
236 677
120 438
626 123
264 334
177 437
67 218
649 127
62 759
343 6
272 260
40 567
62 230
689 238
752 105
257 592
610 280
471 730
718 86
640 183
419 19
619 273
24 470
399 86
218 530
677 489
789 716
46 639
733 522
78 475
626 122
268 226
401 526
743 108
611 584
79 20
390 485
292 414
742 479
287 161
210 165
650 786
668 483
626 390
206 703
66 620
612 122
47 3
647 789
110 460
574 188
267 166
673 558
367 616
26 653
565 235
605 416
11 474
686 636
65 93
329 717
712 142
40 546
144 686
536 42
135 100
229 401
53 689
747 419
295 772
61 795
665 264
7 340
151 430
192 31
758 110
531 688
149 278
619 623
602 660
757 701
91 148
753 567
96 161
63 655
9 709
651 673
174 445
2 112
77 193
143 622
91 461
511 27
738 332
649 541
193 396
231 71
543 771
638 426
133 488
282 141
399 135
601 360
579 602
260 655
583 190
267 673
650 777
699 589
98 338
120 291
733 350
149 265
111 574
690 243
264 173
172 450
95 560
597 674
364 644
318 148
35 584
608 472
351 296
51 236
633 170
526 355
307 463
619 417
238 510
448 289
471 407
526 565
168 325
228 319
756 334
466 791
705 63
252 45
359 302
281 193
259 594
548 354
258 156
770 284
666 207
572 126
401 300
478 569
412 494
89 369
29 343
149 521
193 401
566 551
490 48
532 749
429 281
304 687
436 63
758 91
58 531
4 458
618 482
16 19
177 691
388 791
23 324
513 215
512 68
766 204
701 499
740 332
567 245
8 790
95 765
83 738
285 86
186 105
355 201
123 531
679 298
523 701
410 26
118 123
93 671
326 582
159 267
115 725
299 708
504 182
674 374
121 746
460 94
638 602
295 761
335 175
48 645
664 457
458 569
368 551
441 693
334 387
748 236
313 36
145 18
5 606
392 712
553 639
7 393
230 301
143 564
264 190
199 715
435 656
485 4
196 127
484 317
513 221
552 613
257 484
418 49
291 597
760 46
225 767
438 455
57 368
8 108
345 206
24 779
650 508
570 633
422 44
152 722
264 491
324 308
177 742
357 255
328 106
300 341
74 525
583 717
94 590
26 227
584 50
207 223
557 565
57 767
396 208
690 659
699 216
755 663
745 101
119 274
206 207
402 68
519 186
784 401
776 597
627 349
646 35
571 193
387 627
161 782
623 638
431 523
55 175
175 1
63 293
63 56
287 252
123 8
438 694
408 203
493 236
551 128
58 111
108 445
737 268
216 561
694 434
73 748
608 247
537 670
328 387
726 402
638 636
409 65
320 604
267 600
41 605
727 685
715 623
331 442
92 334
204 573
768 65
523 365
99 49
237 214
223 750
616 648
587 226
713 694
32 767
495 658
574 212
544 278
36 662
719 713
198 711
488 753
563 798
319 661
48 343
77 58
82 692
705 669
705 407
352 524
376 49
384 737
260 715
4 295
579 511
209 564
423 696
306 187
695 624
635 530
755 711
375 38
392 282
494 299
476 48
24 639
96 195
365 143
112 369
437 690
81 645
243 291
331 548
265 15
161 101
545 117
600 707
741 193
776 224
491 454
271 303
294 154
497 659
84 608
17 520
287 683
155 317
175 485
66 227
287 227
327 619
131 714
528 659
109 505
85 599
160 143
689 242
85 388
688 168
783 704
476 60
588 630
376 550
104 442
776 390
456 92
211 374
8 738
235 116
232 107
502 392
249 393
421 121
568 310
77 552
215 552
399 590
383 775
129 274
206 106
663 661
783 661
236 578
388 258
481 620
364 771
1 401
153 421
309 720
730 385
261 732
138 660
311 308
424 439
581 629
332 234
279 316
96 302
682 484
560 364
93 711
124 93
101 276
301 410
197 232
582 458
751 720
107 263
229 530
701 598
148 234
33 426
337 128
727 8
399 276
372 279
189 495
159 77
559 459
274 755
478 58
202 430
565 96
480 793
413 382
592 560
403 412
187 528
540 702
535 726
765 694
207 155
391 153
20 737
612 293
693 291
138 683
509 702
778 190
485 393
360 66
740 550
478 715
279 7
618 16
732 584
709 726
527 89
81 334
27 480
414 508
558 552
392 56
455 159
246 141
339 393
793 281
144 472
783 211
478 390
226 199
175 722
713 489
599 581
610 625
262 226
122 21
777 301
77 221
460 110
150 586
290 144
68 221
615 52
431 82
441 444
280 404
156 194
680 754
774 492
580 25
505 490
632 271
790 708
491 451
605 640
239 682
571 94
104 387
732 323
468 162
766 536
353 123
729 23
664 493
302 446
517 8
723 350
278 714
47 556
367 439
398 393
322 756
274 214
345 793
536 600
157 291
125 509
202 56
531 67
336 620
300 640
627 224
778 106
140 26
450 294
253 635
474 574
592 747
575 724
742 312
526 686
603 650
184 592
493 503
658 616
324 160
458 153
383 437
46 522
250 495
603 502
331 278
66 711
15 640
636 544
154 151
431 544
589 614
337 71
106 782
687 430
143 134
370 526
570 203
37 607
698 428
311 18
705 164
516 719
5 354
464 744
504 682
277 294
286 401
365 391
385 41
608 527
174 179
42 743
382 665
339 69
294 649
672 786
14 390
495 605
743 746
338 236
630 615
530 117
217 682
295 389
722 105
118 97
283 745
627 452
611 167
520 692
604 394
680 405
783 376
211 515
111 549
750 740
153 481
644 369
152 141
758 75
33 663
171 103
397 797
555 210
752 276
689 557
669 358
163 441
521 374
157 632
710 109
573 64
377 207
220 529
135 765
603 167
417 562
269 16
348 25
13 301
89 701
59 757
49 10
188 569
171 132
402 82
240 763
731 405
171 738
135 93
493 525
259 111
76 315
126 424
340 724
512 428
627 571
174 675
368 149
233 538
281 635
407 308
387 339
712 557
66 634
437 558
361 695
457 224
211 582
647 338
508 361
553 124
719 515
586 288
663 606
613 145
442 221
241 616
347 154
162 412
576 598
758 724
494 416
149 493
785 796
32 282
146 373
193 66
89 566
141 539
374 753
472 17
175 712
421 521
653 582
720 430
382 467
355 77
84 504
357 71
289 389
140 434
549 333
499 637
100 427
165 473
381 636
278 555
549 698
65 404
481 572
35 64
241 178
727 324
469 285
182 757
461 110
392 211
442 678
635 329
306 2
590 474
637 69
230 176
554 82
367 24
653 189
674 95
366 390
207 36
674 176
580 125
285 759
123 514
638 758
45 731
547 634
406 173
490 423
136 33
504 502
56 147
691 517
29 258
108 235
82 782
411 661
694 483
622 18
199 249
563 243
182 311
664 375
272 355
798 407
387 291
111 230
437 3
747 466
48 56
488 129
625 686
578 520
371 401
326 357
437 90
387 618
189 252
781 460
394 568
654 568
60 552
797 285
554 533
538 390
377 15
306 789
701 85
299 61
273 624
417 710
713 591
317 689
44 299
350 437
654 792
206 714
545 790
786 89
313 525
478 689
539 783
467 229
656 765
77 130
378 493
627 81
73 732
769 116
232 109
340 88
102 333
589 646
325 576
734 425
90 201
103 416
772 569
645 629
324 721
546 701
204 163
781 276
96 540
180 115
648 519
788 749
640 578
596 752
143 320
378 20
520 480
436 493
38 70
111 361
578 445
52 569
607 620
633 702
361 14
18 210
320 8
160 161
373 544
114 304
651 491
323 372
758 653
584 615
551 732
395 197
783 751
591 393
585 282
541 598
300 751
706 95
698 68
255 231
768 558
83 248
83 243
794 628
683 579
445 223
512 627
208 285
579 798
677 366
282 419
751 369
159 658
251 59
514 505
77 483
265 160
518 347
190 513
762 74
293 408
84 7
24 291
291 391
291 755
544 360
375 496
516 534
144 766
380 445
472 244
715 524
403 434
72 380
735 36
241 229
231 325
23 43
615 101
433 693
57 178
42 220
461 557
541 604
524 122
38 784
153 752
509 556
176 369
723 112
404 166
128 422
278 151
464 94
251 98
575 96
63 616
315 524
375 57
117 686
764 155
671 118
694 382
461 71
750 174
768 143
339 98
352 616
248 18
497 286
701 61
169 764
677 483
489 41
327 605
726 80
547 599
784 443
768 234
513 507
407 483
437 533
580 788
138 615
593 635
688 284
695 59
249 361
329 525
401 444
119 117
311 666
503 296
310 472
318 610
766 512
294 404
247 661
181 384
265 774
8 741
47 491
1 295
639 117
607 242
348 725
358 659
380 648
742 689
321 49
289 76
561 582
479 9
233 447
180 285
422 774
227 256
466 15
550 94
132 146
335 267
659 480
