637 2292
203 349
430 339
222 81
71 108
226 505
508 365
252 14
538 622
598 225
45 242
478 396
272 376
603 367
586 435
312 361
65 569
126 548
324 401
45 449
509 271
316 433
52 621
446 589
23 460
177 121
64 17
516 390
446 481
173 394
332 484
117 451
469 242
361 156
6 406
604 568
93 336
363 144
374 226
150 396
48 326
516 166
396 448
555 204
346 144
14 40
627 185
490 459
480 268
31 539
90 634
469 236
386 195
433 122
420 582
517 521
324 449
49 82
260 20
339 605
163 407
61 207
591 605
28 433
235 112
335 324
108 166
613 493
414 408
32 196
353 548
134 39
360 182
175 36
256 567
57 418
336 117
624 289
84 68
85 372
179 473
112 340
1 87
250 469
549 281
81 264
245 214
356 21
396 584
56 14
514 166
485 212
283 526
555 420
593 56
209 189
528 320
528 582
461 194
413 372
474 494
52 136
70 407
156 519
354 266
586 284
431 434
549 130
376 466
604 331
521 175
573 465
548 518
410 371
74 239
159 602
149 210
100 219
617 309
154 387
574 157
33 422
7 635
551 382
464 571
75 401
108 65
283 73
582 109
443 18
347 19
619 496
228 135
131 261
444 338
10 434
494 96
218 500
94 186
244 611
119 373
428 281
437 73
407 381
181 212
398 528
284 434
440 512
622 624
135 482
324 199
279 181
348 550
97 495
152 341
468 325
130 313
22 566
385 428
363 566
56 177
510 340
27 366
214 12
352 402
493 92
600 188
272 311
155 423
222 360
180 107
47 309
419 122
291 166
549 70
148 605
246 74
361 273
493 574
338 207
392 247
299 355
489 624
82 6
463 357
365 5
463 466
313 244
587 20
464 553
89 28
574 389
156 297
78 11
287 415
218 41
24 570
449 566
610 584
571 436
304 353
440 129
235 170
427 238
189 253
153 332
334 89
83 489
439 160
500 88
628 134
183 68
120 631
634 92
578 567
527 244
336 384
372 570
553 215
171 158
521 377
543 218
466 625
123 321
201 39
409 191
172 591
259 345
1 255
437 578
238 380
184 628
180 610
560 149
187 147
307 71
524 266
342 406
254 464
143 508
557 551
116 145
558 374
490 559
45 289
553 336
85 100
326 265
126 303
413 366
449 136
490 389
456 194
211 126
75 354
633 48
321 111
192 242
538 44
217 582
386 132
335 471
285 23
152 464
325 618
193 191
171 45
579 626
293 207
114 421
560 163
468 297
274 22
592 228
120 171
173 505
357 561
392 58
583 597
522 325
632 77
515 219
175 510
207 521
79 374
358 55
536 242
352 226
318 360
454 437
531 43
358 304
603 113
361 602
126 245
289 120
375 166
338 604
39 598
541 171
388 262
226 287
557 631
566 237
353 382
90 300
478 448
20 443
614 381
408 102
42 113
276 417
279 30
437 317
628 340
541 378
18 129
81 575
176 64
174 583
499 318
299 340
128 319
199 158
116 23
313 157
136 588
627 414
35 426
147 79
183 50
510 200
233 591
191 462
71 365
407 569
45 69
271 226
441 470
383 556
546 58
129 44
63 119
511 97
598 20
175 197
124 47
397 356
54 587
234 124
368 4
56 466
126 326
108 620
212 490
538 121
602 29
218 27
201 92
123 216
165 297
412 288
397 225
60 451
229 294
574 13
351 46
533 530
426 3
512 637
547 412
174 511
494 446
537 112
537 22
381 64
372 155
352 185
434 465
635 79
121 626
91 525
34 40
417 459
43 291
513 589
119 103
462 30
548 415
141 447
436 521
565 224
92 333
408 579
160 460
20 335
448 165
222 535
204 2
411 246
346 340
251 465
442 129
494 407
543 51
270 395
625 197
618 79
529 443
21 106
265 94
440 129
258 78
80 462
133 490
124 479
192 429
360 51
557 270
457 463
320 89
274 361
340 255
439 231
114 513
390 432
24 192
560 281
270 2
159 402
546 337
297 100
128 19
204 101
342 23
563 78
166 254
438 505
562 294
152 38
223 542
469 246
96 445
527 419
500 102
238 462
438 588
616 619
607 182
83 365
205 62
443 370
315 243
291 239
536 442
276 122
346 161
367 496
22 310
277 576
466 568
400 266
519 378
248 542
560 330
269 181
391 74
604 123
371 257
361 269
61 54
444 407
214 228
319 290
591 595
228 419
580 627
102 461
368 349
365 344
95 50
524 539
178 544
24 548
163 385
179 277
492 40
46 68
267 418
411 274
376 1
56 318
628 157
195 412
559 613
172 16
25 112
608 202
18 49
166 234
487 399
510 341
438 610
408 121
390 236
394 182
236 503
553 280
22 110
108 634
139 279
66 218
444 37
473 515
85 2
111 571
400 621
274 200
593 98
374 399
333 130
581 623
633 496
265 71
23 373
122 161
68 187
378 512
223 214
389 361
215 554
348 31
537 621
284 546
136 20
361 522
149 304
507 198
217 135
323 239
561 444
453 45
47 194
610 270
461 362
47 92
332 395
122 231
432 405
193 567
424 553
506 626
274 375
241 490
563 617
145 486
477 597
585 523
153 557
209 30
335 256
121 29
13 296
259 498
117 505
482 594
475 350
637 111
87 294
600 13
273 107
552 112
120 499
634 327
473 206
356 170
515 531
199 581
243 511
441 360
379 285
370 270
634 369
380 138
25 396
204 297
556 172
462 38
88 513
364 560
135 137
92 12
30 290
592 326
164 449
102 596
151 472
228 147
203 607
338 282
419 541
632 337
76 457
428 163
386 155
85 520
345 176
531 428
520 539
116 46
404 218
58 554
52 285
64 308
308 401
589 143
359 1
479 434
457 323
13 205
531 97
141 238
326 34
28 208
626 144
307 392
361 364
363 466
65 480
190 426
297 142
568 18
142 463
505 15
149 517
273 42
30 413
334 356
500 361
617 542
558 341
350 335
121 75
163 186
554 353
28 214
548 13
231 106
475 99
174 40
615 446
136 62
275 469
417 137
246 450
41 167
153 444
501 274
519 81
513 435
487 540
65 397
552 296
556 444
448 92
483 479
591 35
540 228
557 373
418 166
186 458
332 338
318 249
28 199
329 540
51 178
443 115
628 411
464 546
217 274
54 117
170 7
205 126
234 125
499 14
290 47
525 38
438 206
286 466
458 32
368 508
209 227
623 254
1 503
216 271
140 270
441 363
276 9
488 510
133 349
577 476
449 465
513 250
87 161
78 544
192 499
415 455
89 454
125 143
319 340
413 512
609 217
237 248
279 88
174 411
490 167
249 302
631 178
605 134
392 99
41 1
597 509
455 102
325 633
244 6
335 74
572 307
344 171
608 622
312 198
449 219
364 60
520 412
291 541
545 45
2 585
45 598
456 499
63 197
494 306
203 246
433 137
552 139
361 576
123 90
136 571
308 553
47 190
327 337
147 289
382 148
236 426
108 109
342 224
305 252
584 561
497 379
114 465
518 529
457 3
618 592
628 288
562 37
531 305
428 40
593 172
187 246
14 348
354 355
572 75
24 572
53 520
313 220
402 193
111 221
250 91
230 294
432 154
384 325
458 174
418 468
399 604
76 413
369 429
184 357
557 261
291 609
198 603
192 599
213 356
182 516
447 465
172 295
35 555
37 547
146 454
377 544
475 452
373 206
297 557
616 216
234 269
242 431
288 433
392 554
205 628
486 68
455 20
363 490
629 399
453 137
215 192
43 52
6 416
311 302
389 289
571 622
611 175
416 316
24 224
232 229
214 81
296 86
154 21
629 199
473 444
335 51
52 432
156 57
264 521
412 69
172 345
53 200
574 522
515 14
163 242
430 297
592 515
451 612
560 12
502 420
401 552
471 195
124 581
458 7
355 526
233 117
632 432
107 571
363 120
96 525
362 579
185 370
511 52
398 433
117 262
270 517
176 103
128 300
101 585
360 455
527 592
625 576
440 148
563 165
268 75
107 46
16 291
415 526
396 175
322 512
437 8
446 29
110 573
382 264
521 105
82 464
59 123
456 499
271 381
80 538
455 186
637 471
530 414
413 288
5 151
217 441
158 25
470 322
597 214
585 534
372 83
415 485
206 233
346 530
31 479
484 485
28 483
372 611
313 148
262 317
298 532
121 510
556 7
194 569
274 141
466 9
224 243
493 483
529 255
375 559
150 275
461 177
120 249
205 432
450 466
165 414
285 37
332 345
230 263
619 424
145 44
64 441
590 600
333 261
391 308
410 28
131 4
201 434
208 49
246 90
214 410
503 552
446 197
260 92
513 295
570 75
338 633
515 344
13 264
604 403
626 376
485 173
433 48
606 3
97 215
92 310
624 594
224 487
207 483
632 137
194 564
265 585
614 196
291 626
460 311
445 502
104 292
37 536
340 6
539 436
220 47
162 260
4 385
109 264
285 104
400 532
84 81
480 60
277 187
102 153
498 547
17 601
255 53
499 594
58 454
446 331
501 24
591 558
463 116
184 164
273 1
58 357
81 537
470 357
87 626
509 1
535 579
601 206
632 516
163 106
387 25
437 304
49 444
224 565
613 461
91 249
461 148
22 596
102 545
315 188
533 241
242 484
182 259
53 230
191 269
336 577
347 189
243 449
49 466
376 24
344 466
326 167
31 401
125 132
363 494
373 312
151 614
159 386
235 265
616 425
587 368
365 296
610 24
162 75
544 537
98 250
420 478
470 450
295 595
581 20
505 316
332 72
292 544
457 580
171 489
367 174
273 148
469 299
226 630
373 132
584 471
381 420
365 267
232 22
224 229
42 145
544 427
216 252
333 90
194 557
578 614
93 268
179 615
566 404
25 302
535 608
189 332
390 553
598 38
628 239
266 32
437 226
512 70
477 207
159 87
126 153
117 272
420 295
250 403
61 274
67 12
298 309
343 50
278 358
141 268
596 406
354 449
631 228
518 524
489 39
610 614
246 89
249 28
384 552
484 498
188 604
510 485
275 269
588 552
626 91
183 1
550 590
450 597
180 330
483 31
423 455
62 31
597 364
112 397
278 13
312 519
616 184
420 254
506 370
222 549
514 458
549 480
410 415
439 7
162 284
37 1
155 152
31 168
515 196
565 209
208 293
90 187
476 563
494 398
295 78
309 225
590 221
67 362
52 505
368 213
205 459
267 413
610 351
581 542
547 562
167 171
217 311
411 109
236 321
506 585
399 178
172 405
452 293
183 557
214 605
187 419
426 453
194 452
167 137
410 130
115 577
300 331
250 74
439 539
448 308
486 209
539 21
30 407
313 213
326 526
180 512
361 22
328 609
473 494
162 300
623 277
239 339
607 542
466 409
443 277
133 292
539 88
366 569
494 95
198 182
37 377
57 398
398 438
369 287
294 584
586 333
223 241
34 193
199 554
18 5
193 204
350 148
291 132
79 147
226 276
382 316
69 438
76 466
238 498
116 585
445 118
334 84
359 422
330 557
338 347
615 584
604 381
94 257
566 173
457 154
502 202
524 571
56 599
453 294
514 622
295 375
103 629
512 461
413 205
434 113
551 466
59 572
263 152
191 192
378 11
399 297
266 285
230 321
301 45
31 231
30 326
605 186
317 479
63 146
100 496
312 68
378 424
2 4
629 192
195 370
256 593
29 521
295 312
205 595
410 235
188 493
614 209
41 347
50 103
492 204
16 220
271 393
6 272
396 635
517 7
421 136
600 503
73 257
177 331
268 586
620 455
496 596
26 536
306 129
2 214
332 17
434 602
463 439
290 222
490 170
282 273
305 244
138 431
554 368
125 238
371 107
55 229
119 80
127 478
263 182
55 594
252 542
613 78
397 265
353 250
434 634
576 155
295 77
586 265
444 73
503 177
233 557
459 351
54 586
192 316
130 300
326 436
204 355
513 17
620 282
266 470
278 259
625 626
335 627
254 195
116 173
426 348
146 247
61 199
249 306
568 379
605 311
231 225
28 106
242 64
441 561
534 81
182 575
124 516
618 431
128 96
603 553
443 111
216 557
364 465
280 348
260 247
75 490
472 103
12 130
220 452
53 170
586 235
107 72
167 87
502 294
182 521
263 41
49 533
15 466
360 294
176 619
594 305
525 482
407 536
611 43
350 27
213 298
315 319
424 481
460 342
138 58
226 454
153 274
349 167
102 125
514 331
106 470
635 47
315 458
582 288
501 348
368 76
63 45
448 540
526 270
244 80
382 469
587 534
159 299
63 260
423 576
8 583
462 5
46 139
463 628
481 380
392 265
455 508
310 265
410 252
589 71
385 387
539 334
283 61
49 399
374 472
391 381
471 215
440 516
408 265
560 251
61 369
569 515
239 241
196 66
546 201
136 293
587 91
44 286
205 92
47 579
617 437
376 450
69 178
383 476
496 359
143 556
90 74
487 383
369 100
448 331
354 637
624 304
90 84
589 349
175 53
344 209
489 82
75 557
314 457
449 226
179 591
199 322
28 48
67 450
201 568
143 555
567 183
275 74
266 226
422 495
278 128
66 184
263 194
157 630
68 606
219 246
559 417
621 3
518 51
452 82
618 595
53 602
194 327
92 460
606 567
371 301
111 490
484 373
46 57
366 113
25 1
412 1
417 396
3 297
500 509
432 480
520 484
498 76
227 589
589 196
518 322
496 628
174 396
418 220
452 200
386 531
200 161
531 33
556 587
329 418
458 178
314 340
78 229
470 305
180 421
554 115
106 466
159 333
224 630
606 92
192 355
39 445
515 569
477 487
573 223
321 393
454 634
150 531
225 36
252 459
456 168
627 615
633 202
365 273
195 333
419 440
50 457
248 618
443 141
467 378
363 150
187 179
201 390
127 479
425 378
354 244
600 343
275 12
599 2
339 156
389 174
12 438
630 313
419 489
454 302
283 233
452 470
466 15
222 9
547 10
440 264
307 402
606 635
468 621
54 169
139 442
342 205
242 388
517 77
294 387
379 576
37 247
408 556
261 630
564 170
56 366
487 416
185 456
413 69
439 466
291 632
270 49
253 566
436 132
59 146
573 491
85 26
100 492
581 414
538 561
584 10
289 433
425 527
305 255
12 161
83 302
209 407
350 461
389 203
9 501
348 635
355 432
23 454
341 603
231 241
526 231
305 232
80 92
175 439
400 187
599 483
542 224
306 255
101 111
511 109
611 221
107 382
70 183
199 410
203 429
67 91
76 371
376 155
517 605
593 279
208 608
178 112
194 537
420 294
10 293
457 38
514 617
419 637
162 34
463 364
516 529
509 591
317 301
163 250
268 172
528 475
143 123
587 390
22 369
101 86
79 611
177 9
590 12
8 168
46 470
532 561
415 457
569 94
120 94
343 442
265 288
279 461
410 282
268 485
68 368
624 200
341 163
208 347
175 215
514 274
101 462
197 515
281 182
26 455
329 422
259 11
72 591
471 535
290 155
437 411
522 423
610 279
586 234
42 177
502 610
450 602
434 63
533 132
245 558
3 627
343 261
637 468
268 525
420 611
42 219
438 618
4 464
313 589
60 409
182 561
381 631
525 177
57 421
362 355
395 364
398 154
41 398
622 363
339 404
336 380
622 191
414 42
17 144
631 77
552 175
637 295
223 579
525 333
362 250
50 173
30 447
327 71
261 365
487 599
185 396
169 429
226 210
446 369
257 522
283 486
521 631
125 516
519 457
294 185
560 467
214 423
210 338
47 574
187 62
121 426
511 343
217 100
606 25
522 280
600 222
182 538
215 306
416 150
125 73
334 47
539 602
469 111
302 569
101 543
631 275
331 504
617 547
20 2
626 542
281 588
126 462
488 340
130 267
544 308
339 240
408 294
258 240
458 560
225 612
519 272
249 212
193 228
175 212
229 163
116 564
168 295
388 18
52 572
338 595
296 93
197 67
440 509
360 260
485 584
234 366
219 536
577 465
126 168
39 409
385 209
389 552
503 139
623 554
127 324
511 423
416 125
489 219
633 265
532 480
211 183
262 483
81 201
310 261
422 403
86 169
28 474
83 530
29 69
501 156
446 428
632 278
606 537
550 18
164 445
551 428
44 175
328 124
429 637
438 214
456 523
382 483
359 465
430 388
587 293
543 395
137 591
35 106
490 585
123 70
446 37
497 489
265 187
29 57
241 467
270 113
352 68
596 74
532 388
515 535
97 474
346 287
427 435
392 333
436 569
456 244
22 315
149 286
556 231
396 213
114 28
325 466
96 337
593 44
141 524
633 237
360 341
578 149
138 386
535 627
317 353
233 392
84 435
95 56
83 490
268 196
518 10
78 30
346 87
127 487
610 122
140 332
517 80
534 17
466 431
7 199
200 293
591 284
145 102
339 227
591 24
476 525
33 554
608 378
3 98
227 613
273 421
307 152
500 204
223 382
51 283
581 251
629 588
534 136
52 289
416 59
312 255
584 344
225 554
85 227
68 365
256 341
148 617
492 11
183 77
446 287
359 389
537 405
393 487
540 498
139 373
557 504
44 557
211 268
473 349
548 541
76 167
244 224
146 152
288 382
229 96
85 4
539 622
408 348
525 365
209 80
154 182
584 197
101 157
518 627
505 482
584 580
65 244
220 210
396 507
8 41
20 93
98 612
131 560
322 72
341 584
152 494
182 98
107 336
254 41
380 175
522 326
171 4
624 391
267 382
314 275
476 387
421 627
361 605
549 100
39 306
100 190
216 282
287 376
617 594
416 413
131 355
102 302
358 88
109 624
523 422
315 415
172 152
404 586
173 370
48 212
38 148
455 254
429 159
629 462
169 462
292 354
233 393
18 7
534 180
47 473
18 416
250 189
567 70
192 103
439 239
368 477
386 185
147 231
343 192
110 512
16 401
228 302
210 299
308 160
532 355
49 549
133 352
155 116
421 346
218 277
584 585
170 387
187 316
34 583
507 197
511 577
14 101
241 277
453 549
436 347
320 538
313 452
306 467
567 90
175 202
420 175
203 589
561 389
267 12
335 190
208 129
222 363
424 498
232 335
351 633
17 251
308 522
557 137
505 63
365 69
482 539
326 487
517 77
170 528
465 359
98 90
542 319
506 328
234 154
79 584
149 251
510 33
224 63
537 286
427 23
184 383
402 87
262 478
256 152
360 32
249 503
573 622
425 317
218 578
395 218
144 543
468 16
575 55
79 528
394 559
604 632
304 368
81 619
263 391
133 39
422 436
541 411
474 382
90 108
322 484
325 465
389 209
481 380
317 613
324 74
534 345
122 255
129 256
236 391
9 423
483 430
221 440
203 111
184 292
218 506
192 542
387 634
167 230
376 484
259 117
557 210
515 95
464 6
350 116
451 359
592 296
205 175
153 462
339 336
170 556
204 362
514 8
358 44
237 151
581 550
321 500
122 198
11 2
257 360
171 70
135 126
420 394
354 572
218 56
270 387
28 528
165 596
535 577
2 188
144 582
100 464
498 275
78 562
330 334
284 501
458 473
43 240
229 396
174 446
505 497
249 533
441 468
491 338
407 546
580 550
544 96
430 458
425 561
382 117
311 82
34 131
554 76
424 145
472 14
7 339
511 256
288 314
86 141
69 546
49 65
458 9
160 304
466 1
281 210
118 591
292 151
85 208
281 508
407 115
522 413
507 449
31 158
179 170
352 247
78 455
365 589
463 579
309 292
579 589
555 113
543 263
318 627
525 598
551 294
129 489
123 635
300 154
209 479
377 561
142 509
378 507
460 257
502 132
548 443
83 520
556 42
145 236
85 32
250 636
379 378
487 502
429 204
72 1
45 448
615 240
319 355
163 196
611 27
381 576
470 517
458 442
559 19
94 6
105 343
58 483
137 545
347 565
165 472
565 209
337 542
502 18
313 28
267 341
54 10
279 577
527 153
381 448
225 528
507 329
233 565
175 369
526 575
351 53
464 278
315 163
237 179
234 603
206 501
306 260
510 1
199 453
207 634
263 432
524 187
123 174
114 351
596 2
289 309
54 115
4 368
277 294
546 564
259 169
427 619
428 354
619 43
169 189
93 486
620 617
35 159
207 148
510 165
203 215
528 256
383 531
40 76
241 585
2 499
116 429
480 597
145 516
57 367
121 149
215 157
182 303
315 388
504 187
607 69
455 551
378 200
498 417
275 101
419 277
16 588
68 496
602 266
428 21
49 548
223 264
67 405
620 381
209 487
622 232
555 439
145 296
2 59
129 276
159 547
552 175
552 36
87 516
355 514
590 404
478 175
84 544
633 66
341 205
606 325
490 524
181 635
236 56
418 511
269 382
480 497
296 569
583 228
287 513
180 107
353 354
190 313
350 309
16 608
278 395
460 218
629 511
507 227
621 287
154 252
85 633
111 380
619 110
607 322
39 149
428 445
557 34
120 269
396 189
239 90
637 115
307 628
626 230
217 26
517 425
277 601
420 441
398 455
604 367
139 5
570 620
449 489
16 622
174 466
173 466
555 173
580 225
