105 2095
90 47
45 44
51 60
83 36
22 88
104 16
53 18
88 50
2 49
63 70
73 3
61 90
66 21
24 52
20 90
13 43
7 34
93 66
11 1
65 75
104 57
104 51
75 64
77 76
89 35
18 57
14 55
18 79
75 41
2 71
3 97
9 25
101 51
12 78
10 63
76 67
38 22
36 101
75 88
85 86
105 13
100 54
30 50
105 48
52 48
50 43
33 35
44 28
85 55
1 95
94 53
56 26
51 68
104 21
27 60
1 4
72 77
34 78
22 34
20 50
58 46
92 90
80 7
94 60
38 71
26 19
58 28
69 102
3 66
23 62
67 3
5 15
37 83
36 47
79 85
104 20
48 88
76 54
76 7
91 42
32 93
37 89
16 105
85 18
66 85
57 4
87 38
18 100
97 54
41 71
10 16
67 58
103 14
88 51
21 51
69 52
38 105
13 30
81 97
25 41
53 58
21 12
95 39
6 87
69 24
29 55
39 72
89 14
85 72
64 105
17 4
52 31
3 64
38 83
32 62
101 62
14 98
73 3
31 55
66 76
78 71
26 12
37 91
2 17
57 65
98 50
45 21
58 47
61 95
1 70
51 78
26 41
71 98
20 78
47 63
26 102
28 8
65 13
9 58
70 50
50 96
94 48
25 12
3 14
94 72
41 67
97 81
9 66
78 63
90 35
88 86
62 10
70 103
23 55
55 69
104 82
59 69
1 84
57 3
74 45
52 10
88 20
67 73
63 39
31 47
73 13
4 7
23 73
4 22
22 36
90 102
12 20
42 12
80 98
96 26
14 42
35 79
39 78
46 101
12 53
42 61
43 45
67 42
94 48
63 92
83 24
88 71
43 1
82 100
98 49
20 88
68 31
61 1
3 84
101 96
8 14
52 50
35 95
91 23
14 25
9 96
48 73
61 91
73 14
62 42
63 81
24 25
6 62
2 8
40 102
104 24
10 27
74 44
98 36
43 7
61 51
79 3
100 35
70 67
25 26
3 64
83 3
65 64
66 73
103 62
48 104
48 51
72 68
20 2
5 26
62 32
105 42
26 11
88 69
12 9
48 76
68 51
35 28
9 101
77 89
34 19
87 82
46 53
21 65
31 26
68 70
34 44
6 60
31 93
105 42
78 48
12 41
98 47
45 1
19 16
89 52
11 47
5 56
99 26
97 2
28 36
71 61
79 53
97 4
17 97
23 95
16 34
7 8
57 51
90 75
43 51
22 53
97 3
3 68
28 76
46 32
7 11
70 85
40 61
66 56
29 65
22 21
98 5
28 27
55 95
101 97
17 99
21 8
102 23
52 1
76 97
10 82
84 79
38 18
34 80
51 40
39 72
60 9
77 65
35 3
31 30
77 47
1 97
31 79
97 83
79 67
51 88
20 30
38 57
24 72
32 74
88 47
18 19
55 94
60 89
73 90
96 44
31 96
36 39
69 4
98 19
70 43
84 66
49 16
17 73
64 25
18 46
72 35
42 21
105 101
5 73
63 77
11 70
67 23
3 7
3 100
25 49
38 3
9 63
101 26
7 59
50 25
82 98
36 18
14 36
95 100
85 52
71 95
17 9
95 19
15 97
96 39
41 28
19 26
67 14
51 74
49 78
75 25
47 87
42 60
99 9
31 78
60 101
45 76
86 34
72 100
2 62
11 19
66 6
22 27
101 72
77 44
21 46
69 68
5 87
104 103
95 30
76 27
2 15
102 88
25 45
59 3
1 69
104 66
74 20
70 69
68 41
90 66
64 30
28 68
93 3
65 83
9 12
86 11
3 59
75 27
104 28
7 104
74 5
42 19
1 6
65 68
23 49
28 63
78 32
25 65
35 67
19 43
55 104
30 58
58 81
84 33
86 67
31 54
71 49
72 71
31 11
54 56
38 93
28 70
95 70
81 56
65 100
5 64
25 62
98 82
18 25
62 84
32 92
27 81
59 74
88 66
84 13
17 1
21 63
95 90
38 45
50 9
26 90
33 65
59 92
59 83
48 14
91 35
17 66
70 91
49 30
46 38
23 39
38 44
101 27
28 10
48 54
19 51
38 28
10 96
14 45
50 39
35 36
50 52
78 96
37 103
20 82
36 43
16 73
86 93
77 90
103 19
16 98
69 30
102 55
103 11
76 47
26 6
59 52
57 9
42 70
88 61
23 100
80 15
45 37
3 16
104 82
11 14
51 80
43 47
6 17
34 59
64 59
64 99
87 97
84 23
61 67
61 83
61 35
98 105
49 77
15 24
30 26
14 80
82 56
21 64
73 55
17 8
90 80
83 72
71 62
94 3
23 49
63 83
61 32
60 86
85 51
4 9
76 17
88 29
49 3
93 98
57 86
82 42
61 60
8 3
16 78
88 15
22 74
59 53
28 39
32 79
19 40
26 35
22 32
60 1
101 53
35 81
6 76
13 65
60 98
57 32
80 71
30 101
17 88
25 21
103 33
76 16
72 102
27 70
5 87
47 105
11 81
57 16
51 70
58 87
62 9
96 13
57 20
90 73
85 9
93 82
41 64
75 89
37 78
30 18
36 76
99 46
52 50
39 79
96 73
61 29
81 51
18 9
47 2
58 26
92 23
85 4
63 31
69 99
3 98
93 39
69 86
61 97
30 76
70 103
43 2
26 101
52 44
4 76
45 39
101 9
61 57
12 18
87 81
93 67
50 80
82 95
60 37
86 66
8 51
63 27
52 66
22 81
4 3
51 25
41 23
33 78
57 22
72 15
79 59
81 23
10 57
13 69
71 98
6 55
20 46
81 49
6 80
1 9
82 51
33 99
50 43
48 83
64 14
98 37
72 50
36 81
84 48
21 49
18 3
103 37
48 55
62 53
29 62
61 87
89 71
80 34
90 104
11 25
12 85
38 60
30 73
12 8
16 9
33 10
12 7
46 59
61 85
89 90
41 21
48 25
91 105
35 52
103 45
76 92
2 8
46 31
81 35
15 73
43 47
82 54
30 104
90 83
73 51
19 70
99 20
33 98
54 84
72 98
55 58
99 39
104 1
14 10
97 63
52 15
39 83
44 15
44 29
97 93
56 92
57 26
6 89
18 59
45 67
29 99
19 104
32 99
82 23
3 73
85 32
88 101
9 26
10 29
31 83
16 87
70 72
7 52
33 2
6 77
68 11
47 63
9 55
57 90
77 59
35 34
90 17
29 75
42 15
103 73
97 13
31 38
62 37
67 71
15 49
42 82
59 65
17 44
14 73
6 91
3 40
19 70
56 24
39 97
38 14
41 6
3 71
21 64
85 87
6 99
30 24
53 88
88 69
3 102
13 8
64 15
47 59
84 102
82 100
71 96
8 88
78 92
31 98
28 92
79 33
62 3
57 9
67 39
54 47
12 43
54 52
58 101
5 13
74 63
89 16
53 73
104 26
60 6
100 87
97 74
14 53
53 47
39 97
63 69
38 74
7 91
21 64
63 2
53 9
65 14
24 94
86 104
96 40
4 91
21 77
59 12
25 88
58 63
56 15
26 93
66 9
56 63
49 95
64 102
103 105
10 104
94 72
102 84
7 83
69 4
54 104
97 55
64 50
94 14
41 97
84 83
105 34
17 49
105 81
45 103
57 31
101 45
102 74
1 85
28 46
66 82
22 57
8 85
83 102
75 101
93 53
78 92
63 95
35 63
47 56
37 80
63 9
20 37
59 102
98 87
42 58
40 92
47 101
46 43
71 41
7 18
96 99
58 62
5 15
85 38
28 59
100 36
55 8
94 51
1 75
70 35
91 86
103 33
82 44
52 47
61 59
41 51
29 75
89 10
66 45
47 93
104 19
105 30
26 94
58 3
40 104
15 26
84 12
35 37
55 63
83 93
16 101
38 21
70 104
31 8
43 54
100 18
72 100
25 75
65 82
54 81
57 68
83 35
57 12
72 88
75 26
75 67
103 90
65 45
88 72
52 2
20 46
102 69
17 21
15 81
79 68
57 30
8 11
41 23
89 23
74 10
98 12
89 82
76 28
41 19
79 19
39 102
15 84
13 12
98 71
67 37
104 73
21 9
9 61
8 97
84 81
83 53
70 67
29 17
94 46
36 45
64 51
41 56
29 30
44 21
100 6
57 98
55 2
63 10
9 32
70 67
9 17
31 52
22 24
41 67
59 62
3 4
102 58
32 26
78 29
103 60
63 95
10 12
73 49
103 82
80 68
20 66
61 27
12 83
50 29
21 86
90 23
89 63
57 98
66 30
21 63
89 60
29 98
71 102
19 69
55 98
8 74
58 68
100 70
45 21
98 43
1 60
65 67
17 99
36 82
23 33
39 88
93 68
58 41
76 103
95 68
5 40
21 50
11 67
71 31
36 8
9 95
50 52
7 43
87 88
42 14
104 24
1 43
81 36
83 51
10 49
96 97
88 93
41 98
54 88
105 66
96 8
56 17
59 39
59 17
21 100
31 101
18 8
38 76
20 97
103 30
40 93
103 22
57 15
96 87
102 96
48 69
80 103
85 11
36 15
27 33
9 34
6 4
19 20
56 15
12 53
21 28
18 27
74 32
17 56
6 89
103 74
41 77
31 51
89 45
54 98
31 65
80 34
60 100
66 74
88 13
95 10
30 7
36 81
16 30
31 21
13 5
71 30
58 101
80 18
41 6
92 71
47 67
81 1
61 41
51 43
30 40
29 37
24 65
12 16
94 19
36 83
105 83
8 57
79 64
51 14
46 37
61 92
103 36
69 58
53 15
77 82
31 1
13 54
42 1
69 30
19 81
89 100
59 73
51 9
32 101
104 54
10 59
18 7
71 86
42 18
77 13
76 3
13 66
33 31
66 79
60 62
31 21
56 89
93 84
74 101
56 72
27 65
2 44
72 1
8 66
78 102
14 57
92 79
66 17
39 77
100 70
74 51
30 38
29 104
34 84
47 60
21 49
80 92
97 80
76 58
29 72
71 85
58 44
46 75
59 61
23 31
25 96
81 32
28 86
30 38
41 53
74 61
101 48
24 93
105 99
22 28
66 69
90 18
7 92
42 67
9 72
69 81
24 100
86 1
18 104
30 69
59 26
93 60
13 92
53 11
97 95
79 81
8 62
64 76
103 25
62 70
70 37
93 41
99 51
18 12
49 48
57 84
73 44
38 62
8 68
72 104
57 22
56 41
83 14
94 80
15 50
21 85
63 91
102 34
36 15
22 84
62 78
62 6
98 77
44 105
39 92
80 72
8 30
8 90
20 78
41 35
104 62
96 38
47 92
71 59
1 92
37 39
64 75
44 57
46 87
33 61
73 8
28 57
14 12
41 11
89 82
45 87
15 12
19 38
103 67
96 81
53 4
14 94
55 35
22 101
98 54
56 43
38 83
99 29
94 35
39 54
93 60
35 84
71 31
16 68
97 88
43 44
68 34
9 17
68 30
12 37
84 45
79 98
104 73
21 70
84 59
18 48
13 53
26 83
60 18
23 51
105 42
71 44
52 80
60 14
4 49
28 64
70 1
57 68
73 77
32 51
31 50
98 20
79 100
80 33
12 102
83 93
15 25
31 67
104 68
57 3
11 84
66 80
85 17
19 29
71 51
80 101
77 49
97 50
44 71
82 55
44 36
20 59
60 27
20 59
94 53
38 81
32 80
32 93
97 51
16 62
101 72
34 72
16 25
98 36
73 51
67 11
86 46
17 8
42 52
78 95
89 54
103 64
85 90
32 30
82 70
2 49
80 50
41 104
42 76
48 92
37 59
49 18
104 43
2 41
94 79
7 55
27 4
13 89
70 21
95 46
67 97
71 41
41 6
16 60
81 64
23 13
99 49
7 74
91 8
9 79
63 97
5 67
100 99
50 41
14 39
87 80
30 52
97 48
35 8
84 10
48 83
104 41
26 5
9 93
94 100
44 52
91 48
13 63
42 62
103 32
77 61
89 84
90 80
3 19
64 86
5 6
63 4
46 66
8 32
53 102
3 73
25 93
16 37
27 57
75 2
65 46
62 48
24 23
23 26
41 63
88 23
69 23
26 91
65 10
17 12
6 19
62 30
89 77
43 92
5 12
93 69
58 50
94 58
49 93
61 67
50 43
89 13
42 9
104 1
18 97
95 1
93 51
7 53
104 50
39 3
38 27
48 72
53 36
25 101
105 62
39 50
81 22
39 18
30 37
18 25
6 89
25 75
34 8
22 32
34 37
11 72
63 36
38 92
71 39
65 71
100 103
97 76
20 30
93 26
44 87
50 49
71 51
100 81
36 16
90 69
52 100
35 92
30 73
55 78
88 96
20 83
71 11
53 67
40 17
92 60
80 14
85 45
41 79
103 76
71 87
40 100
58 51
86 88
100 12
37 83
85 33
60 50
43 89
11 59
105 79
14 79
92 98
101 5
49 98
80 14
56 96
8 42
70 72
13 82
85 95
61 12
26 87
31 9
97 90
90 70
80 41
34 49
13 38
97 5
94 6
37 62
13 44
103 60
93 92
36 72
82 73
61 2
54 91
93 22
52 54
68 26
94 101
75 1
10 43
87 104
25 18
60 38
39 34
74 3
20 4
51 78
53 6
57 83
97 21
104 43
74 43
46 63
39 97
40 25
34 22
105 59
16 36
73 54
69 41
33 66
21 84
15 50
66 71
27 57
91 2
77 37
44 17
99 59
90 33
61 100
31 60
53 47
96 102
77 36
14 5
78 11
65 93
60 25
35 63
59 103
64 30
34 85
23 4
15 89
13 75
83 44
7 8
67 102
4 15
9 100
101 87
5 60
51 42
62 104
15 59
40 21
69 101
20 72
92 3
62 85
105 45
69 43
41 73
57 26
44 53
89 25
89 34
66 45
73 65
59 26
81 56
72 76
75 15
62 54
76 100
11 52
39 79
94 56
23 82
66 75
42 91
58 76
51 103
43 92
33 45
67 66
93 14
12 3
76 66
55 47
76 2
86 26
72 13
49 94
71 91
63 8
76 98
60 104
72 79
67 81
100 6
41 88
19 53
67 71
95 16
13 42
17 75
67 66
87 92
54 30
78 94
14 25
63 73
23 29
46 90
86 40
95 22
104 90
51 65
56 17
81 68
58 74
14 101
34 77
88 65
1 60
53 14
84 92
63 84
15 3
45 100
20 11
98 100
100 20
60 50
36 12
94 70
85 2
66 96
79 48
55 56
2 84
70 62
70 27
40 61
7 84
32 3
94 25
102 89
21 33
10 57
44 81
21 1
82 63
96 32
5 22
88 105
29 45
46 32
61 1
15 40
32 99
5 33
96 70
31 105
80 64
44 55
61 44
8 19
11 40
23 32
104 88
8 4
27 30
12 87
30 27
103 38
102 3
48 69
72 78
69 23
13 89
77 73
4 62
91 14
78 91
22 76
73 6
56 99
35 67
57 41
70 55
55 44
34 79
7 82
51 75
105 63
58 53
8 61
9 98
51 86
83 72
33 27
54 65
102 88
4 54
105 50
85 55
93 95
28 100
71 56
69 70
95 104
18 102
59 3
72 87
89 26
53 98
53 2
58 49
66 61
79 43
5 35
97 98
24 101
92 95
51 32
36 18
30 53
96 66
33 62
47 16
65 76
90 12
54 42
37 97
79 93
34 84
22 25
53 23
102 16
12 25
24 42
31 54
32 96
86 71
14 78
30 89
62 18
15 81
31 6
54 18
39 9
17 40
61 39
36 53
27 60
77 50
78 2
103 87
74 60
29 87
32 58
47 94
52 61
46 82
43 99
77 81
3 93
97 40
3 5
70 29
64 41
55 14
19 30
77 69
89 105
50 98
34 73
86 85
6 3
38 48
101 9
1 80
78 97
97 80
101 61
85 37
78 35
27 96
41 103
59 1
102 85
98 30
29 55
91 34
57 23
82 53
32 59
4 50
100 84
23 55
40 36
27 51
62 99
91 36
29 69
32 90
61 38
14 93
23 47
44 45
105 73
76 58
77 57
85 48
12 84
103 51
14 1
102 52
77 64
87 105
27 95
90 88
27 80
52 26
21 95
70 103
40 18
55 11
51 11
58 62
94 32
7 2
10 85
30 86
44 11
62 47
82 23
6 3
102 57
5 100
47 75
97 86
69 23
73 14
34 2
75 22
34 58
1 20
15 7
105 58
18 61
104 99
61 5
79 57
38 83
51 84
29 42
41 74
42 8
87 75
92 33
73 102
68 50
16 82
57 97
11 74
29 9
44 89
95 99
41 5
54 68
88 82
87 1
51 23
90 9
74 76
19 41
72 86
91 64
62 42
55 72
92 84
57 7
67 24
83 84
28 31
47 92
89 28
69 11
27 54
20 100
24 15
35 73
100 102
31 33
15 63
81 1
41 9
90 84
9 67
63 13
97 86
105 57
90 68
68 11
98 64
5 99
78 39
66 49
13 73
58 27
30 33
5 47
18 94
3 27
32 42
39 105
22 15
56 6
60 18
98 52
58 102
45 30
12 87
55 24
55 7
51 61
39 55
85 57
20 87
60 51
23 98
50 21
90 105
3 44
100 72
52 96
12 59
84 98
8 3
24 15
30 62
30 61
41 63
57 104
17 2
21 92
51 18
76 27
20 14
21 96
85 50
86 73
3 41
43 10
20 43
1 49
104 31
86 39
93 37
37 87
15 34
73 65
28 43
69 24
56 66
14 12
10 76
62 94
12 104
81 31
41 81
57 40
88 14
55 53
28 69
34 42
79 1
84 2
43 47
25 75
89 39
63 99
91 19
64 102
99 39
5 35
97 38
51 79
51 82
26 78
45 59
15 19
36 98
20 78
16 21
24 104
36 87
74 22
82 33
18 76
48 104
87 39
36 32
13 87
8 15
59 30
51 50
48 86
19 44
36 11
41 59
10 77
17 60
98 99
69 92
46 12
91 27
50 21
35 39
2 42
54 38
48 104
64 95
61 83
10 96
70 51
50 56
22 43
11 96
13 79
82 58
67 84
94 88
13 27
66 32
57 103
79 32
62 46
93 16
32 60
85 82
86 36
80 24
23 70
36 78
24 94
40 90
49 5
72 62
8 33
70 65
7 43
73 45
65 37
37 97
97 99
50 54
6 2
77 28
71 8
82 94
78 98
56 21
102 22
59 5
31 23
46 15
43 13
59 84
27 73
75 100
66 102
48 103
20 75
45 4
28 34
58 21
66 78
17 64
9 103
95 31
43 86
50 33
39 29
59 88
80 30
48 76
77 95
50 73
41 95
53 69
105 5
66 65
60 82
23 68
80 94
75 99
74 102
26 90
2 61
72 81
90 15
29 62
86 78
6 104
67 59
44 66
63 4
25 99
62 25
38 13
13 90
7 87
86 9
71 87
70 37
39 54
28 67
10 91
40 16
89 83
51 4
21 8
89 22
84 45
46 16
35 59
105 18
17 62
26 87
43 95
100 82
44 105
20 30
90 36
22 50
14 72
30 34
57 13
55 35
57 78
27 68
31 27
85 47
65 6
5 3
100 104
61 15
103 80
