1000 4000
820 874
733 642
639 864
147 684
338 80
788 742
56 536
452 776
593 947
828 532
380 223
697 810
351 699
737 867
965 557
860 650
51 227
687 562
944 828
452 66
262 900
326 48
502 830
843 142
11 912
458 137
210 534
49 5
580 133
281 102
484 575
795 608
61 483
384 168
193 483
848 811
946 575
847 444
475 980
17 828
513 434
149 72
143 272
123 971
900 894
335 570
292 25
79 102
530 201
737 587
115 501
34 892
732 971
276 889
180 98
673 659
299 567
452 558
867 508
704 110
814 890
143 905
386 552
782 347
225 558
843 915
833 665
743 526
893 355
741 899
256 425
907 481
743 151
466 895
922 624
653 344
666 407
739 213
604 329
405 124
151 948
732 279
104 834
537 539
244 851
527 137
66 506
298 570
61 558
367 61
634 465
907 521
49 888
561 476
167 551
551 239
943 918
262 304
374 568
365 797
370 968
29 275
696 427
782 419
596 589
762 924
86 766
845 95
201 246
232 426
848 399
567 718
564 444
35 910
97 106
503 77
731 199
364 385
896 573
117 322
52 251
618 626
124 385
262 219
494 939
968 940
920 746
458 360
453 119
37 881
818 564
138 707
789 254
977 811
935 90
388 442
925 798
345 262
641 966
29 875
494 128
202 415
492 38
787 358
396 585
402 621
131 80
906 519
933 324
554 393
144 95
203 978
502 454
529 220
65 277
115 688
839 5
244 85
461 477
111 728
791 510
985 573
175 394
891 952
914 445
782 93
957 161
3 100
772 360
561 712
15 188
407 992
552 746
487 961
773 292
755 7
504 670
14 239
812 647
138 151
168 975
295 268
193 60
734 93
449 137
201 428
704 599
54 289
953 674
454 728
707 389
980 13
230 901
943 395
159 801
765 277
236 976
267 592
88 142
715 655
379 237
786 980
975 391
714 456
429 182
518 324
599 457
21 734
788 628
80 992
611 313
829 597
765 262
170 958
625 711
955 693
887 361
553 147
137 927
692 696
612 541
256 985
393 682
472 970
308 321
824 316
839 155
941 384
246 954
300 492
77 627
123 444
447 9
135 857
328 196
253 600
822 934
845 524
252 689
987 816
383 310
382 161
71 790
808 878
975 566
4 613
427 355
959 879
299 396
587 852
722 914
500 206
883 486
946 28
503 85
307 761
493 289
572 200
457 608
171 768
666 146
465 600
367 895
182 586
499 320
653 899
455 474
601 741
587 360
55 875
319 454
860 575
117 10
520 480
523 339
498 536
542 942
690 579
144 837
77 682
946 795
201 990
668 944
770 793
149 93
753 405
593 769
217 887
877 545
683 426
724 596
132 629
386 942
745 671
371 268
225 224
454 961
653 202
403 20
463 199
41 138
216 811
211 519
920 672
542 940
494 211
159 528
2 716
103 649
775 205
396 491
445 213
810 211
835 319
698 393
968 558
77 256
519 486
500 880
265 80
848 737
379 604
951 443
534 408
593 570
877 271
906 16
783 832
935 188
447 411
926 47
597 339
679 701
64 462
197 560
808 752
516 831
805 748
52 968
499 883
625 701
512 684
985 923
79 263
570 889
381 871
237 508
983 857
862 763
477 613
965 794
772 743
856 47
31 259
372 582
284 100
779 626
20 418
344 329
503 975
87 486
114 942
509 379
587 893
435 85
718 224
565 491
307 43
511 368
915 181
599 680
163 622
172 19
338 328
790 302
62 424
377 216
352 355
34 600
202 147
864 358
720 638
983 671
259 908
22 595
788 948
836 395
32 888
610 649
52 171
961 613
625 361
35 384
935 425
159 732
79 840
447 19
348 688
877 330
129 326
743 391
827 829
549 581
908 661
387 133
691 613
403 418
374 343
499 0
67 207
299 696
538 982
80 434
676 135
604 38
86 718
924 907
193 293
504 273
958 713
509 285
459 536
509 516
958 505
949 713
610 892
818 290
701 799
405 647
700 732
572 385
83 850
215 362
812 982
881 55
464 480
243 255
296 57
157 832
609 537
79 938
392 984
248 719
863 305
792 400
240 811
941 15
287 893
495 427
287 542
227 294
979 903
131 321
676 869
459 105
988 689
132 955
829 435
311 256
549 570
42 760
272 496
693 23
17 910
847 481
321 194
922 538
558 923
863 889
334 88
236 640
452 183
649 588
830 339
191 784
564 545
386 107
194 595
618 421
609 417
552 181
167 930
761 142
615 995
217 376
767 881
686 712
17 501
579 121
640 4
337 650
188 621
739 480
310 801
916 492
143 915
618 783
160 623
714 675
781 742
529 688
944 869
575 925
882 912
815 798
958 890
629 719
311 623
646 830
382 589
71 75
869 620
607 901
635 252
722 774
154 773
10 224
245 420
939 136
389 53
618 490
786 444
705 817
481 802
156 224
755 505
547 136
587 775
18 416
959 526
421 511
232 151
7 804
610 4
550 334
377 818
261 271
159 61
482 769
477 826
151 870
409 550
713 802
166 797
29 178
619 13
869 558
41 70
586 516
182 973
201 410
111 719
729 147
812 483
917 631
987 339
792 409
939 362
233 897
860 691
665 948
476 401
862 80
535 833
771 31
856 188
823 551
739 893
994 213
286 278
88 699
101 621
585 972
49 469
267 960
898 57
173 868
105 22
331 849
44 633
132 150
560 969
365 388
86 208
303 599
850 581
281 622
119 492
269 797
866 324
499 659
159 889
641 171
404 161
432 142
330 756
694 280
786 562
219 961
430 756
263 390
564 391
662 667
575 736
695 146
547 360
740 899
502 687
217 510
902 261
199 647
171 126
320 528
0 545
74 161
478 809
478 617
478 632
861 847
217 917
90 189
10 840
210 418
900 937
700 410
905 858
477 674
376 142
351 838
858 969
145 930
670 40
183 964
639 608
140 919
702 378
703 751
979 859
168 326
454 126
70 289
801 254
690 401
52 849
144 60
262 532
996 221
93 432
571 188
947 441
303 290
719 208
184 251
793 622
177 505
949 654
301 706
960 744
594 809
988 299
364 184
117 761
25 30
896 444
335 455
301 507
509 858
182 318
767 237
842 937
407 124
218 11
891 450
921 389
99 632
369 719
300 271
248 254
881 590
103 575
989 102
188 288
875 329
859 672
116 388
882 207
700 804
702 277
780 492
510 973
211 582
549 616
342 131
542 796
94 216
955 358
344 421
570 462
861 815
37 828
391 784
12 781
935 895
687 315
132 454
861 528
968 115
752 314
404 616
950 347
98 480
342 707
634 332
391 828
77 720
94 428
384 322
621 669
697 676
280 85
739 872
528 878
394 807
274 736
145 853
924 373
478 267
877 95
144 826
299 559
727 458
758 619
178 380
959 385
839 984
104 870
66 857
412 519
376 987
89 852
787 649
454 912
920 325
416 122
727 61
423 360
99 611
70 78
83 283
84 865
910 9
698 19
215 282
943 579
103 906
364 313
10 768
537 987
257 620
488 802
132 347
87 347
267 251
136 514
399 247
191 804
567 695
845 418
956 700
0 982
765 401
555 899
606 255
931 199
980 189
208 181
39 315
640 331
612 805
93 398
605 247
652 692
206 664
479 699
907 558
306 125
256 716
521 532
670 726
241 831
484 59
925 253
299 838
452 379
707 492
924 892
730 871
285 639
547 28
287 456
529 967
935 932
81 537
796 90
467 125
928 480
451 602
607 161
771 475
101 393
699 934
985 426
215 893
681 83
22 723
138 518
563 394
702 943
451 671
829 585
173 197
300 39
556 124
511 664
601 278
68 645
223 970
602 573
615 823
143 30
792 767
727 437
858 633
997 372
993 810
468 233
986 440
395 974
356 227
209 606
28 588
12 801
186 874
611 410
301 480
514 661
141 176
323 13
363 264
921 440
533 881
992 58
306 907
344 47
918 199
209 878
741 322
658 226
960 675
789 153
832 368
247 761
552 994
918 778
585 981
344 56
771 901
714 916
70 371
325 631
414 222
759 415
170 352
622 239
159 448
96 142
634 162
471 685
66 284
382 569
209 402
487 348
922 2
880 92
973 369
648 151
550 286
627 558
607 768
983 119
914 361
35 828
770 923
962 604
209 328
566 642
556 164
703 821
465 135
135 878
244 296
143 423
80 693
410 289
87 926
775 251
279 568
605 896
143 416
827 169
871 68
167 842
722 426
87 564
632 388
220 378
578 290
157 513
546 156
850 316
651 496
516 621
730 125
409 700
990 874
985 929
504 243
577 333
410 537
290 586
236 36
576 960
845 53
868 260
117 532
805 4
551 613
791 781
10 28
218 525
256 918
822 426
357 196
725 415
107 572
1 260
107 870
721 205
308 444
162 483
173 496
542 976
722 266
993 631
560 387
384 339
52 936
422 825
657 590
245 221
74 932
885 384
84 807
394 33
962 766
781 259
477 869
383 706
698 996
156 111
174 241
983 25
703 572
21 974
38 797
163 926
720 501
218 524
739 320
544 955
896 892
135 853
344 362
765 871
307 36
280 977
231 206
928 866
886 527
333 239
297 947
457 102
783 250
562 518
233 783
498 815
827 585
90 497
366 797
724 319
862 260
147 411
200 677
364 361
280 108
248 190
531 559
914 804
716 378
859 804
236 917
693 591
176 954
138 469
730 269
576 596
694 164
32 63
666 313
540 432
157 508
2 931
656 421
173 544
320 910
134 519
733 764
11 524
605 927
731 224
626 589
892 54
877 156
615 374
270 189
513 899
884 235
692 251
392 374
953 960
676 678
107 426
754 208
249 135
456 837
43 437
683 621
769 13
848 283
444 329
237 54
948 911
27 60
509 40
113 82
670 435
817 271
117 996
305 581
507 145
702 687
80 57
171 521
570 568
174 752
655 826
475 867
453 752
763 930
24 852
784 294
79 187
648 483
307 692
41 598
520 224
381 835
209 577
149 870
471 301
244 926
509 966
477 44
826 936
113 120
312 487
602 398
208 24
399 316
63 708
546 719
871 740
180 155
697 511
15 577
214 823
204 2
32 11
571 397
745 713
489 161
817 785
206 581
149 613
643 274
132 254
413 719
900 893
549 172
399 234
383 962
840 878
602 375
610 7
935 998
781 441
898 78
6 203
450 137
578 953
762 723
571 804
349 264
188 205
792 66
344 522
99 539
11 754
733 694
896 583
317 590
410 991
345 900
107 575
342 400
914 283
861 96
249 334
191 433
49 128
652 738
991 55
459 399
215 400
107 639
723 648
106 608
300 837
177 813
954 189
367 130
998 108
250 427
105 894
338 912
216 127
368 867
245 13
873 532
973 206
393 14
218 895
308 600
414 458
826 189
511 557
246 627
512 804
898 804
469 886
734 542
377 543
988 484
60 816
21 185
878 358
353 391
482 385
490 354
932 350
938 439
558 20
801 585
319 352
351 17
509 347
35 967
22 650
149 699
386 947
226 883
739 531
462 189
96 732
530 328
979 444
68 375
375 284
360 408
513 394
988 751
347 385
285 33
924 85
280 810
678 661
519 474
476 657
441 329
114 489
160 213
676 115
436 378
409 626
92 899
200 211
540 131
783 348
578 583
49 327
310 844
782 599
409 802
298 862
704 5
96 579
858 156
203 424
420 528
133 700
731 545
713 488
757 837
309 397
780 716
705 112
686 155
641 743
386 948
874 343
29 632
439 392
366 8
252 83
725 579
610 593
922 711
309 938
477 188
646 411
342 560
243 855
276 571
171 394
709 519
789 551
110 92
603 458
827 912
132 275
535 436
193 126
262 883
269 532
130 911
376 526
354 324
306 728
103 588
853 283
546 820
352 398
715 916
861 573
484 70
400 642
482 23
332 16
670 291
475 853
829 870
629 692
348 945
594 710
792 973
773 362
413 45
551 665
766 91
666 518
233 670
872 624
387 316
267 804
936 632
257 675
544 84
764 324
825 385
928 182
79 727
464 682
737 103
786 454
999 427
203 807
191 228
995 991
87 429
157 400
168 514
166 282
87 59
425 372
306 164
630 550
107 796
681 70
808 199
956 966
843 664
461 669
208 807
570 527
84 527
640 760
160 788
353 777
384 365
93 320
935 996
550 50
381 954
841 103
86 288
691 402
97 540
364 837
531 76
234 474
145 58
672 897
512 19
755 758
192 973
876 343
12 925
384 334
852 341
163 162
297 146
115 903
82 241
51 467
530 518
147 785
965 955
615 357
123 16
984 92
721 558
626 313
907 847
920 558
727 306
256 25
813 568
97 952
265 651
36 592
795 916
45 669
413 936
140 971
12 352
217 305
494 257
540 875
642 284
859 684
909 521
349 716
523 981
177 261
700 784
781 350
806 424
917 677
680 927
296 580
667 100
105 185
729 476
383 754
244 116
383 477
597 14
952 725
721 901
156 689
905 836
750 680
104 606
362 599
297 585
262 978
951 294
693 870
872 102
61 481
71 332
528 659
566 207
312 644
228 398
138 448
985 695
335 341
419 174
813 604
572 248
765 147
795 59
235 849
861 41
29 590
446 142
34 105
882 266
235 991
242 495
305 584
893 602
138 896
805 765
475 488
881 111
881 46
878 557
178 70
695 738
630 588
67 595
386 848
938 403
989 761
15 753
675 913
581 212
259 695
640 545
81 918
386 19
860 211
579 647
275 337
82 677
813 142
880 83
310 515
861 75
889 927
994 111
153 797
634 223
575 748
436 390
286 599
792 622
22 196
503 915
849 42
487 954
344 766
578 621
782 368
940 155
762 239
154 866
41 763
923 85
503 148
384 836
667 175
29 221
707 664
844 50
782 877
995 119
679 280
177 809
771 936
704 793
472 977
167 27
469 378
679 991
56 92
429 55
61 991
752 870
507 579
918 288
92 189
752 807
574 669
160 50
563 369
202 545
174 824
776 481
60 196
720 445
983 673
578 564
218 354
637 100
461 188
881 150
458 855
676 608
285 491
780 550
452 371
833 650
997 482
707 904
721 633
300 490
457 374
859 573
280 145
320 883
75 162
396 410
985 825
317 725
12 233
321 758
966 460
209 822
856 554
939 348
544 523
409 967
407 987
290 426
238 414
610 70
820 474
215 83
429 395
323 719
975 800
7 23
703 331
310 114
739 824
795 172
52 310
35 117
347 9
580 491
558 100
254 260
309 450
503 719
367 687
201 660
70 810
670 524
250 878
702 872
392 514
805 649
79 455
144 63
792 425
484 964
978 422
157 710
368 628
637 790
641 837
216 883
848 191
36 153
249 661
999 519
361 899
547 48
933 40
165 849
125 821
777 563
176 824
802 660
570 888
325 923
242 520
547 483
683 221
835 888
93 813
790 583
882 937
256 868
338 297
187 156
37 917
996 508
37 61
603 483
511 581
762 612
638 123
882 208
872 524
631 799
464 710
578 108
281 479
257 20
277 479
214 818
997 797
640 295
160 593
891 422
453 28
651 350
31 250
56 614
29 474
210 718
250 947
404 769
869 18
500 786
470 241
141 32
565 247
201 813
992 695
790 61
896 676
334 479
578 98
814 203
882 76
815 406
578 484
31 829
504 689
210 59
485 190
50 402
929 212
869 832
6 481
718 372
861 978
192 356
753 301
833 744
861 820
166 636
447 219
500 666
351 722
275 465
432 284
29 181
694 134
399 796
87 226
471 284
377 398
71 608
766 516
978 944
863 448
989 583
615 11
7 435
647 128
29 23
951 646
353 610
98 819
427 30
824 448
548 944
298 981
808 243
116 355
679 293
478 125
956 394
525 134
15 536
992 120
306 133
555 449
287 186
985 131
510 813
35 505
666 765
869 434
547 435
534 360
748 255
856 451
56 699
949 998
681 385
188 100
413 973
200 83
968 661
658 495
625 829
42 424
993 960
823 39
544 732
892 363
229 175
422 525
863 223
562 8
133 828
999 295
492 895
292 498
644 198
999 838
635 473
430 122
956 302
70 427
159 865
861 321
377 271
561 731
887 736
683 749
445 967
233 281
552 735
691 373
790 254
941 299
527 63
796 189
561 328
311 834
68 533
780 879
301 876
475 716
703 252
265 659
342 238
910 340
362 904
422 130
26 867
77 24
195 54
39 246
646 406
104 857
673 878
939 23
681 102
273 866
186 844
841 361
724 811
706 908
546 38
645 661
750 394
615 347
615 392
94 942
997 283
991 613
959 134
174 897
676 432
211 8
338 337
467 926
594 405
780 393
612 320
26 764
936 986
455 799
220 807
885 986
509 774
367 306
357 126
603 840
310 334
743 45
258 208
698 456
366 411
43 864
500 335
975 324
789 393
752 566
562 911
817 660
720 704
229 222
412 406
308 960
151 854
839 901
468 149
941 147
835 775
916 815
925 766
843 239
706 340
734 472
890 855
84 551
994 934
946 495
826 534
118 519
34 530
881 447
420 899
733 848
467 852
668 463
378 400
468 715
84 990
275 998
623 829
724 693
292 89
634 384
63 47
959 957
970 764
402 671
463 834
529 486
756 816
505 699
64 926
107 959
531 894
800 684
79 980
884 354
319 867
953 291
106 633
504 892
523 220
648 726
700 346
298 225
763 670
113 470
217 798
548 719
396 543
477 482
720 385
36 458
638 368
160 891
343 590
848 407
818 447
489 852
881 529
27 810
869 408
351 639
990 274
195 626
854 875
877 584
571 63
227 480
862 617
253 991
244 417
353 54
177 432
88 441
498 966
988 774
232 464
86 376
353 1
560 910
159 31
215 847
22 447
484 784
876 760
276 355
928 969
645 584
759 457
461 878
157 763
154 224
772 926
885 606
949 456
709 90
920 380
673 785
691 270
887 751
569 889
197 239
304 908
65 577
989 205
526 374
139 927
992 343
500 567
882 853
894 272
470 669
791 284
494 350
46 696
952 686
556 583
535 524
691 817
203 334
399 441
56 919
257 396
160 800
356 540
468 758
338 718
900 109
735 373
956 38
247 443
139 72
872 929
615 341
879 613
180 17
803 671
101 873
651 57
709 943
732 708
985 368
67 523
999 606
792 347
610 825
998 112
253 53
543 297
753 462
511 857
748 363
765 333
727 223
93 689
556 489
68 972
78 582
290 870
667 622
384 400
209 769
550 886
114 857
909 426
473 152
952 726
187 799
646 539
910 937
538 401
599 221
809 333
518 870
104 298
667 843
345 143
520 38
439 291
782 6
745 829
105 899
447 520
572 181
995 19
200 18
755 654
140 315
144 229
80 219
195 775
490 136
84 590
753 700
437 252
558 30
823 371
605 28
813 202
104 930
529 837
158 497
245 451
907 137
492 684
507 391
626 787
645 557
914 961
833 728
765 287
214 820
392 469
457 878
171 613
75 340
267 318
953 643
752 845
979 538
103 95
217 252
524 60
759 778
998 803
349 964
244 555
769 719
267 241
610 3
233 133
776 354
106 142
158 736
554 359
319 788
591 680
79 503
539 595
842 482
806 456
292 238
439 387
727 641
750 40
972 255
76 250
928 867
805 330
610 621
3 284
651 855
685 334
649 13
792 50
702 465
258 407
825 406
263 901
499 148
282 288
812 858
905 677
504 978
108 249
812 149
502 477
726 283
993 239
758 868
888 657
174 760
396 516
2 602
468 949
776 570
64 881
245 313
482 879
50 671
535 364
481 889
593 646
83 189
502 725
117 785
733 574
785 401
107 70
30 976
195 752
427 441
544 447
659 870
83 112
759 986
292 611
922 62
733 730
685 291
410 738
133 880
180 206
683 209
204 845
752 283
95 190
882 932
452 945
500 119
275 366
570 528
423 800
235 54
246 776
707 498
517 911
114 581
741 913
89 856
703 112
55 355
517 701
185 75
21 421
770 557
186 777
222 234
367 898
639 649
885 515
464 130
472 565
523 857
955 403
697 592
625 360
809 692
707 821
821 327
627 695
883 156
987 58
153 867
297 401
320 972
786 487
94 641
780 927
331 949
939 285
593 817
513 457
371 975
741 134
550 699
445 278
348 16
389 512
206 322
864 912
331 996
138 460
193 174
771 466
386 313
500 924
417 497
662 711
733 689
844 172
625 450
338 837
549 820
250 365
502 959
409 590
40 33
818 945
887 412
773 639
119 424
78 866
347 622
825 682
941 447
34 641
747 18
751 53
896 422
187 480
734 101
775 761
735 153
675 607
552 644
52 241
668 47
243 360
82 481
653 130
731 633
169 569
630 688
156 711
618 398
387 333
441 19
335 908
413 565
307 981
352 736
637 469
404 36
656 410
194 942
578 863
851 410
265 256
826 162
405 609
698 557
176 201
310 69
968 617
450 672
273 196
683 28
311 905
298 24
418 852
548 898
665 315
55 324
449 961
252 210
303 793
187 295
992 617
993 864
997 0
507 588
452 507
191 81
768 60
500 364
472 569
560 179
41 227
391 643
54 744
561 434
615 684
577 142
841 592
230 913
907 837
656 706
698 919
958 330
346 678
946 478
77 255
209 293
464 890
397 340
265 732
739 848
729 151
653 165
282 710
724 67
471 24
713 480
931 910
386 193
731 406
389 982
715 664
714 667
759 272
194 161
749 831
296 139
882 936
830 254
464 30
265 70
863 592
471 331
379 554
524 329
851 179
134 901
790 176
869 981
12 659
477 372
502 7
109 636
565 967
759 414
987 194
488 137
265 891
159 358
83 636
157 953
250 150
359 57
232 60
842 57
211 904
739 402
602 269
593 589
745 169
176 330
339 388
779 853
782 333
381 176
369 457
28 415
502 951
113 587
795 701
198 128
564 803
707 3
755 517
905 60
714 976
311 979
849 127
632 598
990 726
935 744
702 657
949 340
605 748
435 586
622 85
345 171
262 549
39 361
683 359
770 22
10 964
461 922
985 487
386 167
103 136
543 621
356 931
838 385
756 443
66 228
350 283
306 319
173 146
51 795
410 491
749 406
751 354
792 899
478 855
238 873
551 652
186 564
130 976
235 4
687 971
51 109
727 114
117 919
476 981
259 518
666 292
779 220
404 426
634 51
513 134
77 879
933 354
667 604
361 831
275 234
392 853
480 908
959 894
41 267
29 599
575 966
43 737
922 777
782 83
335 927
104 110
679 213
769 687
848 124
533 914
975 426
885 127
842 667
531 222
565 688
792 801
694 22
171 657
331 133
896 732
141 458
745 970
737 803
344 542
717 579
579 927
462 248
167 724
303 213
631 947
69 128
220 38
257 666
972 454
224 584
174 520
422 294
103 812
549 880
331 545
81 597
172 395
166 878
159 233
724 774
875 284
171 40
526 825
989 506
77 994
893 334
988 55
977 975
705 678
938 549
259 986
992 93
425 202
515 557
159 482
992 315
461 655
510 890
453 268
134 573
111 684
202 888
311 890
144 878
692 388
789 362
490 5
222 318
347 199
765 621
605 176
941 687
683 914
279 476
248 434
176 484
273 775
745 826
270 272
149 973
186 384
463 313
12 18
752 857
11 78
419 133
611 966
143 656
269 784
275 851
353 19
996 994
636 919
342 366
655 31
319 519
694 282
662 593
353 43
914 325
606 186
257 757
377 251
184 411
734 602
490 17
276 199
306 266
34 328
732 554
178 890
610 120
862 497
770 569
43 212
941 540
48 889
686 621
43 824
666 539
381 379
806 90
509 413
936 943
791 768
7 347
591 194
609 629
759 406
921 997
498 515
131 875
928 932
125 937
342 904
596 355
543 103
893 569
429 457
946 132
267 636
803 384
615 922
309 873
818 930
27 207
727 383
392 716
346 657
488 764
423 929
25 645
893 657
740 440
17 845
197 667
704 171
111 449
25 368
452 681
227 165
790 923
713 910
405 155
946 617
6 680
246 286
746 401
332 810
713 563
610 826
436 155
409 789
761 608
918 135
904 728
134 710
553 69
629 20
9 33
896 373
818 158
630 595
165 125
345 573
787 672
107 788
924 69
604 352
881 451
675 723
805 100
243 128
493 314
984 135
896 675
675 224
243 779
55 846
757 479
795 233
556 561
467 279
112 731
907 800
747 87
670 994
515 590
748 787
345 507
105 199
673 295
999 91
531 906
990 200
814 540
952 492
399 56
455 661
993 41
750 327
792 645
482 415
926 932
290 568
245 967
593 864
263 213
416 190
635 948
367 315
266 446
611 945
119 794
892 554
403 852
605 690
634 555
648 130
931 598
359 449
35 106
659 241
213 506
248 932
419 585
758 111
623 590
548 981
321 428
795 423
653 817
367 512
146 726
431 313
298 970
965 650
945 557
792 863
662 368
714 385
35 435
653 436
362 47
192 577
245 892
637 730
983 103
228 691
470 736
412 708
2 994
732 982
342 871
755 17
872 675
233 28
586 889
232 184
531 446
854 147
746 288
721 874
457 518
983 975
371 491
638 208
382 233
541 151
575 692
482 942
310 740
290 480
391 341
166 916
925 754
773 271
149 678
801 671
886 9
880 78
543 481
881 284
364 847
907 738
840 897
449 8
345 990
755 666
62 91
88 48
453 975
129 597
116 333
743 579
125 899
114 239
781 932
995 590
594 800
782 839
338 0
431 661
29 369
186 121
835 651
773 629
292 969
256 210
676 817
763 654
578 498
626 908
813 378
355 680
769 986
349 23
938 485
809 830
860 443
379 676
856 316
82 240
882 316
71 147
43 596
988 851
905 744
774 42
629 241
503 36
28 212
548 516
594 778
182 326
910 659
544 303
356 532
534 633
705 268
575 400
489 780
285 798
551 527
356 323
381 201
82 837
916 672
956 536
522 145
140 777
430 497
845 318
553 131
465 524
944 211
564 372
944 717
734 664
732 444
32 449
603 671
997 260
182 672
242 84
674 196
880 69
386 50
321 449
818 566
803 664
960 222
293 671
530 935
835 602
11 850
983 807
587 223
124 676
791 382
806 797
818 973
4 544
928 598
946 723
996 441
721 92
56 508
903 254
51 290
757 200
94 862
686 264
749 368
287 457
612 592
968 156
851 931
610 37
538 13
136 942
472 357
351 596
610 113
286 196
330 524
468 277
604 945
387 443
556 56
841 4
900 524
329 264
484 650
821 400
457 901
295 142
560 126
700 153
204 57
347 828
740 194
589 24
136 486
926 527
729 342
4 695
739 57
615 239
546 600
700 497
464 696
988 626
273 412
367 819
667 186
633 671
935 291
232 801
547 602
640 992
945 957
74 286
167 354
15 211
899 613
290 866
300 115
390 269
539 915
496 957
532 807
553 417
747 566
810 672
721 396
467 647
644 134
151 754
892 614
530 140
1 832
757 320
370 925
571 654
12 838
851 909
517 584
515 559
752 527
743 632
195 581
307 304
98 146
798 355
195 75
711 613
191 29
546 646
650 255
430 984
824 878
410 320
700 964
876 200
779 638
918 239
715 856
881 895
455 672
836 400
26 208
697 911
429 627
18 92
841 745
882 814
97 915
138 916
420 501
202 189
746 19
594 181
870 234
747 474
780 902
177 379
282 856
306 313
666 432
649 557
772 424
152 264
551 219
572 621
764 50
139 751
226 19
920 650
157 75
580 148
327 128
273 267
629 333
553 748
834 894
467 378
724 838
185 55
549 140
530 321
958 339
922 506
51 771
170 878
450 696
144 956
567 965
162 579
273 641
544 449
125 16
323 636
113 986
4 317
430 910
396 322
184 623
827 42
531 273
720 149
610 184
509 334
349 222
698 983
386 92
819 785
580 140
633 620
37 875
362 980
34 26
567 414
384 643
812 465
221 190
843 524
570 398
877 0
308 212
51 718
249 147
526 874
571 751
851 18
237 659
681 642
560 313
521 970
992 264
769 476
177 723
877 220
391 864
262 598
217 721
863 91
191 732
983 380
477 972
131 33
68 986
570 801
216 162
203 632
292 878
964 458
167 796
160 533
531 634
499 794
526 329
717 333
36 508
422 486
473 802
723 528
835 455
308 588
103 463
178 204
468 589
79 194
385 458
759 75
444 474
977 20
122 689
21 142
693 969
763 856
162 614
49 413
390 967
117 902
658 538
94 983
789 343
598 501
594 287
74 212
446 289
23 539
995 476
853 261
227 202
774 470
117 599
778 545
872 433
724 992
673 190
120 974
143 887
798 581
793 134
77 358
238 288
714 918
783 69
80 672
627 664
207 927
89 40
63 811
683 933
971 485
941 75
747 578
941 488
490 564
356 80
144 433
958 475
604 879
741 91
583 346
452 629
62 889
178 862
549 540
757 585
436 742
532 398
193 439
191 588
68 857
746 954
215 467
980 329
129 389
22 457
27 741
667 671
269 497
470 911
232 898
957 100
567 824
242 578
192 680
209 428
718 341
790 506
389 793
668 982
730 691
457 261
102 680
576 618
792 442
990 442
41 533
108 573
549 134
900 462
869 671
650 710
246 888
7 830
841 689
502 278
361 672
132 188
881 994
177 359
849 318
300 860
770 138
765 455
962 652
662 639
312 474
356 11
886 778
587 389
854 802
505 407
66 142
335 363
725 639
179 972
118 630
265 498
724 61
136 151
154 525
958 990
519 426
132 538
321 607
435 608
402 350
349 703
43 8
610 444
21 394
823 996
851 434
816 919
594 678
697 512
325 127
285 825
235 158
714 750
215 315
120 930
593 30
392 741
273 980
55 669
304 661
546 933
249 911
292 862
447 514
843 554
429 868
138 237
469 491
225 201
673 793
307 406
906 58
184 85
217 203
22 402
746 880
183 913
67 744
593 890
730 975
108 272
715 62
464 813
681 211
763 793
430 320
630 625
846 911
99 901
163 789
381 347
153 508
561 570
478 162
655 479
205 982
429 313
502 323
18 879
878 797
903 455
851 420
25 811
387 664
535 324
730 197
844 412
968 891
788 261
367 440
184 207
530 355
257 784
662 120
231 417
766 443
520 122
68 797
185 249
197 853
634 827
154 316
818 754
722 623
755 313
290 569
355 189
311 174
217 115
217 849
924 743
243 129
409 316
477 5
339 161
952 394
209 581
275 11
133 699
666 447
17 199
833 151
626 185
819 355
112 329
236 853
527 347
353 983
150 890
862 784
853 568
255 355
7 890
110 248
629 206
896 324
146 45
130 164
49 304
114 102
347 402
167 45
361 352
209 406
231 382
436 182
750 638
709 661
968 992
842 809
214 454
765 902
197 832
717 568
426 590
386 694
116 871
178 507
769 213
104 633
962 927
447 241
199 127
104 595
489 63
226 78
731 241
151 69
658 694
454 483
847 476
722 152
668 874
335 826
743 73
552 803
989 834
736 976
163 47
280 904
646 902
739 768
641 449
634 541
853 198
157 416
871 358
94 801
646 156
681 569
995 480
490 457
370 832
729 455
140 585
311 829
851 844
201 689
716 269
869 83
652 291
886 241
147 497
694 947
180 287
869 75
122 501
87 19
357 690
721 273
656 185
790 358
297 269
777 883
702 138
516 363
34 680
89 557
988 19
679 329
96 212
448 372
249 620
303 726
629 371
541 30
272 889
168 327
74 672
790 754
763 716
960 224
826 40
138 369
584 190
131 285
332 401
229 758
763 455
968 608
882 548
311 287
541 710
74 680
185 334
900 846
703 844
263 764
66 135
991 355
235 738
83 751
666 484
921 283
423 984
772 172
296 278
696 680
160 441
447 895
640 670
985 89
42 363
684 508
444 483
985 735
979 492
920 940
468 854
304 61
352 135
781 796
634 874
601 60
149 887
187 388
324 911
870 582
472 959
853 340
814 424
262 728
631 446
95 355
92 557
475 55
722 62
795 325
529 990
716 375
214 726
731 327
68 740
461 950
962 765
920 383
814 646
157 81
880 689
737 70
218 534
69 443
638 932
803 617
70 963
983 105
517 525
298 358
379 713
500 787
601 129
455 175
262 881
282 449
772 856
739 624
185 562
62 908
552 501
496 633
733 554
745 359
653 113
404 706
264 48
885 140
131 444
170 892
896 986
656 803
214 33
410 797
17 766
658 281
113 617
809 54
37 305
810 400
433 305
818 839
311 254
530 479
210 678
792 939
883 92
530 630
876 380
513 670
569 582
386 149
170 710
618 614
500 448
844 239
176 325
509 690
693 250
467 418
180 185
541 703
815 927
37 135
916 130
62 224
461 618
482 760
572 246
618 407
531 996
836 57
160 775
530 151
71 290
29 573
465 521
648 828
871 893
386 745
920 984
495 512
26 47
905 619
699 363
367 113
950 371
34 448
861 710
240 913
686 62
382 981
875 327
727 905
991 512
686 92
303 148
27 439
376 971
218 960
727 295
873 592
124 365
302 343
946 819
847 126
838 194
134 373
910 837
71 483
36 379
999 193
642 961
827 831
338 17
778 538
580 691
144 390
698 994
292 130
250 932
710 350
371 981
560 800
637 994
922 871
792 426
235 394
871 429
210 923
364 977
502 950
80 819
873 800
507 948
77 827
665 33
765 647
758 340
167 314
884 2
26 904
779 589
540 112
638 469
160 543
625 524
637 288
220 632
931 444
832 402
741 208
720 2
745 966
437 61
786 479
747 889
714 626
262 623
480 515
675 361
594 663
680 807
6 98
107 583
879 778
729 320
740 13
730 876
193 438
819 70
662 614
159 251
838 984
74 837
133 536
116 243
713 598
681 125
625 595
159 366
39 954
944 447
234 50
292 628
103 708
409 267
869 636
309 971
414 777
735 295
404 902
886 875
22 343
349 641
542 980
39 303
36 454
788 272
46 314
850 264
951 82
3 696
290 213
714 931
516 350
286 607
141 450
965 44
724 900
704 897
817 932
988 100
345 55
723 123
66 442
191 290
792 103
510 330
138 844
404 4
370 789
790 467
567 573
484 616
333 446
143 971
493 481
367 934
944 506
933 816
603 148
510 670
733 70
981 48
157 112
752 156
465 685
4 573
417 515
765 56
195 476
77 833
184 410
842 339
791 250
907 230
306 987
66 186
882 84
9 669
143 482
160 269
101 442
316 33
247 857
296 762
336 214
847 585
309 348
236 305
315 363
223 316
810 390
611 352
577 246
577 350
709 297
782 789
577 776
184 463
256 689
755 822
847 210
916 889
643 699
2 859
702 536
439 546
61 607
724 622
257 172
965 827
704 581
377 903
97 219
757 359
349 156
552 484
154 536
880 123
860 959
342 869
138 198
495 880
571 24
842 671
307 842
158 464
41 995
956 108
22 821
144 427
653 858
771 890
94 954
530 606
134 85
463 657
345 539
51 847
356 263
94 965
877 888
312 136
377 647
180 285
997 329
754 397
884 642
564 358
576 915
612 934
431 963
149 329
231 907
721 684
187 395
629 181
425 912
656 809
941 600
650 444
856 323
290 883
941 337
599 339
214 63
987 279
642 350
630 418
340 912
485 221
665 711
94 655
546 380
32 859
102 394
22 208
876 881
54 678
887 270
22 660
759 527
273 467
64 831
78 291
66 526
786 858
478 787
656 616
156 785
107 978
907 135
496 660
272 837
516 122
61 182
505 58
96 77
280 924
805 314
936 323
357 78
570 536
886 208
21 243
639 573
93 363
780 558
392 347
157 259
182 913
93 454
184 395
714 16
580 571
935 469
666 923
894 508
624 774
349 516
325 13
622 559
950 545
630 665
449 454
823 14
872 63
37 229
577 222
513 190
15 771
469 153
333 864
659 415
276 91
82 8
345 795
492 659
253 582
541 72
209 467
993 207
336 771
73 621
352 19
84 952
314 388
651 784
362 617
290 205
783 126
840 295
808 582
489 695
245 496
861 388
370 47
287 973
112 121
552 237
528 817
808 769
96 350
754 147
477 3
839 857
842 554
494 2
393 323
436 490
292 271
776 326
462 479
648 224
234 395
741 756
330 272
687 600
75 664
926 934
155 932
739 762
376 196
673 995
493 205
206 689
40 654
144 803
597 929
604 726
959 944
387 902
219 83
114 760
959 393
308 30
503 821
37 267
583 534
792 858
195 812
206 395
871 749
544 825
818 360
43 712
405 360
36 624
587 843
865 620
217 514
171 674
182 121
544 833
677 832
195 990
617 890
539 600
746 807
422 554
530 974
999 912
917 826
596 975
116 481
486 289
717 631
9 443
742 408
349 583
700 710
695 274
138 587
954 923
315 162
565 53
916 811
422 248
607 934
446 971
163 116
544 493
674 589
337 476
330 840
860 891
552 343
579 855
944 206
249 584
32 433
537 360
965 72
419 80
950 879
232 706
985 686
