1000 4000
462 131
182 612
44 893
9 703
279 635
635 661
433 753
471 331
315 829
803 846
182 447
158 996
132 842
599 734
655 66
967 907
983 876
572 292
516 685
697 940
944 90
624 674
730 413
476 268
271 655
346 543
233 724
392 996
634 4
895 599
365 285
865 853
161 36
72 492
494 880
114 484
543 419
899 722
658 655
931 931
536 23
772 543
863 582
879 252
754 717
345 805
353 908
689 567
603 140
839 630
866 543
696 769
175 587
830 830
693 681
24 303
716 115
940 834
238 184
436 739
630 517
720 994
933 819
667 348
291 547
402 584
373 88
966 462
95 117
231 742
222 527
896 391
93 125
752 275
456 957
871 881
370 825
560 489
598 627
390 765
720 580
413 539
243 202
975 793
816 479
472 440
954 30
199 121
528 333
364 344
429 974
421 168
322 738
157 228
269 955
320 633
723 962
678 889
852 191
393 500
549 948
374 550
299 474
649 73
814 466
609 299
964 113
247 689
826 373
172 68
755 294
661 192
844 552
880 690
889 716
442 4
736 350
628 784
165 299
538 377
854 601
965 316
103 515
383 967
485 124
981 882
64 493
558 852
823 670
52 146
292 821
790 292
10 415
488 313
261 599
600 293
271 641
178 282
644 560
407 161
620 858
940 211
946 188
18 935
505 112
908 494
410 46
66 514
234 582
505 577
197 957
990 654
330 190
133 550
69 307
432 610
27 880
697 139
767 307
900 432
567 975
356 277
660 956
21 800
349 704
992 907
400 976
483 774
338 68
761 120
177 259
607 219
663 116
469 201
405 128
297 383
409 790
556 88
205 235
637 807
408 589
58 742
116 299
728 828
322 510
19 128
680 345
784 776
47 520
556 569
111 304
147 560
729 389
414 299
510 670
875 340
584 87
711 325
519 644
890 103
708 413
821 989
674 998
479 996
927 781
406 373
730 344
491 643
5 499
606 898
375 825
177 996
254 80
404 348
211 882
548 250
67 416
321 498
926 794
791 13
881 626
112 430
626 631
406 861
761 753
404 914
908 297
116 115
659 779
245 59
98 11
619 222
845 505
807 248
504 281
61 513
869 362
867 188
722 627
437 371
334 203
304 160
610 133
767 849
811 707
927 598
522 775
891 259
20 670
533 649
278 769
154 154
197 528
72 600
168 648
43 977
176 385
96 428
325 633
587 102
675 102
419 260
950 413
252 104
588 226
156 92
302 661
526 412
131 344
314 497
156 912
583 847
88 759
141 959
22 574
714 895
725 119
465 662
250 709
351 87
73 678
840 797
508 385
860 173
872 258
7 625
381 237
689 500
55 25
934 619
639 854
697 407
530 729
48 488
71 178
315 685
363 646
251 969
413 330
511 516
715 954
474 312
681 939
35 556
594 606
737 726
882 75
528 706
227 304
486 375
253 48
227 14
280 632
126 974
527 908
236 908
304 990
191 907
451 815
493 810
903 34
308 582
820 422
974 910
513 643
963 710
929 904
431 198
752 453
994 352
439 704
195 286
237 132
611 797
280 737
16 43
890 452
842 862
224 203
507 233
858 137
750 624
685 532
131 57
903 745
47 279
120 334
657 316
625 892
639 796
663 456
432 989
106 527
185 240
193 823
604 323
884 562
834 886
593 451
696 995
480 695
713 120
793 86
799 512
944 675
670 417
79 469
168 803
475 205
140 596
134 364
464 284
310 304
741 381
613 422
348 560
695 563
324 167
208 895
623 500
514 914
153 462
148 797
814 471
261 126
249 144
513 575
110 668
377 239
677 869
852 118
78 709
103 946
952 650
182 750
336 339
449 394
3 974
547 779
232 357
497 537
605 170
526 2
919 309
910 646
965 832
563 144
619 62
219 19
238 196
442 335
522 567
391 527
547 783
571 962
28 512
47 420
654 54
784 127
653 884
104 60
272 828
745 114
606 909
858 445
97 792
481 734
583 49
390 817
403 347
79 585
773 576
757 983
667 613
58 221
879 933
1 663
811 78
348 797
819 612
422 461
337 450
618 542
844 348
452 805
994 792
102 181
599 20
839 137
76 261
768 532
370 899
827 429
881 39
794 150
84 650
506 819
792 557
940 258
738 195
364 997
504 664
47 4
669 235
338 732
167 996
479 159
898 487
315 216
647 358
984 602
388 0
465 238
700 729
24 872
270 854
858 730
269 161
525 736
681 261
809 848
556 417
405 930
691 579
140 786
120 101
553 435
44 878
86 56
747 18
887 819
853 630
336 420
29 540
234 738
524 609
825 969
682 342
940 505
395 338
4 455
358 271
481 594
699 9
377 442
288 277
452 7
911 287
88 451
347 764
203 609
750 152
355 10
803 554
233 906
242 280
220 106
999 901
482 961
279 12
244 680
927 934
168 963
78 862
94 825
845 734
744 194
429 174
562 243
7 543
754 424
695 300
844 61
900 842
805 422
864 831
345 611
458 939
263 100
111 717
967 487
791 374
363 17
672 444
279 835
293 634
984 211
112 747
848 70
686 804
14 858
466 977
402 869
700 638
655 740
788 996
447 750
290 71
291 853
539 234
678 370
138 523
147 580
156 24
744 420
326 202
400 805
687 303
450 758
174 154
461 204
638 208
178 334
936 960
808 490
100 137
949 331
118 307
516 47
220 608
283 574
910 275
602 542
152 78
490 444
428 237
75 217
979 446
912 518
113 602
495 415
780 620
55 80
531 153
37 71
609 208
347 911
154 339
925 793
944 494
708 822
265 536
655 667
468 722
317 983
734 507
415 169
740 240
376 104
786 418
296 404
370 435
446 97
575 906
362 186
601 996
318 625
72 623
989 199
257 778
789 695
234 618
219 784
899 15
162 361
90 824
169 88
146 995
678 580
487 112
993 88
438 298
76 661
772 705
856 82
707 182
118 837
97 498
670 88
651 295
736 42
986 803
804 895
420 902
159 955
1 448
889 620
869 890
331 79
770 314
154 509
783 221
749 994
34 530
495 711
748 195
596 804
484 524
835 115
470 677
946 956
196 41
975 949
543 243
375 211
839 966
932 528
2 620
956 533
312 1
143 147
290 702
976 255
585 53
690 694
683 154
549 373
775 301
353 426
353 717
347 930
162 229
490 929
127 169
269 71
542 255
777 386
598 216
278 290
391 699
94 395
532 939
956 397
917 149
7 861
349 106
671 798
42 504
487 53
187 385
327 242
10 741
818 165
77 111
868 118
218 618
538 142
834 436
209 874
520 497
525 615
855 411
812 938
562 747
713 561
776 260
671 566
888 240
237 172
177 296
976 259
110 98
381 201
111 341
119 498
246 838
335 498
249 33
845 752
73 720
595 648
292 74
613 375
126 448
540 985
750 21
917 761
882 890
843 70
601 310
309 527
504 431
65 67
636 450
895 913
530 190
34 655
559 13
392 298
38 344
554 39
170 914
991 815
642 235
723 339
504 293
547 157
451 547
662 236
246 405
752 125
466 627
34 685
247 26
337 495
243 881
356 233
957 598
148 407
377 121
907 537
581 189
244 145
3 606
154 578
358 141
56 22
499 715
2 531
818 678
582 431
58 729
439 441
413 901
303 162
624 792
196 267
379 78
286 639
444 90
208 2
750 911
466 791
909 950
983 493
98 81
526 110
321 770
206 896
960 824
340 296
320 83
579 215
955 58
899 777
709 559
714 448
816 226
406 215
87 329
160 30
868 856
713 975
677 536
730 472
828 342
884 273
696 871
330 658
415 989
874 386
28 926
636 830
351 556
205 988
629 483
947 642
469 139
704 606
732 948
365 229
408 505
458 567
820 283
28 584
955 179
778 55
32 658
672 686
165 756
635 4
999 496
544 389
317 749
716 608
195 563
129 518
608 322
465 374
713 481
366 834
125 936
896 424
641 325
117 199
910 124
802 0
822 853
109 829
939 671
576 631
819 558
21 686
71 874
212 79
646 946
60 739
35 298
969 888
882 227
600 693
813 165
614 527
546 934
867 384
853 769
473 326
672 925
936 749
43 313
236 158
117 622
557 687
3 297
276 164
564 319
709 829
355 97
894 1
657 125
808 641
118 205
217 498
1 390
937 750
195 412
262 288
459 505
402 970
504 196
291 310
93 626
941 906
801 18
730 612
918 602
415 561
12 1
518 785
429 39
808 160
889 682
45 204
629 857
67 999
2 403
826 380
224 78
260 236
272 724
198 380
190 134
344 842
827 84
716 688
36 884
633 927
950 318
164 232
504 115
523 670
612 164
714 985
867 219
587 788
509 303
540 920
295 933
500 764
51 126
315 589
862 810
691 842
7 584
74 830
916 323
210 927
918 732
953 918
742 9
279 304
80 353
11 164
239 593
184 482
597 166
842 393
429 147
988 534
779 357
504 195
555 826
847 535
509 316
558 596
472 205
644 79
534 939
88 489
700 253
51 223
491 929
873 208
420 44
348 680
923 888
871 290
13 975
400 238
752 907
257 4
804 942
347 821
796 804
917 743
828 17
138 784
510 426
97 55
931 554
416 472
672 373
466 782
341 316
297 431
951 782
189 296
294 169
752 462
336 207
29 740
963 366
802 901
744 416
353 564
956 101
712 547
864 268
125 385
116 831
353 279
955 174
551 556
806 239
673 123
261 498
243 250
555 410
142 26
882 634
235 114
742 183
301 566
542 957
487 345
679 267
802 952
737 464
625 692
884 254
721 956
400 369
502 447
303 7
492 219
425 602
615 298
923 760
230 822
15 248
327 956
49 130
605 185
889 888
731 428
773 112
64 796
283 796
977 771
479 89
683 668
321 642
117 621
198 113
47 839
381 839
24 168
380 664
318 286
863 672
668 507
786 639
454 65
920 913
434 684
363 334
450 378
746 258
241 80
629 485
838 146
590 51
919 121
291 745
300 356
421 62
16 61
914 818
248 473
220 576
171 475
885 87
878 266
191 65
527 909
302 739
615 100
651 919
274 809
508 578
621 414
563 245
464 449
178 527
652 513
75 933
552 93
692 776
655 361
166 140
174 835
294 474
854 762
597 120
684 620
659 729
519 121
967 490
993 952
184 637
24 44
416 323
713 399
576 547
85 72
179 15
262 162
453 35
180 75
151 813
183 24
473 186
961 748
317 43
805 378
704 231
149 963
430 111
554 582
867 35
560 943
267 140
515 499
789 708
336 623
626 88
193 765
260 487
470 646
285 723
23 698
90 665
524 924
492 661
945 382
325 513
356 436
718 944
187 20
126 337
824 887
514 916
124 387
738 486
339 303
630 897
621 180
303 240
246 80
640 64
822 613
526 32
68 371
25 620
459 432
773 358
853 456
69 735
38 686
592 427
743 561
563 103
686 947
428 926
553 844
642 665
867 879
524 95
577 784
416 34
792 300
542 284
741 543
421 504
204 213
913 820
526 324
88 443
253 106
776 453
555 265
363 345
858 49
737 453
149 886
40 667
973 953
514 673
634 563
544 312
447 9
805 837
402 697
845 199
395 245
402 150
671 96
215 971
636 380
473 778
658 880
230 630
829 908
496 293
756 686
905 107
545 656
820 741
70 955
523 600
850 413
928 889
816 845
948 347
54 936
690 393
750 790
554 81
323 216
846 745
510 861
255 333
162 636
439 461
742 572
506 793
623 465
515 744
690 986
159 314
801 705
328 737
949 532
262 139
299 134
915 100
597 421
711 194
668 735
551 419
618 737
56 47
573 226
897 100
276 165
591 37
721 421
573 336
943 483
717 637
601 169
254 953
544 824
367 415
942 81
957 827
373 598
305 450
977 987
17 745
539 224
765 21
391 969
567 865
829 386
705 434
342 450
238 329
600 968
486 843
469 940
568 70
433 523
414 183
776 746
2 987
207 711
604 159
65 584
880 818
523 158
271 531
750 992
415 436
322 582
815 251
553 896
441 483
349 986
929 547
207 850
156 336
12 825
937 689
822 591
686 796
222 589
690 86
158 684
580 515
516 559
337 103
336 663
974 582
860 122
694 944
61 995
570 441
856 523
45 715
615 979
492 182
676 971
717 745
515 586
296 334
803 340
579 669
961 585
172 290
303 693
789 823
377 407
929 730
534 818
308 723
270 671
470 763
507 32
590 41
966 143
599 45
455 378
731 627
863 849
271 456
356 498
578 484
212 297
846 702
548 407
132 213
828 312
775 423
349 339
281 352
724 887
233 338
226 498
470 927
38 717
204 161
800 396
673 55
808 740
560 504
277 752
690 296
852 903
318 323
117 906
854 990
93 997
766 32
388 804
371 793
861 403
993 30
422 864
90 696
386 319
62 378
235 248
950 579
910 60
899 544
991 152
180 227
677 134
108 916
788 289
324 266
97 878
189 748
545 758
811 65
715 845
909 721
128 688
667 43
76 36
678 24
426 602
714 98
359 363
397 936
176 612
140 197
359 214
807 197
650 428
794 736
855 629
370 150
240 723
531 322
722 949
288 811
402 761
387 659
981 427
820 663
562 410
243 546
95 716
139 793
805 962
192 333
856 793
779 426
494 321
991 788
427 180
729 375
714 200
594 152
300 938
286 948
454 591
908 345
542 848
630 799
693 687
763 405
320 989
731 506
77 13
641 55
202 45
521 818
99 815
184 769
29 926
940 162
250 306
717 49
879 868
860 356
431 443
590 143
895 816
995 837
926 904
578 475
163 843
755 538
711 176
82 660
613 259
698 783
746 958
881 748
473 152
211 135
836 81
40 946
53 119
851 103
588 504
67 648
137 373
995 238
74 413
516 321
703 870
753 130
241 530
763 132
899 410
410 856
672 914
567 557
396 691
979 710
687 797
153 91
842 446
317 288
782 694
575 319
514 379
267 468
522 224
135 123
745 625
219 442
681 202
210 381
666 545
634 775
950 139
684 556
80 785
723 831
392 110
151 957
126 385
200 465
228 127
788 687
376 719
593 540
862 278
91 626
639 695
772 42
688 238
61 159
127 618
259 382
869 515
53 54
395 102
716 875
537 433
193 577
55 840
647 769
738 611
660 896
538 444
952 105
874 288
823 68
134 912
839 418
528 368
267 488
256 872
39 778
20 646
227 495
724 11
766 514
202 908
216 576
153 862
720 18
525 272
666 477
470 235
671 898
855 970
389 543
211 230
641 660
947 587
252 255
60 999
272 714
193 509
975 322
131 598
98 720
43 505
248 723
11 693
661 267
403 732
158 66
996 873
696 575
415 143
145 241
488 914
0 27
496 390
669 859
427 460
497 282
975 704
485 942
532 487
231 847
486 657
357 387
60 573
378 956
54 254
126 27
891 17
307 114
149 241
600 450
266 961
80 307
218 410
322 720
249 771
861 907
181 71
371 35
925 132
354 804
553 996
905 840
230 336
876 351
779 94
355 506
644 407
494 341
570 680
920 96
160 336
521 839
216 428
745 559
154 828
364 676
532 217
925 12
60 84
877 503
789 100
302 94
562 173
362 810
812 933
460 960
816 254
201 801
502 256
985 661
329 565
423 537
760 696
666 301
443 183
465 590
730 395
427 443
2 581
678 813
286 154
420 843
414 177
175 731
158 708
190 39
848 813
798 439
576 742
895 248
609 931
805 594
879 498
976 844
105 583
369 477
34 406
422 905
693 838
100 358
771 33
410 51
332 892
850 316
501 542
72 248
167 702
775 2
380 52
394 222
858 822
848 938
516 824
435 607
999 761
582 101
356 400
892 314
627 973
71 284
937 655
115 582
577 624
197 962
665 527
900 4
405 72
731 360
300 983
274 301
370 590
180 72
824 429
128 10
379 795
949 510
193 355
364 275
699 72
513 413
802 444
524 354
334 177
835 313
73 334
859 914
971 198
161 969
789 253
194 775
495 965
208 3
352 159
996 263
177 523
865 957
557 642
400 411
640 984
663 584
393 516
749 468
495 210
349 555
85 637
921 82
183 925
712 91
802 490
951 204
934 311
561 681
89 426
963 401
666 185
945 34
737 322
559 407
156 329
228 171
623 701
572 213
626 317
583 402
350 992
753 737
766 923
882 229
30 748
150 916
109 784
46 731
285 563
463 967
883 895
643 64
280 230
491 830
774 528
359 437
782 528
311 87
327 7
442 227
594 291
267 894
886 958
949 614
165 607
825 58
851 863
379 654
97 953
301 859
759 141
274 336
858 466
868 374
390 725
291 391
917 738
166 713
838 34
538 178
119 762
166 608
777 209
682 460
253 926
262 697
441 230
864 650
129 915
796 819
895 17
98 646
421 766
752 650
868 39
775 215
673 555
512 397
968 629
730 907
123 669
17 365
991 205
675 215
309 550
644 81
248 963
88 474
244 392
96 658
586 854
146 819
812 963
411 607
641 369
16 575
468 914
901 700
804 989
645 592
213 173
217 221
853 933
62 328
895 778
516 129
533 271
397 96
918 72
970 585
667 134
172 300
679 137
743 223
784 163
673 15
507 630
511 325
390 357
537 200
492 37
917 821
896 633
121 799
759 933
867 143
196 68
397 189
879 963
482 71
340 523
348 383
237 816
778 193
812 825
715 374
76 877
616 99
462 778
989 941
346 376
272 10
359 672
675 292
858 303
154 837
348 451
469 456
399 334
579 851
669 479
247 17
906 910
648 769
673 544
268 831
159 780
798 515
228 862
152 463
101 590
913 54
486 211
300 179
725 177
74 616
571 529
381 414
133 194
966 75
152 758
26 938
377 377
281 605
881 595
88 93
98 335
326 195
102 262
231 192
337 498
123 563
216 742
778 503
221 704
249 477
368 967
329 636
383 592
485 537
239 388
26 565
459 519
937 479
394 361
445 162
412 171
273 198
639 156
80 338
734 907
374 66
964 32
62 69
826 111
19 781
205 815
104 92
96 290
460 786
329 904
58 49
985 576
659 248
26 412
511 959
906 823
693 49
314 637
826 557
128 712
326 788
105 508
961 188
770 789
706 630
860 477
870 983
170 395
275 693
968 909
633 37
974 531
175 946
483 197
374 890
987 514
72 591
674 354
345 945
105 876
735 868
32 908
646 213
611 860
141 87
556 516
371 139
759 153
910 740
694 89
11 403
513 985
159 615
644 725
451 53
199 33
602 891
212 57
397 195
464 533
959 888
808 134
702 320
602 437
363 431
845 410
670 722
305 722
382 18
505 590
102 888
455 375
224 977
865 636
906 655
708 973
264 594
294 367
912 244
308 421
604 680
856 967
980 531
915 841
88 399
202 277
383 533
594 266
544 285
322 862
531 723
9 329
189 918
474 984
206 328
55 307
302 620
576 182
960 512
400 432
902 720
312 864
600 813
621 942
930 720
239 231
481 316
704 70
747 399
279 240
820 257
856 57
787 992
264 218
882 483
120 677
550 534
480 623
575 1
756 472
437 735
561 986
345 565
914 228
418 731
329 771
445 242
237 814
321 623
197 44
1 844
353 208
149 802
823 864
993 496
411 557
372 519
656 589
504 960
185 399
370 727
321 339
480 114
72 556
103 301
829 618
418 117
419 323
252 958
935 720
13 350
988 928
677 564
993 951
126 141
594 362
208 586
46 288
434 287
458 156
315 352
819 108
248 195
897 841
859 298
925 470
723 348
304 379
592 383
896 796
443 307
848 30
456 354
410 612
811 332
571 108
287 140
506 960
851 160
632 13
962 340
302 566
435 713
177 502
78 521
260 653
233 548
980 470
831 344
296 767
711 341
888 28
697 965
331 363
680 817
142 966
594 318
969 964
529 201
905 559
495 524
575 850
0 668
44 852
189 405
614 507
705 900
900 393
384 567
627 249
605 493
409 913
97 321
274 730
575 204
103 623
313 22
52 396
316 970
371 68
321 708
504 41
88 40
67 49
139 113
815 28
703 611
420 67
157 605
127 3
806 765
325 9
743 199
535 844
504 211
566 918
517 938
875 949
411 562
197 977
817 502
400 90
493 264
881 218
493 676
382 297
850 639
589 952
335 879
47 289
786 133
341 363
957 810
484 423
676 882
243 955
831 856
355 264
169 202
784 340
680 174
708 156
882 536
856 824
909 279
192 976
847 686
131 155
659 304
609 641
342 388
832 189
389 499
384 340
231 327
764 139
506 779
122 147
109 943
664 77
962 947
501 481
359 76
563 210
368 744
552 575
718 59
254 721
302 641
191 309
907 302
13 85
712 184
247 508
641 302
670 668
831 42
46 6
569 609
712 322
805 458
333 27
670 671
170 987
554 105
145 807
509 726
995 475
227 750
582 975
904 112
248 39
19 499
552 986
636 705
661 340
916 830
668 778
999 279
863 583
830 4
384 907
974 402
920 220
251 187
961 41
88 659
398 963
463 405
212 822
571 892
167 744
924 937
27 865
936 950
258 467
854 194
891 418
109 317
210 656
639 483
443 897
582 283
425 427
367 382
709 454
986 646
42 984
694 786
251 636
517 723
254 616
971 376
745 424
767 610
957 967
980 930
450 788
238 549
217 106
424 660
302 718
573 902
425 642
231 921
579 668
570 843
157 646
421 127
65 7
736 101
984 858
58 248
41 8
715 526
754 430
761 268
399 516
460 777
276 472
683 335
948 905
962 136
564 265
459 490
46 282
270 304
651 30
106 250
395 108
279 504
221 588
461 480
58 211
701 681
517 305
449 362
415 402
101 532
774 126
84 54
857 474
688 148
853 123
429 96
94 690
991 932
764 85
557 621
633 755
40 64
70 948
461 471
275 45
635 354
771 303
987 770
565 886
975 855
223 67
127 95
307 361
896 115
694 102
62 622
553 492
320 10
108 713
625 624
572 625
369 480
73 701
924 606
81 374
801 691
377 667
909 112
507 310
619 470
319 272
845 66
0 708
839 45
260 668
633 548
215 482
747 206
67 351
515 743
473 785
868 598
719 538
904 597
545 909
723 522
612 879
794 615
385 965
85 233
864 562
785 264
236 922
576 654
404 674
586 8
552 26
890 327
906 713
639 857
496 374
139 435
273 227
658 802
281 439
263 589
160 359
58 232
958 986
258 911
639 768
977 946
82 768
27 877
257 922
804 557
384 706
136 642
281 891
668 218
685 358
961 409
826 545
749 183
667 679
333 469
846 330
515 565
736 231
379 794
905 233
902 596
202 314
916 102
611 359
715 919
672 336
273 191
7 962
105 466
835 236
508 743
233 208
53 736
0 522
113 10
391 435
582 8
286 159
870 225
935 157
75 92
827 677
629 67
620 114
872 545
358 996
694 205
239 416
319 865
370 965
227 910
973 412
908 867
27 951
105 514
701 826
569 693
728 812
958 517
458 815
590 704
496 395
953 938
207 109
983 693
562 664
493 829
857 440
96 935
874 871
180 507
205 923
964 361
215 952
5 371
233 733
102 507
781 971
17 946
336 382
63 744
611 166
185 913
773 296
855 829
687 370
583 661
566 718
542 662
998 561
154 901
264 310
580 671
665 749
558 851
167 347
796 776
154 280
529 123
592 488
461 959
889 435
534 513
868 437
284 248
548 677
888 636
472 66
187 60
951 699
584 914
150 458
48 39
243 634
780 140
36 29
703 523
706 709
658 206
112 966
871 787
805 252
85 733
379 927
606 87
329 239
301 633
294 880
152 414
769 820
478 380
766 709
336 578
277 208
80 984
377 73
973 422
162 109
456 474
662 108
882 410
892 308
389 202
465 85
269 438
480 488
5 888
658 636
124 229
86 945
139 18
803 863
584 599
480 848
683 413
938 713
164 963
932 314
601 65
615 61
78 29
768 43
996 509
468 192
111 868
33 111
298 886
744 51
66 552
162 222
383 276
828 502
34 833
969 47
807 380
479 571
932 145
538 308
389 235
268 16
278 178
19 203
851 525
493 227
102 238
262 879
966 295
208 292
455 841
537 19
584 26
284 635
154 6
920 478
412 474
244 602
631 114
97 677
218 291
276 287
195 471
234 174
479 775
709 692
18 262
537 85
722 93
92 207
738 699
564 236
688 142
173 572
810 518
307 1
821 924
877 363
354 761
473 595
469 922
233 366
674 701
464 966
767 797
765 108
887 618
150 462
845 905
824 868
883 401
762 717
881 446
747 429
240 784
792 24
257 961
170 430
130 364
838 13
258 918
653 839
523 663
738 764
552 481
49 714
297 355
582 371
456 263
310 613
20 900
224 151
496 239
548 723
833 535
953 225
702 42
756 471
596 981
549 815
427 566
831 246
353 37
848 58
399 587
463 489
204 823
901 123
896 613
619 153
458 227
617 619
846 828
15 736
238 931
677 751
703 856
5 602
18 848
751 894
266 659
227 352
860 279
172 269
709 280
583 394
430 664
69 35
289 566
778 566
933 304
739 114
987 888
289 416
570 263
684 643
167 139
918 49
648 697
574 86
456 742
966 447
399 792
897 8
841 674
397 246
452 994
563 833
132 110
746 366
815 844
384 92
42 447
69 612
994 577
932 820
187 538
948 260
843 37
245 971
910 443
507 267
155 924
902 239
120 116
972 757
665 549
275 599
801 143
491 425
717 110
763 562
385 785
941 422
326 774
582 545
145 209
976 353
533 554
195 610
4 72
413 882
936 189
709 82
482 937
918 474
845 153
194 500
443 31
173 791
764 123
105 170
370 514
36 499
81 950
174 482
657 248
311 657
586 807
245 982
896 181
736 974
664 421
453 414
333 280
538 575
948 897
46 423
418 911
454 638
576 913
869 593
84 50
212 867
65 395
188 916
632 73
466 810
954 329
339 465
942 449
12 221
720 172
42 690
835 143
685 388
125 572
301 229
194 408
483 918
303 974
257 194
199 60
303 632
368 675
138 689
14 291
650 24
146 492
993 66
291 450
847 269
882 32
477 969
777 129
89 833
97 819
450 80
198 397
308 310
300 930
513 844
880 347
832 635
853 1
867 900
986 334
989 611
121 604
617 489
895 734
922 521
842 562
731 586
241 383
186 120
988 204
533 63
738 151
985 60
113 262
791 702
474 362
336 52
344 814
921 917
713 466
136 928
374 628
857 466
126 156
966 839
228 184
968 570
288 822
749 210
972 337
781 284
182 275
701 513
671 168
411 489
170 508
686 67
500 664
333 410
240 789
161 255
346 968
754 601
451 127
825 497
264 473
156 157
653 42
172 306
16 110
569 7
71 857
328 380
294 296
880 717
718 737
539 734
594 564
133 350
462 971
412 37
121 377
131 232
249 763
777 438
994 416
863 962
823 618
634 978
712 362
639 892
136 690
477 677
228 802
913 292
296 439
108 553
222 786
803 297
792 418
135 30
456 42
858 681
860 584
320 177
728 966
754 303
490 207
578 662
893 452
690 712
692 568
325 135
192 893
552 4
780 579
461 645
307 841
946 185
595 821
231 99
289 478
290 224
135 574
652 215
548 608
99 617
480 37
302 43
211 62
682 155
284 391
151 399
610 163
548 82
734 347
148 316
803 26
601 468
92 659
517 184
510 259
239 848
831 522
930 161
90 183
872 897
29 785
549 666
219 820
770 83
598 321
183 547
941 392
549 464
624 115
477 769
616 104
947 210
839 859
8 921
355 405
454 63
467 492
689 304
332 525
130 705
137 602
922 735
316 693
457 684
701 698
271 155
416 222
672 712
126 850
796 353
408 404
309 47
445 620
978 717
499 350
880 685
182 599
761 778
865 959
423 931
871 930
54 265
683 751
696 244
809 767
253 248
454 445
554 439
434 402
451 351
587 615
260 357
612 472
333 135
100 252
613 600
15 354
339 655
785 546
355 280
68 337
933 356
137 331
512 659
823 133
529 360
213 201
345 650
807 411
981 317
570 709
415 242
733 164
753 57
619 441
143 673
704 56
484 673
962 735
419 253
652 148
886 523
673 685
282 98
234 695
73 846
100 38
842 495
134 711
79 989
631 896
637 339
591 472
790 229
216 518
697 539
236 720
977 94
393 276
942 833
99 654
617 800
293 183
364 791
619 34
478 588
200 314
915 12
523 856
882 236
838 212
692 271
359 101
183 292
226 139
956 103
432 868
35 843
190 746
683 954
179 846
497 190
155 884
153 285
84 206
769 743
551 913
178 117
908 107
545 302
434 90
840 670
19 854
839 221
232 848
474 936
754 808
545 432
451 943
856 998
501 730
544 671
290 932
571 671
518 176
61 272
781 868
821 849
870 712
906 568
975 804
248 950
316 64
771 466
795 604
901 939
89 972
736 343
135 52
407 116
305 743
107 824
248 801
743 201
243 985
347 409
900 113
575 637
59 39
356 841
60 504
996 444
513 398
984 870
339 350
612 196
534 591
327 384
962 303
438 425
878 353
588 658
499 589
162 71
780 692
347 396
228 155
729 771
865 686
117 31
831 772
229 854
394 895
908 684
875 311
743 644
575 940
733 974
146 645
609 374
443 399
756 109
834 619
983 785
471 76
290 996
524 469
382 790
304 358
647 151
351 119
677 542
224 277
349 390
963 843
862 576
37 135
581 921
503 510
985 137
924 146
39 87
140 847
748 243
500 674
864 283
236 898
706 465
624 390
612 425
62 445
795 571
205 838
230 897
535 695
631 489
232 442
101 793
567 751
339 298
621 6
399 861
787 247
530 104
196 447
680 108
868 70
893 997
400 927
167 631
191 992
477 462
777 944
93 491
882 148
730 242
343 105
144 546
588 815
578 574
480 636
565 764
629 456
426 880
176 128
284 354
577 581
392 593
112 272
587 425
303 85
793 977
739 137
949 125
254 142
599 828
570 68
984 734
722 357
90 80
858 2
50 577
16 815
604 408
393 946
111 24
694 120
546 324
646 869
299 685
479 873
405 736
448 856
839 600
692 305
414 406
984 499
280 35
959 385
732 102
239 972
376 450
983 788
335 730
531 552
967 390
280 651
724 291
244 482
687 162
675 927
319 679
414 734
920 527
269 437
694 267
657 96
367 763
884 678
514 491
63 190
365 728
919 300
352 727
436 835
792 834
351 954
904 77
522 99
693 328
163 25
930 360
301 575
852 978
827 850
734 870
293 916
847 957
147 423
936 878
595 551
827 741
138 135
444 132
442 380
75 790
703 128
12 181
50 337
979 607
453 437
505 599
428 584
210 333
267 835
852 456
287 350
218 144
277 942
191 552
47 291
990 99
85 534
721 782
581 544
840 367
989 896
916 481
710 68
51 964
295 597
363 693
181 638
759 165
984 920
453 237
222 276
919 409
829 320
657 303
585 781
159 882
110 336
794 800
818 558
365 587
799 103
283 544
84 563
478 661
803 573
703 418
598 527
310 20
41 349
990 327
570 357
511 825
720 352
487 913
919 54
937 790
254 319
442 874
87 475
488 659
443 671
111 300
606 972
490 669
663 64
489 364
752 449
98 930
303 648
338 803
167 884
32 65
231 950
829 175
324 366
463 37
663 380
975 967
375 913
303 194
485 650
846 274
24 813
655 862
574 115
77 138
311 724
475 26
702 850
267 955
968 379
703 360
807 308
679 939
362 382
699 848
510 357
985 38
433 810
914 163
137 241
274 876
872 32
95 557
172 236
40 992
83 457
175 95
233 196
403 420
863 719
423 862
14 349
840 231
258 941
429 622
711 713
467 981
280 112
136 281
598 338
663 730
462 204
972 849
563 76
592 794
922 760
80 991
942 631
481 548
395 192
223 513
813 724
461 912
231 971
108 522
369 13
260 152
295 191
708 614
766 829
677 14
266 811
882 636
835 842
699 63
172 440
675 476
311 697
27 460
95 522
944 662
802 556
261 365
941 647
425 853
315 622
354 359
846 246
90 597
878 300
488 97
764 547
698 463
458 337
45 828
232 759
1 588
712 237
372 308
348 352
340 752
409 159
993 589
645 462
945 315
228 622
252 551
662 588
22 71
540 119
199 140
274 707
828 2
796 67
41 940
369 117
378 587
556 564
259 93
638 257
318 79
371 633
753 392
981 213
562 712
127 690
399 186
367 597
73 163
332 616
371 482
117 408
889 113
21 506
483 831
525 309
664 257
531 755
33 38
559 337
479 798
423 512
271 974
564 647
253 931
294 618
898 762
360 371
156 958
504 926
861 46
942 14
558 907
113 713
170 863
634 895
15 267
441 929
139 497
958 244
453 317
657 438
894 913
571 851
964 683
655 723
688 121
605 825
508 947
711 878
517 978
325 156
357 134
622 430
242 331
355 883
587 273
799 64
938 62
893 796
245 138
236 175
767 101
149 679
915 257
781 451
468 234
880 545
218 350
141 802
463 870
939 879
755 117
538 665
973 440
981 352
222 147
733 16
465 975
517 321
146 997
513 789
414 492
33 101
706 523
693 92
84 57
610 966
749 750
645 788
849 368
564 25
679 668
838 728
294 637
955 893
941 30
222 999
980 960
972 161
288 439
779 496
901 324
361 127
27 124
262 786
313 630
174 349
372 781
434 41
656 573
37 854
319 562
153 504
746 719
240 51
875 943
190 626
944 849
607 887
908 101
200 860
448 585
932 355
831 360
732 888
995 549
875 371
954 282
894 161
426 884
497 14
777 688
509 406
718 108
440 860
633 764
981 15
336 597
222 323
81 941
397 244
173 933
910 813
259 476
359 986
990 379
906 928
264 71
754 524
987 421
919 59
461 889
441 932
847 623
944 357
388 890
927 889
997 716
552 219
398 894
95 8
547 103
519 989
798 320
492 724
410 928
242 862
610 171
541 270
133 118
159 508
349 334
887 759
57 891
151 67
977 624
310 391
52 297
898 456
852 20
673 0
38 662
832 888
596 694
278 494
635 291
661 766
712 820
239 655
534 721
725 968
523 269
961 958
658 535
971 471
73 928
951 541
365 233
318 458
967 51
616 12
531 603
116 32
562 667
242 809
157 959
449 625
619 607
604 400
379 784
502 727
670 309
145 756
388 374
289 936
720 932
39 670
473 249
135 734
758 110
845 686
873 161
973 941
430 600
422 164
218 145
958 41
851 368
856 770
218 5
871 655
988 663
330 215
938 50
276 332
289 623
179 91
606 182
423 470
858 851
815 607
427 667
209 257
18 637
417 598
97 564
921 459
873 755
284 217
584 592
727 804
361 972
98 823
404 403
439 49
963 253
90 838
566 760
528 530
984 32
272 334
874 351
762 266
430 326
977 790
552 743
652 294
194 816
41 840
61 238
55 917
77 769
948 851
986 773
759 871
760 886
920 25
679 750
931 572
556 649
118 801
931 125
584 782
523 245
725 852
939 252
510 369
630 59
352 980
375 975
922 510
262 737
83 76
814 212
68 578
744 852
416 562
696 400
446 301
630 825
346 243
542 200
535 81
693 11
353 294
135 351
963 599
572 16
616 477
492 356
631 780
955 267
600 714
252 160
253 124
970 622
283 27
8 312
893 909
625 962
921 274
714 27
33 145
64 597
115 856
2 535
909 148
72 378
180 737
825 16
423 169
817 273
415 115
755 894
470 762
76 315
755 793
346 205
822 865
598 299
999 595
425 226
647 213
756 50
999 158
452 498
205 802
434 227
804 491
292 126
653 996
212 518
914 99
923 525
312 394
268 562
418 146
629 594
391 624
73 568
43 32
664 919
854 124
700 526
769 5
519 987
683 830
610 701
710 550
256 861
333 936
479 361
399 382
897 158
340 43
132 57
49 800
839 295
594 955
48 968
120 106
139 721
739 288
658 515
687 216
140 654
958 536
953 480
807 563
541 169
39 189
923 797
864 12
535 841
804 755
719 516
204 786
870 414
945 937
19 101
231 839
498 756
32 93
314 719
19 717
516 848
797 708
596 80
908 361
293 987
541 707
278 470
456 330
940 570
203 119
637 655
886 798
314 34
122 166
192 690
67 376
756 600
796 111
268 855
442 995
244 117
608 952
941 509
53 62
366 511
313 968
411 994
800 372
941 116
600 17
628 583
219 289
452 444
296 315
914 473
460 741
632 115
59 138
243 115
13 496
569 292
463 414
12 671
127 284
586 457
163 85
725 646
819 866
689 97
376 323
836 677
841 231
69 274
316 984
450 738
456 789
571 737
733 639
672 283
859 685
725 416
880 931
525 36
106 78
945 574
769 265
658 527
469 234
206 835
0 2
416 56
495 922
284 469
58 782
425 293
229 136
871 515
244 236
436 945
505 552
49 595
398 766
768 511
140 394
660 434
620 434
460 511
746 214
665 128
869 606
74 659
387 2
521 692
791 274
926 55
860 850
