12
21
34
26
35
49
52
64
65
71
74
79
86
94
97
99
104
106
117
10
118
141
32
144
154
157
159
160
163
166
170
173
177
180
187
192
195
215
217
218
231
232
236
242
244
116
245
258
265
276
296
139
298
225
300
307
308
309
311
312
336
214
338
345
143
349
351
353
1
43
356
263
367
370
376
377
216
381
386
107
167
27
404
430
431
452
183
453
459
461
468
471
494
257
499
500
335
502
503
36
504
509
379
413
513
530
535
364
547
552
553
556
561
576
580
571
594
601
603
605
610
37
184
229
615
618
630
625
635
473
637
640
644
653
113
344
436
490
522
656
421
658
662
593
663
668
679
681
683
209
328
697
511
698
702
705
709
714
715
655
721
722
152
724
67
596
727
306
437
729
342
733
574
694
280
282
730
197
560
734
101
472
357
565
690
739
531
273
634
51
332
555
641
747
87
226
578
750
755
7
17
517
666
757
759
762
612
541
703
252
331
572
770
772
773
292
238
611
782
6
98
419
786
790
176
201
467
791
382
510
781
792
66
409
767
789
805
806
808
243
129
779
818
822
823
39
835
319
651
788
742
839
841
745
842
667
848
191
29
81
178
204
228
399
247
737
860
691
861
96
77
256
720
638
704
110
171
862
863
872
433
305
873
877
882
76
266
548
814
203
884
235
4
158
317
464
544
84
303
148
290
493
523
551
833
665
865
885
898
905
917
920
383
310
114
477
5
489
746
780
550
826
921
922
2
624
924
743
73
907
230
847
210
926
928
935
425
938
939
362
941
15
577
246
286
599
753
301
405
507
145
609
417
706
771
31
259
466
776
876
936
943
918
946
132
275
11
337
366
478
495
629
795
233
28
281
423
701
783
809
949
950
951
82
240
953
674
956
302
958
330
475
505
407
124
713
488
840
959
526
962
652
765
56
262
277
287
304
61
456
542
549
140
540
570
623
796
90
801
871
68
429
182
627
740
749
900
109
462
968
891
450
940
952
725
977
978
944
717
979
859
980
983
25
105
22
645
673
985
89
131
80
285
321
428
487
348
639
686
62
155
712
735
758
619
819
868
954
988
299
396
484
59
543
103
136
297
463
481
567
414
575
616
626
185
313
589
692
718
748
774
470
787
649
588
812
149
465
685
851
179
420
858
887
270
906
909
521
925
253
766
931
965
44
72
650
827
169
829
585
597
929
955
403
693
250
591
969
973
206
989
834
894
992
93
120
695
146
45
813
604
945
993
41
70
138
227
165
125
202
237
267
371
533
587
592
707
3
389
498
763
670
435
586
516
775
251
761
793
810
390
821
843
849
42
856
188
205
288
881
46
150
447
219
451
529
220
632
598
696
888
893
569
602
896
422
248
525
583
534
676
115
432
688
825
869
75
434
558
20
892
54
903
455
175
914
325
445
278
631
799
916
815
798
923
930
947
960
222
675
361
352
607
672
723
648
130
151
164
744
754
397
768
854
802
948
963
966
460
967
990
200
18
211
416
677
726
832
368
628
904
995
119
424
492
794
895
996
994
997
0
482
23
769
213
506
687
315
162
562
579
614
879
986
440
998
108
249
147
272
496
957
999
193
174
293
295
268
427
30
438
439
387
133
333
392
446
469
520
122
480
501
515
536
546
38
380
223
606
186
564
646
411
700
153
346
410
320
491
528
537
539
600
678
716
269
375
378
497
732
554
359
393
14
323
682
738
741
91
134
373
573
710
752
314
756
760
777
563
369
457
102
374
394
518
608
803
384
168
322
326
334
88
142
365
441
479
514
617
664
817
660
820
824
448
372
830
254
260
836
57
400
838
844
172
412
519
845
95
318
418
524
60
196
867
874
343
880
69
78
83
112
121
123
16
291
444
636
731
406
633
620
751
53
850
316
581
212
866
883
156
111
224
449
8
486
289
584
689
711
719
785
886
208
24
527
63
47
347
199
127
385
622
85
239
559
647
708
778
538
13
545
811
852
890
897
901
902
908
661
910
9
443
659
241
415
831
837
870
234
395
474
582
913
915
181
932
933
40
33
354
654
937
964
458
137
360
408
855
970
764
50
402
621
671
971
485
221
190
972
255
454
126
483
728
974
975
391
341
426
566
207
642
350
643
274
699
363
736
784
294
800
828
532
398
864
934
961
976
982
984
92
135
853
198
261
271
283
340
857
878
358
557
797
899
912
987
58
194
279
339
161
388
442
476
401
568
595
657
590
816
919
942
981
991
55
324
355
189
512
19
613
669
680
684
508
804
807
846
875
284
100
327
128
329
264
48
889
911
927
