57
477
472
518
131
196
699
24
164
648
365
292
23
489
656
239
143
776
803
441
127
585
129
862
622
349
619
40
133
12
152
335
485
921
575
226
646
759
790
625
886
13
277
736
709
964
637
203
272
563
692
39
270
382
777
778
372
412
663
805
508
983
363
705
855
603
219
124
261
788
148
816
533
690
101
488
607
674
596
924
286
344
771
474
562
514
987
772
749
172
815
681
785
895
316
104
280
597
893
700
865
158
442
907
938
216
399
718
767
846
304
667
717
760
950
103
520
364
894
830
113
308
850
459
462
154
464
70
734
353
744
386
284
161
315
72
687
898
947
141
184
332
128
314
259
436
471
513
685
248
162
754
884
872
953
281
580
88
742
138
751
565
87
904
737
932
654
119
608
702
58
791
802
682
491
461
863
109
536
132
604
362
792
5
614
307
498
768
271
527
623
387
9
819
28
112
371
323
492
100
247
714
945
278
299
521
684
167
170
224
180
423
731
651
571
160
892
392
145
948
418
559
262
225
367
883
986
817
150
320
231
592
758
183
675
149
766
887
62
337
686
118
207
773
163
79
227
831
195
545
618
644
11
800
934
993
250
504
265
452
587
746
968
979
530
419
460
594
139
137
275
425
321
336
27
820
976
166
17
576
510
678
836
52
50
67
253
82
341
613
415
658
707
168
228
631
688
406
476
951
94
662
546
704
798
7
721
30
774
840
394
537
147
276
218
330
848
405
620
572
96
318
566
877
76
440
713
25
74
833
80
83
235
796
245
305
991
861
117
34
310
659
205
925
174
957
366
540
192
561
799
971
155
389
437
733
434
826
190
317
121
313
502
503
913
919
267
466
556
634
809
712
973
853
400
274
402
490
763
889
355
761
881
398
431
61
391
426
360
757
804
825
550
114
312
479
617
515
640
194
240
193
450
467
728
201
107
723
726
852
273
223
185
285
770
230
605
789
943
369
531
821
567
569
845
870
609
63
380
541
740
780
327
560
246
140
486
469
827
942
689
781
955
854
189
584
902
888
213
396
900
939
165
311
911
528
926
97
206
664
632
732
676
753
242
151
661
828
445
99
847
10
449
125
244
591
378
940
859
962
130
333
424
455
505
93
85
468
105
475
590
989
680
944
543
55
727
810
523
606
473
110
522
574
711
787
188
44
393
748
524
627
912
102
146
963
43
589
159
542
750
237
351
980
388
698
903
4
411
897
910
381
75
16
47
342
370
650
446
885
511
864
544
601
68
71
197
204
539
325
710
849
301
635
984
647
756
376
779
878
954
535
972
126
927
331
586
612
988
356
615
208
583
965
997
60
404
548
198
499
200
595
326
981
0
427
135
922
215
37
379
994
375
470
549
812
447
1
929
106
444
914
875
153
303
694
996
484
413
982
116
229
309
221
628
525
346
6
829
14
909
354
775
181
65
66
765
783
361
706
211
408
577
222
32
92
186
383
588
630
397
401
743
86
324
451
978
671
941
992
691
260
338
512
784
841
935
209
421
254
298
931
177
438
532
600
720
480
724
856
144
18
970
41
557
598
657
302
482
762
629
529
813
509
639
610
901
937
251
295
624
506
339
73
266
823
891
969
291
269
359
368
289
842
95
906
328
573
417
626
641
725
860
868
916
84
238
176
695
123
500
755
19
232
300
81
59
352
679
838
173
526
649
880
3
322
357
835
255
410
738
703
507
570
433
136
287
551
795
669
837
747
665
811
928
807
715
918
90
48
495
554
708
21
279
283
832
956
214
457
582
377
77
178
611
22
593
297
409
454
642
534
890
306
930
483
843
45
249
977
171
374
974
395
547
786
53
696
839
8
108
716
660
876
822
98
175
26
319
432
806
844
961
78
263
182
677
857
142
808
851
966
552
990
879
191
793
801
465
899
867
220
920
858
946
999
414
236
49
257
69
384
636
416
329
952
882
282
995
497
745
33
210
655
345
643
752
794
553
36
599
824
834
64
428
638
217
234
46
429
633
967
42
517
31
134
496
252
340
343
38
501
458
672
818
949
264
493
390
122
652
871
959
722
373
958
478
616
347
115
89
456
453
538
290
915
564
917
199
202
579
443
866
2
653
869
960
29
407
516
735
157
334
350
697
729
555
568
923
975
764
782
874
51
348
933
422
739
621
666
673
936
54
243
258
578
683
487
645
873
15
91
814
20
420
430
296
730
741
797
35
56
293
463
120
448
668
670
294
111
187
403
385
439
769
905
358
998
256
241
494
581
701
179
169
233
519
602
693
435
908
558
719
896
481
268
212
288
985
156
