478 3389
477 55
59 196
124 33
311 425
384 108
158 53
294 237
219 186
139 84
453 397
144 239
377 475
324 136
120 131
294 461
134 292
221 376
193 344
408 25
291 19
317 448
72 132
390 474
23 50
263 476
446 406
236 50
402 265
185 227
395 1
209 234
476 429
132 375
1 61
399 475
264 421
444 335
74 61
36 97
110 298
278 261
226 35
310 333
299 200
82 399
384 474
155 382
131 286
278 131
52 382
127 315
325 276
355 104
42 390
384 151
394 183
117 325
401 132
179 221
331 444
326 237
146 2
324 276
471 307
112 44
394 422
65 424
403 419
50 444
37 433
300 430
322 416
276 244
253 160
171 105
310 18
47 455
19 76
436 195
382 253
238 298
380 8
243 304
133 476
453 169
137 274
304 458
395 285
223 169
444 393
457 275
116 210
435 134
285 98
34 373
350 272
192 251
463 140
260 117
138 234
285 274
213 294
437 313
100 181
3 250
280 166
230 395
375 187
235 181
284 268
75 340
245 450
296 230
112 78
346 433
17 337
412 230
152 370
64 436
256 251
207 57
416 436
158 312
328 98
14 318
365 273
179 316
244 474
67 61
257 118
15 274
454 426
209 312
23 272
269 279
44 181
41 165
138 382
476 466
1 196
11 366
468 189
203 417
368 453
478 331
92 14
126 252
146 334
269 168
311 243
152 61
423 377
225 266
280 223
437 281
418 447
168 113
341 76
51 231
50 83
325 248
392 98
99 431
366 450
263 130
124 323
258 22
70 46
301 476
4 287
415 451
454 233
313 235
283 249
468 39
37 315
286 428
118 90
86 6
61 349
319 368
377 283
389 152
328 396
149 37
204 269
9 364
23 28
304 306
460 294
344 19
130 335
152 247
424 238
436 190
292 461
80 190
265 174
342 114
275 12
150 185
281 343
70 9
370 373
314 57
372 363
75 23
403 227
454 54
170 411
244 461
393 29
172 179
202 219
476 477
231 148
367 217
196 436
225 271
36 245
327 408
313 402
136 238
334 111
475 25
44 240
7 142
268 362
321 176
103 318
358 39
171 246
439 366
387 369
342 128
135 191
241 448
114 377
391 153
193 387
177 420
333 367
84 306
434 110
3 242
133 66
464 304
311 424
375 403
315 239
53 155
135 477
308 432
81 220
106 274
313 466
215 167
60 4
178 15
113 365
441 430
430 426
439 447
372 335
371 392
279 129
68 119
128 376
72 208
301 177
187 135
348 108
301 407
111 185
128 408
71 90
359 22
37 319
468 114
359 67
27 344
379 95
462 28
176 56
420 476
416 128
133 286
235 139
398 52
323 47
459 393
320 339
121 63
363 110
176 243
360 203
108 261
3 276
472 362
331 413
359 452
247 197
443 3
42 363
238 364
115 218
463 141
262 105
203 146
398 378
389 464
286 202
246 472
477 239
355 35
358 420
9 126
138 451
312 179
41 72
249 340
289 233
2 73
43 388
218 146
287 312
131 279
36 376
456 34
321 333
69 200
458 261
31 117
417 342
2 164
119 250
25 114
188 210
370 414
119 293
81 111
127 212
95 346
293 73
85 135
111 337
40 90
119 70
390 242
118 391
405 420
346 135
55 239
344 424
174 168
423 255
462 71
172 263
122 464
335 206
305 151
249 50
240 367
304 335
314 421
432 240
68 5
374 123
244 423
252 123
296 380
377 464
156 254
248 277
424 288
189 250
438 437
299 383
31 124
239 345
250 376
106 24
381 186
146 314
103 268
132 5
351 117
160 126
364 143
255 173
331 26
316 289
31 220
25 338
164 369
294 62
181 317
442 72
168 293
385 454
82 38
164 138
338 30
264 407
172 40
285 208
250 122
202 464
47 226
29 211
117 322
456 3
160 419
74 33
417 458
9 20
202 172
158 245
385 127
174 78
350 458
469 305
102 192
290 148
418 319
64 240
346 41
242 212
165 315
244 103
478 436
307 385
314 464
152 220
296 325
4 351
10 472
178 295
186 173
149 309
197 212
70 249
437 311
460 123
331 409
410 330
367 238
421 202
407 94
127 224
124 314
280 133
308 163
428 199
42 98
29 422
15 98
192 451
114 173
280 444
288 211
1 176
448 421
83 376
220 393
305 343
229 290
182 58
453 315
440 16
118 468
437 132
271 151
289 384
29 90
55 316
300 55
197 453
182 463
56 401
378 360
266 128
171 153
369 329
467 330
344 106
25 9
421 1
159 231
90 371
26 144
393 325
198 111
5 379
96 60
302 179
125 273
306 296
425 380
146 119
415 196
224 145
204 350
145 68
103 234
438 128
377 58
159 280
169 163
365 448
407 188
332 53
166 343
54 296
244 200
414 180
101 343
324 304
214 174
371 22
407 36
150 11
94 14
290 446
360 176
415 288
69 452
47 234
316 100
51 81
5 170
444 105
34 473
408 248
168 6
269 280
42 124
290 319
321 285
286 203
461 406
196 235
379 242
175 216
48 409
2 52
101 445
157 134
145 270
87 312
276 356
297 23
1 292
341 28
98 148
230 264
259 131
21 159
79 195
80 126
309 81
177 409
231 333
249 375
125 335
392 106
212 394
128 397
207 174
424 304
27 359
90 285
195 294
149 273
194 412
398 24
14 281
433 428
319 203
30 149
59 421
254 455
336 87
79 64
444 208
73 470
272 162
460 466
161 314
261 354
247 364
378 444
350 38
393 191
240 422
339 4
70 299
164 405
385 426
174 351
155 247
48 426
114 214
120 275
49 86
334 296
155 233
261 27
270 360
217 215
303 261
403 79
81 88
189 466
36 363
44 374
315 275
28 428
10 147
408 59
232 264
60 386
202 26
118 472
385 40
392 394
301 316
178 381
404 366
74 145
250 301
224 270
98 251
220 291
397 333
349 334
302 114
426 26
140 249
203 230
289 116
329 111
432 212
197 63
100 271
391 349
277 136
141 374
387 66
187 11
104 241
51 406
61 182
137 384
430 339
319 240
160 354
350 297
87 69
359 186
45 455
241 321
113 87
401 205
336 293
399 439
55 449
72 299
152 208
204 104
252 45
49 412
398 399
230 6
173 295
376 401
271 138
427 89
224 349
477 81
163 398
225 402
368 297
222 226
210 132
35 462
176 83
101 95
187 330
284 65
330 181
465 307
24 120
395 247
468 394
33 337
313 442
444 386
444 371
317 175
24 351
342 383
434 442
477 142
478 467
207 35
353 377
341 377
18 442
329 192
357 362
50 375
31 199
466 474
91 305
354 299
177 218
203 316
365 386
458 70
374 370
105 248
452 151
330 470
114 181
183 176
248 416
72 278
320 244
273 116
70 332
414 430
255 139
268 326
46 431
395 125
322 205
78 295
356 408
470 175
294 358
351 63
1 128
340 320
371 318
436 146
171 77
98 426
215 71
273 444
23 373
274 344
284 58
344 161
171 336
41 464
399 391
48 400
41 93
241 117
410 382
263 286
459 66
417 379
136 395
51 158
290 324
207 95
87 72
439 257
113 1
426 34
392 473
433 138
271 379
254 202
283 38
194 447
103 132
347 422
49 397
101 338
427 307
138 35
85 282
476 197
466 423
414 85
124 74
222 394
453 476
302 441
219 17
115 28
332 461
449 380
86 256
423 218
84 266
436 352
69 433
71 57
378 190
141 207
264 363
122 422
66 129
90 468
329 204
201 183
370 356
84 161
133 29
378 216
478 336
90 69
474 344
125 373
239 449
285 208
39 407
151 288
241 240
278 92
149 184
274 41
61 63
201 193
275 285
115 275
142 388
343 137
437 173
216 197
143 22
405 182
134 77
175 81
23 452
172 355
158 151
395 402
213 302
117 194
292 415
468 433
324 38
275 282
210 196
478 58
402 110
423 241
371 120
321 99
277 198
453 140
348 76
64 267
377 364
460 190
300 155
328 145
192 308
132 107
210 315
348 317
425 477
79 317
302 106
415 100
303 389
424 357
170 193
329 68
78 310
441 83
170 474
411 67
10 64
173 403
378 226
241 30
224 25
52 47
130 466
331 139
83 460
17 252
174 51
26 435
360 172
39 235
352 155
301 361
402 179
469 7
404 231
37 334
439 88
86 91
260 122
413 342
103 135
299 460
185 324
416 250
202 160
6 75
314 306
141 237
190 131
244 115
67 464
154 27
73 240
117 332
67 235
379 170
369 200
151 75
229 273
324 430
432 35
26 268
46 166
210 235
296 159
56 362
144 209
95 217
154 211
254 221
152 155
96 42
60 430
117 288
224 146
240 362
181 449
151 226
321 66
167 138
225 222
206 368
430 6
290 216
66 216
73 404
311 115
463 446
415 456
192 82
401 75
446 372
409 378
214 180
66 57
404 287
446 478
422 451
289 233
373 354
154 445
463 170
81 447
138 201
131 35
283 53
293 434
424 407
333 343
108 398
400 218
390 73
217 40
46 27
456 124
87 132
90 71
301 355
224 438
77 354
178 65
406 470
21 58
398 59
106 212
163 27
429 74
284 167
297 35
193 275
158 279
406 431
56 228
307 463
372 90
338 71
154 449
247 358
212 166
417 318
377 285
50 33
358 333
199 361
367 392
157 230
376 84
183 137
17 195
121 94
284 164
349 144
319 117
207 52
466 329
75 71
135 309
103 199
347 8
81 420
399 237
171 2
26 353
139 226
70 443
26 59
129 374
386 153
196 115
388 367
443 463
437 284
477 246
4 345
253 84
286 357
26 457
64 51
37 386
460 106
351 7
349 185
86 256
337 281
370 246
170 41
414 312
324 412
263 327
279 37
116 270
99 141
432 163
375 469
70 62
280 126
69 150
310 154
406 168
141 3
120 310
227 55
327 72
173 112
104 157
332 219
426 431
65 380
115 145
76 368
391 355
16 459
27 325
318 138
199 458
324 24
473 73
78 322
328 434
139 432
112 470
356 244
422 127
329 242
455 404
132 367
280 331
53 12
361 77
333 81
240 179
104 235
435 366
262 284
321 400
421 139
391 5
382 41
131 232
282 291
157 119
180 436
449 416
154 332
14 8
118 254
370 406
194 32
293 161
22 319
266 442
457 362
152 360
402 282
297 390
279 453
214 164
117 185
101 270
222 299
461 45
258 353
450 157
384 448
317 111
289 288
75 451
171 226
39 95
214 335
190 14
310 403
361 132
293 461
107 220
465 89
449 244
147 420
400 237
96 422
347 90
231 421
62 402
353 284
202 272
141 97
469 156
21 351
287 20
333 393
239 26
187 209
269 334
335 375
92 136
318 144
225 255
271 470
178 145
276 85
416 122
181 112
277 385
462 269
110 22
183 55
47 75
447 316
408 303
396 205
144 235
349 368
11 141
66 372
469 47
162 112
168 48
223 444
139 206
234 248
227 122
302 458
196 271
1 310
279 396
220 423
152 90
18 347
414 83
424 404
129 292
37 296
339 443
445 477
170 384
247 103
211 254
82 113
46 266
422 31
183 163
453 40
437 470
386 372
259 38
4 93
329 40
95 373
189 245
372 64
151 324
166 67
99 431
179 329
218 306
359 106
175 39
146 133
214 237
210 472
274 213
271 308
437 365
203 331
131 96
394 465
125 82
54 223
218 232
257 142
244 137
247 418
175 392
256 389
335 171
88 130
90 358
438 48
428 346
378 265
147 477
251 271
264 304
199 4
242 456
329 191
298 281
130 179
379 91
89 235
261 360
70 350
424 213
103 373
80 186
343 226
185 116
18 448
125 217
157 72
378 7
262 197
472 97
375 372
187 169
312 448
235 381
319 180
116 422
258 195
129 123
127 313
238 144
467 68
66 145
140 443
152 107
346 329
204 242
222 390
411 239
359 167
141 384
52 440
327 309
341 161
431 467
180 374
316 168
148 382
312 287
52 169
393 397
203 302
161 424
214 277
184 94
149 31
183 200
470 31
214 332
376 351
320 261
430 158
134 99
245 151
91 2
320 190
399 44
13 265
174 226
247 63
26 395
277 208
300 269
423 35
122 26
91 148
286 43
11 419
141 439
91 232
440 116
127 360
344 139
330 223
71 98
469 96
198 268
9 19
58 137
238 363
162 328
216 153
76 410
93 401
370 368
338 332
5 464
397 54
124 433
276 194
52 451
473 250
240 188
452 297
324 211
365 192
245 287
344 320
218 437
242 110
32 101
147 220
86 249
274 394
203 255
293 439
227 472
394 172
181 367
174 210
284 61
401 50
347 267
369 86
409 317
379 440
123 231
181 209
186 160
308 94
121 122
54 53
299 447
225 1
42 398
395 325
458 317
374 32
289 448
302 219
470 386
364 115
139 251
29 324
410 336
417 236
163 177
289 462
329 35
168 370
432 84
216 118
107 111
333 101
265 156
320 256
248 389
370 386
161 398
415 277
439 59
34 124
419 322
291 270
356 458
161 16
248 83
133 60
377 465
160 163
327 185
125 96
96 16
187 440
120 307
238 80
365 272
387 12
299 199
281 361
363 147
376 316
229 214
375 312
200 240
474 232
425 304
327 226
26 35
187 145
341 425
408 412
402 317
423 406
221 409
288 105
77 185
420 12
104 22
323 304
262 24
57 392
328 90
139 353
124 31
203 171
161 132
104 84
154 232
196 375
162 5
1 422
374 127
433 477
148 461
8 115
7 249
212 40
338 350
98 167
87 300
43 247
431 330
331 107
83 48
3 428
236 187
372 131
313 32
314 167
199 321
465 389
275 199
428 318
254 47
191 340
346 233
109 4
85 145
294 351
376 2
301 133
189 378
448 207
115 283
79 313
309 66
223 290
448 356
129 223
108 319
269 453
74 377
163 342
227 456
214 124
458 220
440 352
303 409
80 124
397 159
436 412
408 365
223 377
426 351
121 56
192 95
214 449
471 376
312 403
60 231
48 39
451 10
96 459
124 175
104 43
39 246
160 446
316 382
344 263
254 171
318 151
265 54
121 442
135 138
72 194
369 120
416 47
313 33
211 142
392 315
368 430
82 49
398 397
430 447
365 390
323 205
62 294
442 367
441 98
26 34
292 100
337 413
146 355
446 357
19 359
377 386
310 164
141 413
266 92
88 152
3 116
356 249
409 25
137 77
123 346
111 120
446 153
54 297
30 21
359 232
85 257
139 101
420 279
35 207
77 306
65 263
422 126
33 58
151 169
319 273
221 429
392 188
287 151
190 316
172 71
69 256
327 392
62 453
376 97
181 452
108 429
237 235
77 453
477 227
328 317
21 70
451 118
441 259
268 152
281 145
222 55
107 71
446 168
45 50
448 409
23 262
66 443
18 142
418 16
368 267
38 94
42 10
211 4
453 184
155 255
35 377
15 141
153 461
14 381
216 462
17 422
245 82
387 446
223 32
168 112
4 205
389 45
399 121
232 373
11 386
333 45
284 347
369 142
35 382
44 434
71 61
378 21
142 286
467 71
23 340
182 210
66 93
438 170
397 191
248 113
98 286
341 88
155 415
229 373
319 273
329 95
39 228
116 364
219 288
434 425
149 322
156 398
120 115
90 38
305 337
335 108
145 197
195 5
134 130
83 158
108 117
436 146
50 257
31 268
66 171
398 14
75 318
133 373
407 354
383 449
210 13
299 113
391 303
430 42
92 293
333 208
250 478
258 213
215 231
278 91
151 382
104 409
221 420
10 333
295 392
303 27
110 308
323 23
316 274
248 407
272 103
321 227
286 100
439 206
36 423
296 186
326 105
301 68
46 310
106 341
407 114
73 39
421 101
245 259
80 198
371 351
6 213
99 476
312 244
203 348
188 205
239 219
309 245
286 61
260 391
401 189
26 179
411 153
279 361
411 358
80 303
414 270
38 34
267 55
461 469
108 170
379 53
388 394
297 379
454 79
475 82
451 207
260 383
359 244
449 475
307 50
5 242
25 226
459 291
465 442
466 94
317 366
330 227
281 149
311 256
411 14
43 383
220 302
471 284
251 441
464 79
12 468
26 221
400 7
33 386
154 20
185 470
386 37
402 188
369 235
150 301
432 192
205 173
200 197
162 156
159 147
419 354
320 444
96 241
156 313
148 309
332 333
301 423
369 224
133 443
164 466
265 117
363 175
473 84
371 156
240 235
8 180
294 328
329 96
90 7
408 422
315 261
276 137
206 350
67 44
314 230
215 284
53 99
458 47
367 56
387 312
290 394
197 289
427 47
384 39
53 19
166 74
464 147
394 375
202 460
124 221
396 338
26 448
142 5
200 214
244 108
47 239
24 243
49 450
474 139
194 232
157 359
305 326
27 221
222 228
386 345
448 303
388 179
456 236
367 178
449 132
469 18
370 14
444 419
170 439
263 69
377 125
134 203
451 344
129 378
278 37
245 431
45 338
132 207
95 20
384 250
336 374
267 227
94 416
351 447
83 135
221 459
260 60
183 416
404 18
315 387
238 265
339 282
125 176
194 403
380 283
174 237
363 146
169 456
268 42
130 350
176 56
330 141
116 218
78 225
235 393
133 472
179 177
460 9
353 175
118 438
458 475
196 342
143 364
25 116
111 338
465 471
99 316
133 214
55 395
438 290
309 276
467 193
453 448
386 33
329 25
470 14
21 371
61 347
440 85
462 73
128 448
65 226
469 381
146 46
297 289
41 311
87 29
26 61
183 411
93 217
141 268
230 161
160 290
30 121
80 197
377 207
167 441
138 341
50 283
386 346
94 132
179 180
345 204
424 49
320 222
449 460
11 200
326 354
195 61
180 274
258 79
2 130
225 323
470 274
128 84
142 221
215 26
106 81
413 51
313 254
272 283
419 466
188 266
341 382
327 42
177 290
304 362
419 51
207 410
30 40
15 171
260 414
380 71
16 314
121 35
273 98
317 213
269 211
185 315
114 217
356 291
28 182
358 152
416 270
267 445
309 282
322 274
217 223
344 416
243 170
450 37
451 473
434 241
205 140
261 24
62 139
20 273
26 378
424 147
353 212
297 184
199 140
163 121
69 29
243 17
382 214
53 355
392 8
301 302
331 84
326 392
406 51
186 137
134 315
283 9
233 285
192 431
131 60
258 199
88 22
215 176
419 451
236 39
459 242
340 311
325 371
409 436
422 116
278 77
137 82
269 369
73 166
27 203
226 284
107 19
305 321
194 246
477 429
284 457
193 329
474 223
406 404
365 55
225 164
315 361
246 106
251 24
271 278
226 202
83 332
221 94
358 414
45 356
71 34
41 447
68 36
191 473
145 77
49 369
241 364
252 192
469 208
215 445
191 440
169 274
293 389
73 356
30 117
233 100
334 273
68 401
14 443
396 158
41 150
49 465
35 6
362 209
213 98
360 404
243 50
383 241
144 161
118 357
461 351
163 316
329 414
238 343
378 339
206 125
11 254
295 229
443 179
438 178
460 25
287 225
258 375
465 107
57 289
463 39
345 147
60 195
267 3
243 166
342 449
474 58
408 291
286 373
469 429
256 450
453 248
380 416
144 73
44 384
361 29
128 411
359 187
127 147
189 76
19 236
230 14
293 159
10 285
237 184
419 198
156 100
445 241
37 294
313 81
199 379
293 326
311 357
218 144
210 113
403 228
348 154
425 347
18 435
337 255
140 277
452 1
376 419
242 119
418 260
383 139
161 197
170 177
259 94
320 468
206 428
217 259
103 348
311 121
304 169
375 149
152 54
150 233
178 97
351 118
62 439
256 406
157 131
105 122
224 130
111 135
80 34
394 366
381 226
8 390
101 88
60 252
142 393
190 25
195 63
142 257
23 103
368 364
234 472
191 163
308 301
298 93
40 397
458 420
328 172
331 428
259 97
385 106
11 97
131 390
343 272
168 71
375 241
140 314
235 330
476 248
337 1
46 376
397 25
24 247
380 60
380 161
156 471
450 351
89 286
262 137
80 135
391 160
375 237
179 315
88 360
268 130
361 313
212 279
338 419
231 239
478 133
105 340
125 261
212 397
68 179
239 331
313 151
196 393
387 374
230 181
256 19
16 138
332 227
122 375
351 353
319 351
191 130
212 21
390 129
417 457
307 177
16 325
33 211
239 126
107 174
306 68
193 27
389 230
254 32
126 310
90 150
182 464
279 99
6 190
411 422
353 423
304 368
269 43
100 214
168 390
387 473
457 285
21 73
36 458
289 345
290 378
17 177
70 295
460 75
7 392
203 359
337 212
432 311
254 53
230 421
443 139
121 127
129 326
384 165
11 194
31 300
277 47
183 346
48 164
421 54
261 329
118 303
62 71
136 22
307 71
442 455
393 269
288 44
116 193
208 126
386 422
132 184
175 314
52 222
183 178
459 443
212 98
268 457
352 109
478 180
179 148
341 94
416 150
321 237
342 50
68 249
177 199
138 351
218 189
278 106
72 258
71 283
61 44
446 118
336 445
4 220
298 344
313 419
15 155
177 356
388 245
310 271
149 447
327 367
158 127
178 413
90 248
402 335
475 369
452 38
41 161
258 339
26 276
279 40
137 162
101 46
112 410
22 260
379 349
332 242
181 32
176 454
463 99
310 460
173 468
203 214
150 460
258 360
258 242
399 394
403 22
145 36
137 167
2 37
221 333
278 401
364 454
376 349
258 392
36 137
87 238
56 420
404 313
301 183
260 406
282 369
133 426
404 269
298 405
306 224
444 289
146 329
448 228
383 412
325 124
70 411
68 125
58 471
143 359
359 108
470 162
476 124
293 108
98 297
34 109
42 183
398 372
34 367
121 122
300 151
430 75
83 203
383 324
195 231
204 259
339 379
126 336
208 124
443 306
420 183
414 462
365 39
61 104
112 181
410 117
37 361
376 303
269 280
148 463
33 58
427 77
436 74
118 166
197 83
177 323
449 296
12 41
335 72
145 152
436 260
268 472
326 165
296 116
151 443
284 367
22 232
443 458
11 82
329 391
348 27
235 318
322 430
359 362
23 209
35 458
468 9
157 21
357 452
136 29
417 419
395 144
356 65
307 366
147 157
462 16
367 403
334 395
354 398
278 83
312 313
62 301
27 219
321 383
376 162
118 20
102 218
164 163
283 176
50 429
39 217
150 405
141 189
321 201
108 121
283 419
139 344
425 349
268 451
437 350
134 76
369 419
478 54
103 282
230 336
416 452
259 87
378 399
276 405
121 89
231 109
214 369
159 344
423 426
23 381
3 340
163 372
281 162
131 89
443 66
131 86
39 389
356 417
15 153
49 320
426 279
428 345
353 108
210 297
240 232
199 242
94 361
135 80
44 266
352 192
331 4
277 370
392 155
14 407
13 62
432 144
340 381
10 214
11 404
216 250
157 414
13 434
3 148
35 230
119 387
422 155
96 404
230 194
264 243
122 461
10 259
126 55
161 320
452 171
245 189
420 107
309 139
63 17
470 281
246 110
373 264
469 299
200 368
268 148
195 250
158 453
82 396
135 107
76 306
351 264
431 457
278 91
225 294
266 212
62 81
290 434
51 464
438 250
353 412
397 69
367 260
43 154
178 260
253 189
316 222
141 1
22 416
225 21
203 142
266 468
432 406
40 417
71 289
292 4
207 360
371 467
109 46
166 286
12 124
474 327
345 320
327 72
441 258
93 350
399 358
339 352
469 378
475 62
188 288
65 394
353 141
88 461
371 437
452 382
82 153
414 427
179 263
204 141
42 296
12 146
360 56
204 350
433 200
411 326
193 182
242 67
322 35
234 398
472 391
301 75
66 421
207 244
205 117
90 430
412 102
97 477
157 300
55 296
21 465
143 397
352 90
464 196
125 403
299 302
21 122
82 86
248 473
35 452
111 125
109 228
410 205
227 272
211 281
89 415
451 416
334 325
211 25
226 335
133 46
342 153
351 424
423 120
418 457
277 234
287 385
461 218
296 209
196 28
11 468
148 168
405 187
14 138
211 423
178 49
468 226
202 341
171 330
166 294
308 443
49 301
349 31
224 350
424 419
83 140
409 231
307 41
123 26
362 334
448 246
88 438
471 473
6 347
324 355
162 338
319 394
160 374
130 383
429 75
30 34
399 144
264 227
184 92
437 252
131 406
19 219
71 195
213 260
63 243
137 408
102 161
323 445
240 158
55 191
417 268
224 337
411 193
269 301
284 227
74 415
339 276
155 115
470 73
375 54
315 33
461 122
377 11
272 139
352 33
329 290
300 74
332 233
450 123
55 255
55 312
191 99
293 51
214 284
308 110
43 328
326 209
156 224
403 427
362 276
459 396
88 465
469 419
219 440
247 457
401 8
474 113
106 288
348 25
93 177
318 319
210 165
49 365
95 451
314 162
248 478
80 41
464 254
460 388
400 412
366 322
419 67
140 231
354 9
255 152
369 95
470 101
443 40
465 59
196 6
405 444
190 6
6 175
259 171
269 180
289 340
23 413
407 347
165 282
355 126
140 430
404 131
236 74
355 406
317 72
412 243
221 307
248 411
3 212
287 455
98 97
317 120
32 245
172 380
232 49
211 371
184 320
208 419
394 268
52 232
45 463
180 266
475 133
382 184
344 190
160 441
471 476
267 208
242 438
293 180
192 26
256 81
51 169
21 444
436 257
381 3
425 266
452 422
398 355
127 264
250 286
410 426
284 198
155 231
342 448
116 239
179 372
320 229
62 46
379 204
302 281
206 249
69 179
192 172
239 318
435 194
309 73
142 114
454 2
51 317
449 166
78 333
243 103
84 305
148 462
30 450
448 419
404 222
303 117
394 247
140 56
440 448
128 287
268 288
289 318
126 443
189 387
298 432
11 87
442 159
70 177
314 223
301 239
151 125
61 250
77 200
11 38
353 323
31 142
132 319
165 441
283 354
350 286
13 66
372 454
408 147
336 427
76 158
187 410
466 431
181 64
152 375
285 211
219 315
352 56
155 39
19 144
98 74
135 110
139 29
269 253
359 126
201 434
467 388
365 454
340 251
39 198
148 29
408 72
344 465
128 204
25 330
53 122
403 188
415 247
400 205
21 280
330 222
236 318
315 122
477 360
79 221
263 226
250 192
297 115
363 130
318 93
165 77
399 89
264 335
42 185
62 170
97 467
405 121
303 233
119 185
311 340
447 242
111 345
244 409
229 374
432 27
60 30
425 333
477 282
374 367
343 141
59 145
130 463
265 138
401 384
28 233
429 475
474 245
47 240
175 459
319 312
7 84
342 432
122 46
419 201
413 283
342 471
133 177
161 398
314 84
303 342
22 437
44 202
203 274
441 377
438 465
210 444
70 257
103 376
303 43
98 421
31 439
119 164
321 279
83 341
68 91
388 274
49 137
475 251
410 143
333 75
129 248
224 382
27 327
279 35
75 377
161 290
43 279
159 70
263 425
410 37
37 319
310 269
455 306
225 92
154 263
166 282
32 389
369 242
421 170
460 202
252 142
13 478
420 171
69 205
117 478
241 337
24 72
311 478
83 57
275 236
319 440
223 56
57 113
298 183
466 279
384 423
421 396
423 68
272 13
272 94
197 218
430 220
473 446
404 261
24 200
18 48
346 424
104 402
243 107
106 230
91 196
175 33
113 303
101 91
315 78
184 33
2 320
437 474
287 362
257 17
83 458
64 134
110 351
241 352
163 53
287 254
248 167
470 66
469 92
156 12
354 340
228 355
181 186
56 173
69 18
189 336
182 437
469 291
15 232
348 178
284 156
431 237
323 128
302 313
404 458
30 279
25 258
339 389
443 100
83 218
118 272
75 5
230 249
295 428
2 164
127 469
25 263
227 53
391 51
72 316
214 101
300 238
358 344
148 323
443 230
62 266
207 320
270 142
90 86
92 433
402 266
164 371
199 216
467 433
287 10
168 388
309 405
267 358
258 295
322 193
356 110
106 197
379 247
471 171
44 268
309 446
55 472
44 253
210 32
391 202
41 80
111 55
190 84
412 447
378 439
346 440
254 451
342 339
403 334
31 447
123 45
120 362
39 163
320 432
378 233
339 418
312 450
178 208
55 111
360 138
255 227
99 31
383 441
369 308
2 105
276 125
149 101
8 371
447 33
30 346
265 369
285 283
340 168
12 100
278 371
237 238
304 42
268 208
188 158
37 189
262 18
313 117
302 26
9 270
59 39
137 29
407 127
311 452
294 322
257 277
399 199
221 224
240 10
137 133
352 358
322 319
375 156
435 383
366 444
174 130
188 17
158 300
327 469
457 327
18 235
309 416
433 51
345 379
245 4
33 118
361 60
436 441
216 99
345 287
248 225
416 435
241 279
440 273
269 418
121 287
174 430
408 312
186 275
396 430
462 135
69 344
194 211
12 115
309 357
401 262
103 44
402 49
323 363
27 297
302 148
289 181
283 219
198 174
199 116
126 366
250 378
231 149
110 242
264 124
304 370
91 112
414 14
344 442
376 371
260 383
224 71
269 212
473 467
385 377
104 32
264 59
116 200
207 409
147 176
55 451
68 329
268 187
343 134
150 424
26 409
35 433
185 303
166 363
291 72
261 394
288 46
158 403
429 71
333 98
246 93
70 313
422 337
21 470
176 354
415 385
285 449
339 175
274 210
60 270
466 26
186 275
72 49
383 22
119 421
303 365
220 372
199 347
415 404
338 296
279 458
203 269
135 247
444 408
457 209
199 444
234 90
424 11
323 34
217 441
160 41
327 379
119 232
247 239
157 290
56 141
270 258
410 404
27 81
39 189
473 421
338 228
217 467
423 61
22 161
23 365
201 56
266 319
287 218
79 149
30 319
289 5
98 404
408 308
190 152
202 184
94 61
118 16
233 62
76 254
222 99
141 128
338 112
447 146
329 231
478 64
255 472
68 59
104 181
366 293
332 274
477 132
40 116
147 273
177 223
232 104
27 78
231 70
189 383
399 224
320 398
471 96
97 245
154 200
425 226
15 463
21 197
116 60
18 446
38 378
374 270
3 106
53 233
175 426
138 95
355 457
14 347
258 111
113 412
310 244
159 30
228 179
226 49
422 427
200 460
326 96
435 328
201 9
267 376
434 110
470 310
272 190
363 51
300 181
462 315
424 142
51 357
26 460
111 448
409 311
135 256
406 275
106 128
467 78
209 423
187 201
438 458
390 28
30 395
209 14
415 338
155 171
217 181
153 327
334 83
343 174
44 270
448 333
104 436
410 18
86 118
218 230
97 313
257 311
413 171
324 56
31 184
226 431
70 84
463 109
166 328
282 394
303 251
248 112
209 180
130 294
297 53
229 100
72 8
410 190
178 439
245 392
144 177
344 398
260 329
28 132
178 310
47 186
266 294
298 474
179 427
474 476
1 224
281 256
415 212
446 115
356 212
28 205
94 78
124 354
406 336
191 289
167 421
474 432
236 293
134 415
241 313
118 426
58 398
203 473
315 170
293 376
88 26
102 181
103 226
240 214
267 136
24 433
78 20
92 20
312 409
