514 2345
271 162
26 162
321 433
366 99
419 489
245 32
234 434
514 72
274 455
237 134
2 173
509 38
118 406
124 261
56 203
186 326
364 211
101 298
258 81
11 162
55 255
321 289
302 448
360 189
389 82
322 4
382 444
41 114
335 164
374 4
494 173
457 344
384 172
127 255
252 137
416 306
5 350
208 434
284 181
109 286
391 44
289 258
488 329
371 436
107 359
440 86
17 510
429 14
167 170
268 32
434 169
338 53
133 31
486 416
212 208
315 88
252 89
473 225
31 330
146 137
174 199
351 318
195 393
332 489
48 85
7 96
382 472
148 514
116 119
29 455
327 343
156 192
45 115
416 75
58 175
340 359
502 176
162 310
54 493
284 230
192 418
325 187
503 472
314 105
76 342
45 16
298 201
207 470
443 236
30 500
25 497
472 12
158 119
321 340
226 218
55 31
250 379
217 238
464 16
342 25
485 1
169 396
329 503
351 385
353 508
498 377
491 455
2 262
59 450
87 412
153 269
442 16
261 272
254 210
287 209
363 257
337 17
266 279
133 102
149 485
224 132
347 328
72 476
203 259
411 418
284 50
172 340
193 433
97 446
128 384
269 490
254 219
120 6
498 253
235 132
351 72
392 312
13 77
273 216
463 170
119 233
347 290
186 25
336 282
85 464
279 353
439 19
57 173
152 168
425 514
300 261
72 305
58 84
381 459
427 458
114 31
176 460
449 361
484 270
256 182
219 21
148 272
39 205
444 318
372 482
317 285
356 2
203 28
214 70
486 126
141 85
285 316
30 219
290 127
488 31
309 193
179 456
78 217
274 7
148 260
102 79
158 457
80 489
484 421
44 455
161 312
25 445
113 182
149 16
437 122
174 359
442 353
428 5
183 316
139 331
189 240
409 346
311 102
320 280
137 491
221 297
288 373
355 14
169 503
157 91
238 331
449 294
169 490
426 351
291 51
295 479
418 317
439 214
33 372
108 169
349 328
79 250
314 433
392 482
35 34
186 272
364 248
51 146
224 477
111 128
141 405
93 172
336 145
386 368
2 493
150 350
434 228
214 361
146 91
457 180
252 128
65 230
504 244
375 341
334 485
468 474
504 174
259 453
318 130
306 320
236 69
283 296
496 130
55 200
72 362
66 327
426 295
316 155
155 270
102 254
224 189
371 397
448 309
201 63
228 134
427 296
416 195
205 12
452 259
339 137
106 404
464 145
184 393
428 339
149 15
206 500
204 62
382 137
498 196
327 211
329 239
120 359
48 452
370 499
324 194
122 43
84 199
187 267
205 100
219 481
115 38
466 446
227 462
68 210
143 394
34 86
247 281
444 294
218 299
406 27
106 13
69 189
339 384
70 30
483 416
510 211
68 76
142 294
23 337
504 293
217 151
506 77
432 435
370 135
347 261
290 67
402 358
383 226
355 452
383 324
482 507
148 35
68 290
456 218
112 445
124 456
210 116
18 127
164 1
389 125
262 164
191 277
136 59
116 490
125 499
299 220
105 61
382 172
350 323
3 75
382 126
145 77
369 162
203 19
291 77
271 166
369 461
442 504
133 43
479 385
155 392
90 259
452 85
44 415
408 174
103 403
300 247
479 282
23 295
428 313
499 184
478 353
258 19
342 391
61 435
389 344
440 479
216 505
49 260
19 70
433 121
472 346
496 50
114 4
472 27
444 457
339 21
295 82
39 251
86 227
299 475
56 352
53 272
342 229
145 360
427 191
480 384
23 75
48 264
206 5
418 135
461 242
283 370
452 321
234 151
162 146
111 217
497 291
102 324
6 246
169 46
51 262
43 73
337 90
464 156
95 367
291 169
223 59
152 160
508 513
310 155
144 35
499 126
453 87
63 72
460 231
117 510
107 160
196 57
249 145
212 471
126 116
254 476
303 405
249 424
18 44
64 161
206 176
287 145
390 477
216 464
322 461
459 428
106 269
98 354
27 437
439 280
39 178
241 469
196 489
378 213
147 55
374 480
230 274
110 106
364 454
55 171
400 127
84 119
9 309
472 36
232 10
443 398
187 170
480 511
144 343
337 418
11 324
384 240
83 107
345 447
174 13
231 59
140 315
177 148
237 263
311 82
272 240
93 73
23 58
197 294
14 19
198 24
343 67
392 39
173 350
99 347
363 330
19 116
258 324
391 494
200 316
190 85
41 282
285 63
468 481
484 481
500 167
119 456
233 510
494 20
345 79
494 193
22 126
436 279
63 313
386 262
114 189
347 282
471 117
472 424
212 441
4 197
94 122
138 454
245 87
76 451
194 396
472 320
318 364
382 244
364 258
485 38
218 252
122 334
209 31
31 263
163 355
356 284
106 424
143 351
124 218
415 318
227 501
251 158
350 246
401 327
503 371
365 206
236 100
154 444
131 312
193 421
153 162
318 258
71 460
222 195
291 123
126 4
109 376
161 72
107 176
399 224
32 377
43 268
476 196
325 220
508 131
126 274
293 444
17 491
3 367
299 294
489 38
297 211
413 71
410 134
246 294
357 406
284 13
287 246
209 225
79 330
356 333
89 262
390 105
366 392
85 279
171 187
316 81
397 215
280 293
476 139
200 318
30 484
330 444
343 152
155 35
481 124
367 55
385 242
288 236
248 372
514 418
173 444
113 55
144 6
475 105
144 289
36 174
258 493
231 214
259 385
248 225
508 101
408 506
470 309
356 203
294 483
235 466
412 347
7 169
480 95
273 109
383 436
282 254
29 513
81 287
511 329
125 119
43 18
110 512
454 465
201 234
48 49
185 459
9 319
114 488
414 514
82 410
436 364
278 78
490 358
364 486
172 102
218 342
248 328
340 187
406 154
420 453
202 91
12 210
409 253
183 436
252 392
460 301
241 223
378 344
66 355
444 366
457 147
193 190
88 146
504 494
299 410
46 114
500 57
451 8
309 247
58 175
125 3
475 493
225 467
451 418
435 380
269 505
140 462
180 228
221 298
207 134
193 380
247 306
51 312
313 359
44 370
147 296
372 236
403 210
188 339
114 236
204 382
227 343
457 20
56 164
317 390
297 509
256 157
300 306
82 227
278 254
82 39
35 68
274 437
277 75
389 390
310 78
386 150
35 328
170 218
105 486
222 15
95 91
300 8
396 381
234 287
120 444
325 283
511 212
333 401
286 208
277 210
413 276
359 61
89 14
279 322
114 336
208 204
249 215
213 116
63 499
363 506
438 259
116 135
78 2
35 413
406 244
439 167
88 500
384 230
392 191
343 505
140 36
194 389
378 406
118 440
4 480
45 441
353 160
190 44
162 224
456 181
81 508
348 168
493 345
397 498
149 225
102 288
388 295
290 380
314 407
433 318
501 92
372 339
251 175
382 26
12 451
207 92
444 40
388 37
512 398
148 146
109 250
433 110
158 337
103 472
357 150
403 343
241 388
295 491
49 290
3 188
354 337
280 284
376 281
448 373
164 81
4 400
458 50
124 102
386 226
59 229
375 75
185 101
462 94
206 124
383 336
312 223
158 205
120 147
485 181
133 134
261 264
148 333
441 271
434 441
496 106
283 485
180 467
199 255
46 18
379 43
353 304
393 124
508 512
270 92
178 402
353 52
279 500
384 206
256 431
132 366
22 414
336 201
494 148
70 154
166 448
324 4
365 202
128 486
199 11
63 504
27 29
41 305
143 39
124 398
469 255
377 105
282 198
433 262
346 502
29 125
49 352
128 413
39 383
384 365
394 446
354 420
89 8
338 231
46 462
242 129
202 105
361 98
430 279
487 261
267 1
385 443
480 127
342 4
509 211
496 2
271 335
421 359
470 373
203 130
320 444
258 135
34 232
232 464
510 204
338 390
332 337
319 297
77 274
428 199
484 23
201 368
357 235
340 313
93 28
56 412
472 441
33 119
158 392
196 281
210 148
157 27
484 89
452 174
362 493
372 459
2 186
313 486
421 138
412 127
166 467
25 251
393 185
497 36
62 179
317 271
326 87
426 423
175 491
210 150
469 67
94 470
253 20
442 287
158 339
413 451
420 51
315 298
363 297
334 39
475 264
437 414
350 348
450 138
324 145
415 279
212 122
362 78
142 417
492 427
370 4
363 275
55 163
58 417
73 5
455 34
268 506
61 231
339 511
496 277
141 396
169 480
4 144
171 273
47 276
185 416
280 161
176 334
323 361
364 9
366 433
42 247
424 231
92 376
355 201
266 495
211 434
75 214
64 373
100 238
135 284
139 414
444 442
361 380
416 338
388 395
256 44
256 293
402 347
283 242
33 34
350 243
82 424
70 145
411 297
510 31
66 134
58 123
189 32
116 90
369 118
485 239
289 226
145 176
186 427
417 346
75 252
203 156
290 400
300 314
183 423
344 376
42 15
499 358
174 228
61 28
345 159
394 119
512 25
294 183
65 324
143 139
62 473
294 479
358 207
278 26
115 235
16 284
377 128
127 36
355 316
191 186
474 71
304 472
223 212
268 287
21 24
40 210
496 333
302 340
154 65
493 268
427 508
166 289
121 420
452 90
221 129
275 309
199 192
266 35
17 147
321 166
171 360
375 152
307 291
105 460
483 84
341 396
205 506
298 454
412 236
29 246
492 431
40 304
236 433
338 253
66 272
418 236
246 406
1 38
310 106
111 279
317 451
160 135
57 71
202 82
434 230
327 411
274 367
200 510
285 23
376 478
295 407
327 26
426 328
191 222
47 301
500 491
365 273
111 421
343 441
502 263
156 315
159 44
295 487
167 193
509 28
157 417
48 97
56 473
424 246
180 84
160 165
188 11
51 299
431 394
225 33
270 508
475 42
165 255
14 331
61 137
486 345
39 147
442 95
106 479
468 285
49 114
64 236
124 114
148 168
121 500
328 4
108 288
46 400
156 59
217 195
316 175
362 463
102 70
182 67
23 80
243 264
271 92
1 513
240 169
119 353
496 123
74 398
296 474
39 354
304 383
163 233
44 138
181 273
207 490
339 229
56 195
493 326
287 107
452 140
275 57
106 385
307 180
268 88
139 434
55 442
431 345
160 474
482 469
232 174
58 185
17 113
379 123
53 279
229 504
418 118
174 10
502 480
317 383
181 455
430 364
510 346
194 283
305 162
237 151
335 295
463 479
21 455
87 201
220 316
191 251
47 492
388 34
72 190
30 252
130 459
101 253
419 295
22 209
70 386
487 18
294 435
497 315
376 197
129 209
512 319
459 172
425 333
205 496
136 362
233 266
435 462
132 339
370 153
161 53
153 134
70 446
182 52
374 171
249 503
507 374
435 452
32 345
398 364
454 19
340 301
412 260
248 158
84 231
310 372
283 76
119 480
8 301
18 509
85 394
497 78
381 32
143 26
504 154
390 444
300 343
230 326
88 91
483 299
449 406
156 345
482 275
310 489
189 327
483 401
334 80
92 201
239 362
354 228
1 229
285 301
185 128
240 272
218 208
184 280
99 468
110 66
228 420
168 30
360 265
44 180
472 136
508 324
497 347
37 498
190 450
412 374
63 137
260 409
472 443
174 56
396 284
250 237
317 31
394 162
423 438
469 508
59 76
317 169
37 482
152 354
417 177
213 93
441 86
501 398
143 289
68 152
186 445
3 502
89 396
149 512
319 232
505 307
436 160
343 403
439 182
433 230
9 11
156 94
126 168
364 414
235 2
85 293
4 200
381 399
348 506
332 65
111 450
500 32
223 328
434 276
510 352
505 132
490 274
225 101
441 75
128 289
204 212
67 207
25 62
219 501
53 36
179 163
100 164
194 322
492 241
211 101
206 201
232 182
475 70
410 15
272 24
304 475
363 498
167 388
45 386
374 226
35 38
388 262
330 196
198 307
50 408
21 256
95 380
51 183
449 460
197 207
483 114
295 332
98 462
333 270
461 192
495 109
357 497
371 172
306 54
92 355
461 112
224 41
105 274
351 40
220 34
374 316
147 154
261 372
229 79
256 303
270 236
412 113
346 268
412 137
449 504
106 395
229 329
50 334
89 400
501 436
47 488
237 194
255 498
179 484
62 434
272 460
284 297
186 115
50 83
380 498
200 485
507 429
299 42
376 1
55 362
436 102
335 287
423 75
398 87
172 73
135 58
18 418
354 331
146 18
414 11
129 99
495 249
13 408
290 388
408 473
363 330
60 311
102 482
514 113
182 171
185 316
356 331
347 324
147 493
469 46
117 211
273 98
460 413
505 363
415 398
321 263
341 380
60 56
475 187
168 143
485 353
72 327
297 419
264 443
11 218
489 127
428 247
224 501
145 342
350 173
354 156
436 308
150 109
364 238
295 145
380 393
111 66
205 407
484 82
336 494
299 438
106 341
170 458
327 442
413 290
101 380
446 150
174 209
258 151
446 166
295 440
44 406
505 377
426 88
458 247
67 371
170 300
197 467
371 137
9 398
427 109
263 486
386 50
308 257
328 239
36 109
292 79
128 282
69 39
497 141
414 177
511 69
477 321
150 461
457 158
344 369
394 221
468 265
398 261
7 212
114 42
448 405
248 189
301 317
355 283
457 254
460 67
451 36
387 86
496 329
243 454
312 250
288 393
514 299
140 134
124 253
303 57
271 36
373 57
480 214
340 36
467 413
102 17
448 488
102 43
431 472
110 356
207 11
234 334
438 501
467 47
239 255
232 510
419 90
180 384
303 133
420 384
31 135
400 92
237 116
263 153
73 372
122 408
511 483
227 434
470 308
480 322
48 197
317 80
415 111
464 203
243 497
200 274
117 86
493 481
201 241
247 401
99 368
294 223
337 135
142 420
442 107
227 103
432 158
183 332
268 132
148 510
242 348
397 486
47 376
453 247
102 185
133 328
167 41
36 503
175 177
408 230
412 120
332 457
405 514
402 158
259 35
154 114
510 36
86 42
25 152
416 127
336 163
68 502
203 104
104 505
408 125
220 433
373 37
375 263
165 390
421 37
39 188
151 34
351 236
204 376
387 105
116 336
267 183
452 83
286 41
201 308
166 420
226 24
71 87
286 235
476 320
271 128
507 35
162 344
270 493
333 270
83 448
220 478
116 157
46 16
197 375
323 490
280 34
127 350
248 413
198 338
346 83
465 339
117 240
296 1
218 114
398 429
175 103
392 418
259 51
433 70
425 369
45 319
17 172
282 392
198 480
215 29
176 294
495 292
147 404
420 365
131 304
407 305
406 284
337 279
462 255
348 501
238 392
305 254
177 72
259 502
165 88
145 340
381 253
246 141
143 151
119 273
68 11
192 88
422 14
366 370
396 199
356 247
204 146
500 509
345 373
496 510
460 126
335 326
379 66
80 135
345 199
21 412
209 340
113 117
481 478
100 363
290 69
95 494
342 209
102 172
67 83
167 140
337 502
465 329
181 158
77 139
356 97
165 179
51 277
423 17
241 8
507 16
204 216
123 31
424 224
202 104
435 369
243 385
484 321
327 278
92 403
417 448
113 67
112 163
343 148
180 197
283 172
341 486
387 463
2 424
301 203
141 349
185 511
219 154
445 31
432 23
47 462
84 159
14 323
450 484
470 115
295 238
414 121
209 415
197 338
452 111
26 207
459 211
331 291
492 262
449 409
412 495
356 109
268 497
431 203
81 514
445 375
365 344
109 59
372 305
396 438
30 35
130 488
245 460
265 351
335 199
245 360
308 215
468 61
325 512
263 405
511 193
393 361
150 501
33 136
420 42
59 449
77 316
422 449
261 300
285 210
113 144
55 420
486 137
94 296
134 356
187 259
162 193
105 439
180 266
60 213
307 246
147 511
47 182
446 436
482 344
131 208
487 313
241 72
449 334
368 197
175 168
455 464
360 173
2 153
438 62
365 359
435 511
355 482
179 414
17 274
244 147
95 344
73 335
416 136
154 269
332 456
50 400
19 409
58 20
176 110
209 26
468 130
23 308
225 329
208 241
216 65
1 438
408 73
258 437
208 25
319 153
480 368
166 498
391 224
3 52
461 340
77 28
469 227
463 179
169 156
33 512
348 33
435 370
105 178
292 441
202 97
207 295
78 373
406 468
210 23
133 156
362 338
183 316
50 131
108 347
415 140
344 248
172 265
231 404
56 9
458 386
233 151
294 438
9 186
6 218
208 138
501 55
475 169
498 139
427 219
485 327
358 314
189 143
192 33
160 248
41 104
247 401
382 26
325 390
211 330
221 32
467 207
214 42
375 325
180 415
29 278
356 514
77 30
270 397
62 430
130 231
147 376
245 14
15 55
17 226
384 237
385 465
443 85
120 431
409 427
331 52
190 172
51 394
329 321
276 391
364 405
235 510
394 479
137 23
148 153
376 145
389 246
223 317
458 342
233 481
254 49
18 443
221 196
323 35
2 212
39 493
231 401
488 238
366 110
260 127
262 121
271 264
367 494
66 438
321 426
404 189
475 421
245 309
103 53
471 232
393 510
211 109
10 312
346 503
422 92
115 297
212 386
47 192
365 240
116 299
152 133
487 240
40 218
34 270
398 504
115 276
113 325
384 251
251 216
239 286
435 354
68 260
225 242
66 203
482 309
501 247
441 474
486 94
177 133
363 188
122 92
464 363
30 333
99 280
162 337
51 210
304 247
470 14
488 21
216 69
329 203
315 383
290 414
477 80
32 453
267 282
30 216
130 60
163 356
467 452
306 4
148 96
250 231
237 351
379 453
420 321
269 348
189 172
376 151
251 407
218 3
302 247
347 45
434 509
400 387
60 320
390 207
415 253
51 137
89 429
203 122
235 85
84 424
256 459
188 506
351 405
123 267
266 469
311 185
463 197
185 8
2 188
343 30
440 393
294 143
436 497
264 284
67 347
193 451
291 509
442 256
13 50
8 278
132 318
77 80
128 261
216 257
63 172
286 502
178 66
130 99
176 8
383 242
354 189
306 259
311 234
128 452
411 263
215 29
194 419
236 322
294 65
192 356
364 478
343 28
157 87
254 460
222 250
315 61
53 107
447 491
340 188
428 364
450 257
6 258
161 242
193 68
434 384
423 284
475 380
439 245
80 306
190 301
170 505
489 222
97 422
326 50
223 368
413 287
110 419
30 398
274 222
466 193
219 374
90 180
239 14
38 446
320 228
232 489
218 207
324 442
242 263
491 464
116 3
236 225
421 265
237 308
100 188
501 447
175 76
112 28
218 277
473 151
504 191
253 335
397 190
390 124
452 366
201 54
369 437
406 403
315 128
197 29
443 311
475 104
386 200
131 217
476 217
367 80
407 105
28 417
294 418
154 360
269 355
413 251
277 432
268 205
174 464
233 102
260 193
333 259
392 77
90 354
294 456
47 314
175 74
217 468
491 370
441 374
338 339
238 228
385 505
433 44
68 279
145 455
472 92
328 477
168 417
444 461
358 490
261 146
50 91
228 154
74 154
13 412
493 379
253 491
369 171
20 51
450 292
505 21
383 318
111 165
348 41
111 192
144 499
337 193
75 50
475 277
204 101
302 310
479 40
286 462
211 433
512 274
338 116
422 207
48 18
499 395
58 95
200 202
208 151
8 410
328 96
172 17
197 473
454 289
127 353
236 337
399 361
224 223
91 259
43 138
276 27
146 462
249 346
277 456
496 284
480 309
380 265
454 190
224 7
478 350
488 328
300 372
174 137
208 392
395 250
143 284
404 289
231 139
248 507
208 229
405 301
151 398
52 218
73 403
353 164
238 326
491 151
311 279
415 133
156 295
510 299
64 400
73 423
152 320
415 487
162 433
274 440
316 325
272 2
213 110
166 64
49 270
342 487
34 242
105 190
150 101
102 341
114 302
249 393
235 278
365 10
196 252
449 126
190 334
127 402
57 292
79 233
48 34
334 209
403 438
12 38
152 113
507 393
414 369
271 262
132 250
271 456
501 334
67 177
153 193
192 338
99 399
56 274
432 389
482 321
441 494
486 206
92 478
85 120
461 483
381 78
218 266
19 333
85 213
123 365
406 442
188 118
326 372
391 372
246 358
178 300
465 277
506 171
369 204
290 315
300 284
6 132
163 25
464 247
365 200
226 256
127 27
501 67
398 377
438 258
349 229
43 299
119 162
469 487
365 372
287 151
270 293
410 432
445 359
293 295
172 4
165 426
30 151
492 42
142 29
299 490
257 469
402 376
117 357
476 95
342 249
373 97
155 268
143 213
240 435
121 411
438 285
323 81
50 428
122 191
457 34
294 327
503 181
316 105
151 278
199 493
140 186
203 422
453 345
120 179
265 240
203 316
139 11
188 53
260 506
123 294
413 449
282 79
251 514
358 142
326 336
409 511
152 316
64 111
49 370
503 288
58 433
40 197
443 227
377 188
346 499
95 372
47 376
451 425
503 422
52 315
371 74
311 8
389 374
118 437
229 107
339 415
25 378
225 81
219 87
396 50
199 491
36 245
480 486
156 469
7 335
269 377
409 193
384 411
53 116
334 409
350 286
309 374
149 147
454 367
361 463
31 45
439 66
418 405
165 187
487 171
135 241
33 157
47 30
54 99
145 1
122 494
286 44
481 434
191 34
287 37
497 445
210 421
510 113
439 160
427 25
458 47
265 490
204 312
5 257
24 278
257 273
257 156
317 224
75 121
385 489
285 367
419 494
402 28
220 454
315 132
479 258
179 357
233 382
282 366
252 434
