400 1827
393 23
98 345
238 170
295 154
16 41
61 49
336 400
139 301
263 181
298 35
152 306
267 346
233 343
225 252
273 24
230 218
46 279
162 283
49 56
36 64
48 64
383 47
154 283
310 334
133 296
86 390
163 383
222 57
207 25
329 182
207 98
227 85
259 61
133 314
48 148
361 95
211 296
93 365
130 354
250 262
250 287
251 12
269 24
20 27
49 300
208 207
398 386
291 256
398 376
170 397
123 82
43 286
377 136
202 107
41 51
320 290
290 123
253 110
146 272
137 146
172 296
352 169
282 243
376 231
170 145
228 292
179 270
177 155
357 378
213 398
381 133
287 222
255 92
331 400
315 19
98 38
315 49
158 148
243 134
378 12
230 205
256 8
27 32
115 383
362 327
380 294
59 219
115 265
262 45
217 176
64 314
214 330
314 323
77 157
56 54
120 286
211 375
245 237
359 171
272 238
151 165
248 321
231 113
182 275
329 309
290 242
74 219
155 397
247 263
4 253
383 289
63 309
86 251
267 44
21 138
281 123
254 129
395 84
193 128
311 121
37 152
314 62
323 20
10 169
283 14
21 217
254 35
125 339
285 344
383 258
81 215
332 287
295 327
322 87
54 232
159 42
336 72
56 258
92 65
378 326
30 351
142 284
385 266
222 209
156 79
242 323
362 80
217 240
1 256
246 185
14 287
120 38
294 329
129 311
306 54
340 256
147 223
193 12
45 14
173 152
44 14
74 5
93 243
245 45
98 90
229 111
328 348
100 222
228 132
134 233
23 341
379 246
133 343
242 146
115 393
141 80
19 146
124 261
342 168
358 31
397 20
310 296
120 83
124 299
166 209
84 189
149 14
386 282
356 227
379 22
171 120
101 189
217 176
49 158
344 358
140 340
330 1
235 49
84 310
299 249
118 382
389 267
348 374
100 303
200 30
277 323
101 329
111 269
105 112
378 48
21 117
387 350
70 173
350 153
83 249
353 152
182 342
18 129
315 69
384 115
51 260
37 151
188 99
20 292
162 397
339 183
66 277
132 135
2 82
239 36
282 191
187 63
132 157
192 47
225 175
161 275
34 149
378 173
247 397
65 9
345 355
143 362
184 274
96 185
307 334
172 188
125 358
251 256
114 394
254 291
168 14
117 153
114 94
325 313
42 341
273 387
296 15
300 31
288 348
167 147
233 338
334 309
295 184
117 361
129 370
251 296
336 367
400 49
61 277
361 102
217 233
40 64
247 292
94 87
239 260
233 71
197 118
380 44
254 96
4 382
17 254
278 352
220 229
1 232
105 313
286 322
146 277
337 344
168 31
382 6
242 166
29 391
284 360
34 137
7 389
118 23
242 347
375 13
176 327
197 280
239 82
153 384
358 90
280 78
72 261
35 265
27 63
207 262
22 240
398 380
180 115
3 373
62 377
386 189
303 134
20 141
215 173
77 124
214 308
153 237
120 188
53 146
202 260
7 176
51 356
155 231
71 157
203 84
85 140
224 339
273 243
32 39
367 60
115 132
367 267
320 86
6 373
184 208
232 142
383 282
98 137
64 120
246 267
155 330
358 378
269 231
172 252
221 139
311 335
222 277
154 142
314 111
114 97
318 297
239 252
130 288
341 146
7 186
12 161
67 321
90 287
103 261
138 324
351 48
210 125
276 363
266 190
26 331
286 343
179 76
147 260
363 87
5 369
224 368
81 290
289 122
177 391
335 266
314 285
266 76
361 141
38 178
282 63
60 168
358 238
195 104
50 158
142 54
78 365
22 159
254 262
232 382
252 166
248 118
3 113
193 363
205 182
141 87
197 152
206 106
342 400
161 391
157 302
44 187
266 17
345 71
278 128
53 130
294 252
199 296
316 391
210 120
124 302
206 272
54 11
377 395
363 137
385 119
38 380
305 255
397 201
278 274
329 282
355 174
133 105
69 48
47 278
119 171
132 325
42 185
287 371
179 249
107 115
320 97
94 176
303 42
377 180
268 257
61 174
30 145
279 50
144 325
279 263
47 10
187 41
194 25
11 324
226 117
390 145
165 84
320 68
125 248
199 344
56 260
118 37
356 396
86 100
272 317
362 319
278 100
359 24
124 321
347 349
37 289
45 154
372 365
221 48
164 19
392 220
230 61
256 186
56 294
285 327
162 198
197 39
297 107
62 372
27 361
273 16
249 269
169 172
233 341
171 349
359 114
168 141
174 375
278 181
220 114
60 381
311 256
372 159
363 385
130 341
297 354
356 145
223 124
268 7
64 39
355 375
104 74
67 278
1 344
58 220
57 117
153 319
325 76
77 239
60 158
179 357
64 135
53 286
210 321
292 226
311 199
200 366
224 218
243 176
113 253
396 121
369 100
39 245
175 67
83 234
224 262
142 287
348 195
124 157
67 368
382 329
118 133
294 341
302 89
117 14
341 64
134 261
115 172
106 241
238 140
74 14
1 168
252 300
362 376
9 380
295 342
308 12
75 153
352 328
241 20
342 181
35 75
42 149
199 99
389 388
238 15
1 191
134 205
90 47
132 98
26 40
285 37
66 389
340 345
230 312
286 10
346 313
3 47
111 53
387 98
291 353
51 33
38 207
122 84
338 172
61 363
163 345
399 180
334 290
124 115
201 362
76 99
274 79
97 384
83 35
33 373
388 83
357 25
241 31
61 178
202 121
140 316
66 90
47 351
332 122
65 132
83 140
182 356
170 278
291 253
313 324
177 252
358 134
228 199
164 288
376 317
9 68
184 26
157 230
328 88
303 392
172 386
131 305
341 253
135 232
105 399
107 233
202 64
366 29
262 81
269 190
349 229
257 132
254 365
313 181
5 216
124 128
201 206
32 93
58 166
276 114
116 382
347 317
46 312
346 259
345 166
48 293
394 256
377 199
221 289
331 225
56 54
352 256
259 335
301 269
53 176
382 168
158 328
37 155
192 334
13 136
99 13
28 44
268 4
242 40
245 172
216 300
177 119
108 35
54 8
303 58
135 285
177 244
164 213
398 355
146 363
90 196
327 70
239 146
73 32
186 269
203 1
169 331
120 276
318 125
235 220
134 369
56 310
165 220
75 114
126 220
76 216
368 354
285 206
100 309
190 237
178 392
237 298
275 308
125 192
384 359
363 117
279 19
379 43
190 53
157 267
224 184
82 191
138 318
349 189
227 138
25 356
81 213
253 355
73 377
146 56
287 109
125 117
79 103
112 220
107 220
86 330
355 120
121 92
37 21
232 215
158 256
170 238
21 374
145 93
350 290
100 188
350 176
305 380
230 368
151 336
187 189
266 141
308 338
185 344
310 16
159 67
224 280
256 196
254 400
240 155
242 291
343 143
67 199
123 296
118 225
184 304
13 1
396 320
290 180
216 199
148 326
265 323
205 72
118 10
72 309
165 265
199 59
7 265
209 81
113 326
306 248
181 318
248 176
190 137
356 5
287 55
330 103
377 86
174 46
96 245
354 212
61 152
270 68
369 30
100 81
355 5
280 135
275 127
262 64
215 169
68 101
223 349
203 199
34 328
196 129
125 149
340 185
253 161
204 221
190 304
253 96
260 132
182 134
210 396
197 376
164 216
76 387
164 230
137 198
157 333
278 281
33 170
18 285
282 221
57 24
76 309
119 336
392 253
69 201
248 218
176 11
33 203
349 149
384 86
346 93
18 175
325 2
344 342
287 226
163 295
249 238
156 319
125 147
123 194
300 370
363 27
333 347
182 281
95 165
366 40
209 335
167 134
337 110
75 175
287 189
21 135
379 176
6 103
323 128
248 174
50 210
152 382
109 333
214 203
50 132
243 258
18 361
343 306
70 370
32 357
158 53
43 88
228 400
143 102
128 390
275 129
152 379
62 260
311 275
14 312
358 208
122 376
168 64
281 238
33 313
146 143
365 140
182 192
140 324
246 219
266 72
347 369
50 8
180 361
234 193
224 192
1 345
167 168
9 399
357 393
311 54
87 227
194 269
371 285
144 216
103 9
287 1
329 337
360 108
249 193
253 72
384 253
17 102
372 377
101 329
321 363
382 8
190 127
228 160
11 371
375 65
332 213
17 260
149 376
320 349
121 172
21 104
376 389
158 347
365 210
227 285
172 161
244 361
287 71
72 250
394 398
266 325
211 283
136 311
210 7
260 330
178 280
386 153
220 143
52 184
352 278
20 75
390 264
388 277
286 59
78 231
57 295
155 219
129 243
129 339
249 340
268 379
171 205
83 390
299 134
125 202
364 145
277 353
360 264
181 197
322 210
28 330
105 134
100 233
376 181
171 177
120 391
155 243
147 237
232 46
323 309
247 286
53 123
190 364
386 371
160 260
180 187
141 236
273 241
69 200
21 191
376 140
133 82
334 280
271 166
277 193
74 123
30 78
246 219
41 183
141 152
394 273
291 135
108 163
327 128
314 347
319 290
38 3
323 372
234 193
89 110
337 162
233 366
191 30
185 183
164 325
286 158
197 176
244 257
290 170
384 204
116 254
45 153
257 319
124 90
112 212
200 48
325 384
366 67
13 102
249 176
378 87
333 127
262 128
383 104
297 366
307 364
220 303
117 28
221 192
117 284
356 268
284 232
251 249
299 263
350 99
39 327
185 323
5 399
3 387
102 299
305 360
263 124
262 331
151 34
122 219
318 29
87 153
261 289
1 159
152 302
209 142
180 346
16 185
344 18
123 45
317 27
356 131
102 169
61 204
202 134
23 71
163 61
223 23
349 175
133 52
76 293
193 208
238 161
344 181
178 66
177 46
93 84
176 194
252 188
350 6
322 324
28 36
384 251
10 284
377 142
336 5
386 80
212 224
240 155
356 370
172 85
15 264
168 143
10 372
330 311
377 203
234 356
238 169
158 199
52 135
340 339
139 278
371 302
101 210
8 179
179 44
146 395
212 240
356 135
169 266
63 324
99 18
113 219
176 312
270 310
203 161
400 80
131 253
132 292
212 92
23 342
135 168
336 298
7 243
32 127
60 46
2 110
64 115
328 239
378 150
100 132
310 51
212 392
255 295
283 66
386 305
359 73
24 295
370 382
89 354
109 149
399 62
258 62
128 186
252 105
287 303
237 196
305 400
139 159
294 373
176 232
278 135
304 253
381 273
235 69
226 295
169 177
308 27
238 36
164 42
92 50
344 328
197 201
279 287
311 125
259 87
356 88
173 211
341 105
35 127
125 213
21 294
389 328
272 178
315 387
219 7
388 115
286 136
315 165
22 177
289 280
215 196
368 387
6 308
43 40
386 168
204 6
61 192
285 284
370 152
270 188
158 209
254 43
344 120
207 365
297 47
244 111
242 163
50 199
22 92
191 7
259 394
364 271
186 201
106 155
352 327
294 61
135 100
103 78
219 262
42 67
308 238
130 102
352 179
300 374
270 42
380 81
36 296
303 221
96 9
327 47
335 172
107 70
271 161
99 42
22 93
108 282
330 237
335 233
367 186
206 189
228 138
269 263
33 123
35 80
131 361
78 66
132 136
87 355
296 185
396 270
277 55
103 158
244 389
391 210
174 148
350 353
237 218
215 221
341 249
300 23
161 377
40 245
112 126
199 360
263 146
181 139
152 283
249 395
271 239
157 396
338 106
349 175
276 115
347 168
316 247
190 76
175 182
272 239
307 70
150 169
167 330
260 319
212 108
265 34
298 21
29 235
79 329
361 306
44 308
73 359
106 214
386 232
395 258
70 254
279 219
22 46
148 281
316 311
340 180
344 237
153 325
24 183
253 384
88 248
243 160
206 300
325 144
132 320
353 153
173 183
324 146
180 71
379 95
334 318
227 229
107 331
153 130
65 358
113 152
205 308
263 363
207 187
106 338
58 10
91 182
192 14
328 372
36 306
18 321
175 196
150 281
126 254
10 190
211 75
293 16
382 107
378 140
294 35
78 303
396 120
85 187
85 364
110 72
269 128
393 395
323 94
228 1
347 189
142 110
263 35
77 196
141 6
288 386
40 317
241 387
36 325
125 72
288 235
143 108
314 87
54 188
180 281
188 79
70 282
188 284
268 264
32 8
269 319
346 260
235 186
198 222
62 322
293 349
156 387
8 69
26 61
257 205
294 396
235 363
277 374
198 144
189 181
104 9
51 1
268 285
138 17
58 199
339 302
99 94
289 106
115 314
118 323
70 11
270 257
325 99
230 75
242 19
255 297
27 306
249 247
142 386
263 200
136 201
101 234
247 341
291 313
206 361
235 228
371 104
84 248
202 265
322 396
235 176
244 262
81 93
60 175
30 274
374 166
27 26
351 273
319 194
137 76
154 371
255 76
26 290
275 180
155 196
127 389
324 370
202 356
14 261
130 396
87 103
113 81
63 337
351 208
73 26
313 395
281 389
20 122
215 151
276 11
277 265
334 199
18 241
212 279
371 159
317 25
271 29
105 286
317 7
93 389
385 6
335 217
346 306
338 160
57 214
122 333
30 7
131 47
248 295
277 218
5 193
194 276
173 251
161 89
257 205
29 241
210 363
57 107
269 395
219 277
160 340
161 189
299 244
187 146
138 16
315 94
208 108
369 333
358 81
373 167
286 354
7 47
316 16
106 136
362 324
364 121
215 125
261 113
368 399
210 57
14 124
150 174
184 119
106 141
151 30
307 36
383 266
35 251
281 140
338 242
63 302
314 229
26 126
342 393
124 151
49 138
227 198
263 10
268 320
150 19
349 9
6 332
274 40
182 106
179 119
347 193
372 212
22 397
337 363
341 12
65 389
101 291
139 363
300 358
282 2
376 183
10 382
114 235
21 247
340 152
317 238
344 289
49 317
285 337
279 226
300 296
166 1
186 256
315 38
214 197
39 141
331 48
122 44
234 95
290 173
198 158
10 93
46 10
10 283
298 240
60 197
135 177
197 321
33 112
358 198
260 348
338 190
347 12
185 180
106 26
352 255
183 313
347 181
322 356
63 219
196 74
15 330
250 164
202 282
227 111
31 38
10 369
179 356
380 363
135 37
340 38
291 74
350 237
254 271
145 268
89 292
341 56
173 143
219 375
376 45
37 7
82 47
375 260
354 174
89 390
113 126
232 186
76 68
392 298
164 259
339 55
152 394
228 294
212 154
269 208
142 227
241 140
201 100
94 154
225 134
95 289
211 326
26 286
346 17
136 109
228 74
116 331
67 295
224 230
400 44
37 141
271 277
233 23
328 326
177 152
59 223
392 269
149 17
107 46
34 242
106 213
267 173
143 333
67 318
162 66
361 150
159 183
378 391
206 305
268 334
8 278
108 399
146 208
15 204
253 400
397 311
212 263
83 306
147 102
223 260
119 136
9 277
318 338
219 75
242 38
360 201
315 20
151 13
227 118
216 32
117 165
342 281
379 24
186 126
125 361
385 196
96 346
72 365
283 243
392 77
280 303
229 147
322 380
159 149
49 326
180 117
90 73
397 69
48 135
146 125
47 82
320 142
27 343
106 262
185 49
290 17
352 118
163 273
49 321
373 97
198 152
214 288
224 162
308 272
248 5
396 294
86 267
35 65
209 93
326 394
93 167
362 44
236 76
269 285
348 241
333 145
393 146
32 168
260 291
391 59
295 338
353 381
204 339
397 365
383 274
310 76
40 271
71 275
346 339
111 293
180 44
37 124
141 21
243 352
263 186
11 158
75 363
90 231
253 38
195 236
311 104
263 302
326 333
176 271
272 239
115 3
282 103
126 374
75 368
326 338
105 336
47 180
250 88
10 102
125 204
289 387
307 103
288 232
36 15
54 259
253 120
213 134
222 338
108 249
257 33
186 314
320 184
93 169
271 102
222 347
257 111
333 163
213 220
346 200
234 351
10 87
70 222
172 243
111 279
91 320
263 228
233 182
11 277
302 281
378 124
179 234
186 111
348 350
282 245
150 116
195 111
154 216
285 325
10 347
156 101
218 370
280 50
152 291
326 5
123 255
128 302
40 313
364 387
263 246
231 364
313 377
74 66
144 310
342 154
257 49
254 74
19 133
76 122
375 353
126 98
160 254
351 199
118 314
186 380
111 368
295 23
297 321
40 230
334 193
38 382
398 112
400 83
139 73
9 91
199 58
250 4
8 1
121 274
138 53
336 105
347 311
353 219
350 345
49 283
89 86
217 39
149 216
121 287
241 81
330 39
139 131
394 98
131 66
323 268
118 259
325 17
169 229
235 70
173 235
353 262
273 169
300 21
336 372
260 176
52 141
166 190
223 159
240 354
225 162
173 294
372 97
262 140
326 49
162 98
283 114
311 107
234 210
80 121
133 339
