649 2985
483 164
214 542
529 93
428 14
341 192
309 168
100 528
18 312
234 612
256 510
129 264
201 358
145 156
556 493
569 423
261 642
178 66
534 297
158 313
310 498
95 618
257 194
87 514
506 560
67 352
421 195
615 212
143 110
367 49
194 526
63 45
518 240
110 642
127 268
545 27
356 639
644 203
424 322
307 520
232 373
222 3
567 187
454 300
537 171
349 321
287 411
365 155
241 475
388 607
333 283
633 279
273 218
73 47
539 379
566 122
103 138
364 260
564 169
560 451
579 259
122 217
260 78
611 91
143 349
288 475
223 271
344 495
488 416
132 378
386 288
90 488
16 44
98 579
212 248
621 382
97 333
189 596
410 390
37 143
330 324
208 552
185 552
397 24
558 119
641 294
406 81
372 12
364 61
590 167
308 152
548 405
485 327
351 485
67 628
628 396
542 186
298 78
328 285
341 237
403 332
121 399
3 493
410 366
144 591
532 451
93 21
206 168
347 148
4 414
126 222
160 258
407 49
335 86
333 266
562 327
597 273
76 190
116 77
147 499
18 269
301 350
290 97
518 227
244 521
640 609
93 391
218 90
439 143
415 362
409 327
39 596
600 355
137 306
22 283
156 279
142 47
628 431
143 496
249 627
607 239
586 290
220 154
380 249
537 145
611 296
63 240
242 253
185 618
558 206
491 304
484 633
350 463
5 84
549 253
61 507
83 646
387 302
391 117
142 518
502 103
164 155
582 645
407 118
614 555
323 455
210 398
438 150
451 443
233 350
286 533
447 368
530 185
21 511
541 162
379 633
504 133
138 27
128 544
144 92
450 58
547 250
46 575
639 496
608 223
196 245
106 234
612 226
418 223
327 549
624 296
533 69
428 21
96 147
156 239
478 605
536 375
445 581
541 434
18 499
247 214
334 353
38 297
169 455
519 87
354 85
382 237
153 401
498 248
138 4
78 615
199 204
581 643
136 472
18 153
561 265
606 246
208 643
542 376
39 2
53 633
86 435
460 479
426 308
77 563
551 154
528 100
358 459
333 84
521 351
476 433
615 24
29 173
257 161
139 296
402 192
519 79
217 329
557 233
228 633
146 129
378 264
229 326
74 152
649 594
502 475
617 467
89 645
230 346
396 609
232 149
391 101
467 198
20 374
430 487
597 575
616 565
189 435
241 502
586 240
38 439
306 5
496 394
241 317
330 636
516 561
375 257
12 432
454 272
156 234
109 344
399 315
259 178
340 91
31 277
570 68
306 466
72 392
211 552
299 131
539 165
43 504
12 294
287 465
565 33
289 265
376 278
579 226
456 270
316 486
137 476
144 33
293 455
15 94
358 314
224 247
478 506
341 490
151 218
545 306
251 425
570 217
53 91
442 508
600 348
584 327
415 318
359 58
124 373
391 481
277 614
318 106
471 9
186 212
227 321
517 68
96 29
284 389
359 317
487 549
255 13
226 20
330 175
77 453
138 467
284 415
23 192
111 493
201 536
55 18
447 162
325 543
430 608
522 139
515 359
38 121
371 503
140 292
28 457
95 406
274 619
171 536
161 521
379 601
407 24
209 204
426 533
337 206
83 449
345 597
159 622
308 120
476 448
411 94
255 97
499 119
66 260
6 466
131 624
418 128
239 626
332 255
101 259
460 183
59 395
370 457
608 29
167 434
476 169
118 321
265 617
30 570
227 275
386 598
490 154
76 319
371 647
573 471
257 383
244 315
369 613
362 327
641 528
351 58
47 468
618 311
26 239
471 493
513 208
441 593
601 107
262 562
105 185
383 361
159 626
266 118
181 627
444 172
96 385
230 143
443 438
44 469
27 515
552 540
313 583
483 264
40 336
177 144
111 150
95 269
367 600
626 547
577 11
69 24
395 538
406 189
327 449
248 353
314 390
483 626
323 557
481 602
243 248
337 593
397 431
213 114
622 189
11 549
440 320
163 185
208 568
613 125
608 451
69 512
191 551
80 104
49 560
297 531
158 633
475 145
5 38
259 626
466 509
117 496
179 279
32 627
438 235
342 396
37 410
498 467
552 577
571 600
78 218
482 235
441 307
620 445
584 229
13 640
328 129
487 98
647 109
315 26
343 7
421 379
8 510
437 559
437 598
100 515
166 172
340 197
69 550
232 243
129 244
234 48
612 311
145 610
10 459
635 352
56 647
322 63
507 109
212 534
57 552
639 462
74 570
249 143
470 480
385 190
315 209
237 277
110 621
477 119
21 463
62 76
51 383
379 148
82 181
272 378
83 262
430 397
422 29
130 242
99 514
22 413
314 498
281 14
469 108
133 489
161 194
156 211
167 534
598 488
305 221
456 388
482 476
375 494
95 504
326 193
608 348
197 272
196 477
286 256
584 9
335 96
442 490
546 199
614 495
37 270
66 83
248 138
558 622
631 3
476 307
435 25
245 631
297 32
49 173
287 224
421 621
559 213
53 455
2 17
540 38
526 196
360 124
333 508
336 554
101 162
212 535
427 47
108 314
78 396
486 364
619 497
576 119
300 628
574 301
235 55
578 112
251 288
235 174
386 571
79 486
323 530
611 100
576 309
4 245
56 80
608 265
576 125
384 226
103 548
526 578
602 454
40 443
332 514
208 68
26 526
144 589
406 106
279 572
414 283
167 60
362 366
325 289
490 299
105 184
197 631
112 389
26 151
423 598
15 630
256 281
506 400
220 502
96 498
424 509
131 182
160 493
547 484
132 627
133 476
161 569
48 512
548 314
13 321
262 268
301 108
548 157
98 118
9 193
206 24
53 337
445 212
180 582
286 551
559 9
377 311
168 16
173 66
329 426
387 181
284 38
288 422
435 386
130 34
578 335
297 221
262 92
23 441
264 548
582 174
556 550
75 74
565 487
380 484
503 117
15 137
394 302
149 179
278 518
453 207
204 100
18 465
432 281
497 46
179 20
459 326
160 124
639 75
611 369
149 464
485 163
192 230
56 580
648 333
449 42
130 3
382 388
58 164
19 145
449 197
405 499
522 564
622 512
230 583
231 378
638 307
541 180
127 187
350 125
519 149
407 240
391 139
627 449
542 645
184 341
432 588
190 305
503 163
407 83
336 228
460 324
534 591
94 11
128 35
376 238
183 133
477 574
511 45
613 403
40 147
94 471
326 524
366 179
277 363
501 612
591 551
527 66
84 211
317 451
245 43
39 19
415 106
592 276
150 146
29 189
532 362
251 208
236 207
626 103
570 477
306 102
619 423
167 293
224 483
94 60
116 133
78 121
238 260
636 388
405 255
167 287
617 8
495 443
455 471
546 615
539 442
67 99
215 473
391 438
547 484
497 253
207 574
374 445
184 360
423 179
615 589
466 173
188 311
206 233
372 102
198 501
134 504
190 348
327 171
137 464
6 224
68 212
149 441
247 572
391 20
102 596
200 158
119 627
59 325
210 21
17 407
522 151
501 302
89 178
473 465
233 478
40 300
280 188
331 118
350 72
137 42
259 576
199 377
553 257
292 113
278 549
110 390
290 610
42 618
379 105
434 611
173 473
261 453
251 182
570 600
253 297
233 102
224 22
70 367
279 361
71 147
500 180
536 380
381 168
349 350
273 133
311 445
605 162
488 446
343 648
636 186
296 219
288 110
241 357
476 110
308 137
256 399
557 382
369 288
140 68
637 3
440 538
39 635
50 117
431 632
116 418
408 2
227 286
351 467
233 417
167 541
554 13
530 461
394 249
339 125
557 326
127 347
454 165
573 94
282 354
76 637
362 74
638 589
360 339
646 592
106 164
74 250
416 603
61 161
443 399
285 350
315 2
287 119
407 210
212 279
155 527
266 516
601 494
46 311
183 283
493 528
37 567
129 452
111 429
612 553
419 487
493 84
80 371
443 486
171 245
115 325
123 380
432 314
464 477
215 237
110 58
115 146
215 483
598 326
503 151
469 272
638 553
595 68
274 388
144 35
633 258
360 346
228 142
10 42
618 224
278 319
521 632
464 87
57 412
412 559
154 471
421 142
374 366
449 238
105 592
273 328
440 223
24 258
364 33
539 572
496 167
241 367
389 56
44 445
58 455
594 211
517 365
592 241
82 631
70 426
164 582
104 603
155 367
451 518
639 340
440 76
97 272
442 486
327 486
521 624
531 466
426 398
421 608
230 93
590 539
518 104
471 212
298 625
578 99
84 158
30 523
233 126
145 266
611 62
342 483
277 223
539 53
212 310
11 32
403 191
570 511
295 631
74 183
606 242
521 40
640 550
153 223
27 538
488 637
190 420
61 466
643 190
109 445
500 360
67 493
550 636
354 435
617 427
208 164
260 80
203 250
220 595
63 246
483 551
474 24
321 125
80 554
315 189
589 165
139 6
248 279
232 601
305 439
619 512
602 229
182 395
69 402
341 131
238 414
272 62
437 593
427 517
88 92
296 268
496 25
273 94
303 96
45 198
534 14
301 78
482 472
550 474
403 32
63 168
303 364
195 486
141 302
165 472
188 432
318 212
295 411
106 390
47 303
515 60
603 592
542 27
5 33
91 648
304 153
166 607
108 600
34 488
253 438
311 440
220 628
3 106
630 348
495 27
1 600
86 195
542 218
461 138
491 551
136 145
295 541
342 402
491 376
480 334
404 141
125 624
120 367
320 100
65 405
366 305
356 451
499 488
260 310
625 101
452 351
245 97
482 178
89 564
553 568
248 307
60 612
521 419
329 191
109 393
596 474
289 542
515 138
380 365
39 596
465 490
297 301
177 370
478 265
284 621
423 122
518 73
85 630
82 413
171 430
397 357
254 36
249 360
413 629
315 42
166 371
122 53
22 298
422 90
153 296
301 576
418 169
648 502
389 321
265 560
101 252
507 595
287 347
305 291
566 210
332 82
580 454
134 192
102 147
281 255
442 172
421 210
581 10
62 320
330 567
470 431
169 328
616 47
265 511
337 181
71 19
262 2
472 635
193 165
132 65
10 574
236 430
134 167
30 436
487 600
353 307
621 112
225 587
158 489
448 494
20 518
104 521
110 575
507 303
330 229
367 339
153 602
359 527
360 389
313 197
579 256
94 550
367 559
78 525
398 116
609 9
633 63
120 94
229 626
636 558
206 353
248 598
545 197
475 255
176 378
451 105
224 136
245 591
45 322
57 33
28 256
41 252
559 161
345 138
377 571
286 173
274 124
362 409
321 427
15 496
156 56
192 619
191 436
560 475
349 207
508 376
54 548
627 612
299 562
340 267
74 625
439 587
100 151
347 420
578 361
506 324
7 48
293 438
75 444
263 14
241 121
629 294
260 198
256 149
350 186
415 424
162 205
361 261
595 58
271 523
9 127
437 16
415 81
453 489
524 306
502 115
18 481
649 277
29 495
16 379
32 431
393 193
226 104
44 171
162 314
285 410
31 72
425 445
392 468
524 506
125 376
212 382
448 211
9 67
56 264
36 327
45 428
110 510
123 153
32 524
57 556
284 88
627 300
123 610
118 647
466 482
613 28
214 2
238 462
309 534
317 344
211 361
363 561
222 485
64 493
359 361
399 233
39 616
532 161
576 241
398 633
313 602
11 118
603 489
170 262
373 486
197 174
198 559
85 10
634 389
93 583
100 82
166 138
48 49
298 215
289 287
198 192
239 448
309 432
287 479
45 250
315 481
424 103
630 99
352 614
487 444
138 586
525 303
74 164
351 612
618 230
489 406
422 78
204 321
509 491
150 144
91 56
215 105
398 195
204 101
399 281
135 536
218 251
430 531
414 371
84 622
601 572
378 613
240 172
524 340
13 265
74 344
320 289
39 68
74 482
408 473
114 134
599 331
384 619
452 388
341 127
360 532
49 328
495 529
499 609
219 103
224 292
37 543
171 75
202 245
557 200
308 21
333 257
591 67
227 633
45 158
110 404
40 399
322 125
278 172
84 87
514 308
378 550
441 549
215 642
384 122
193 42
382 116
538 563
183 115
138 467
512 247
462 551
236 134
26 513
545 110
190 409
417 159
549 208
298 115
441 32
476 224
73 449
339 610
362 112
316 499
579 178
337 391
80 572
524 345
27 420
454 456
419 461
614 319
260 262
433 51
293 499
514 605
298 203
157 11
315 472
100 484
240 27
225 559
190 339
255 456
349 299
262 119
351 227
28 610
79 51
251 612
549 115
567 198
557 314
448 222
376 138
56 616
165 520
116 594
210 610
400 558
500 12
267 201
478 294
161 557
344 2
519 244
116 27
441 263
341 479
485 67
616 131
273 371
242 629
315 451
589 65
599 439
77 217
230 145
510 630
52 205
631 161
39 337
428 70
600 359
548 26
16 514
396 289
236 637
508 550
29 447
615 219
477 282
435 297
426 535
278 69
330 259
229 368
187 247
437 137
605 575
402 621
440 148
500 266
376 358
166 644
395 371
213 462
243 238
110 20
364 387
88 44
236 556
3 422
154 30
558 109
605 550
320 635
289 170
251 255
527 7
249 273
378 53
85 211
530 434
230 244
171 557
288 407
55 530
179 448
559 328
147 105
228 467
90 107
636 580
361 105
587 610
617 555
253 292
116 133
77 586
377 247
493 255
244 138
375 423
585 284
341 323
629 159
140 69
266 366
649 626
470 177
177 437
82 20
320 197
153 396
133 120
642 217
614 477
594 339
250 530
213 181
443 192
339 582
501 195
538 91
172 359
267 588
386 348
608 56
135 351
42 268
61 35
75 25
102 19
603 351
139 406
122 581
598 460
513 40
6 402
130 417
351 396
595 327
334 553
623 468
494 15
86 554
289 400
169 390
419 122
331 557
528 452
80 67
263 183
106 508
584 475
515 525
221 460
443 554
604 416
372 448
430 49
353 310
39 521
50 457
234 381
605 352
183 35
418 36
217 114
134 392
588 648
507 159
459 300
303 413
66 265
451 87
553 154
396 592
266 445
639 90
416 594
441 190
219 209
225 436
322 359
418 260
597 275
9 406
575 551
409 231
166 211
557 310
604 543
252 460
579 481
549 345
426 340
534 644
139 350
21 460
59 438
310 246
304 558
3 469
459 2
50 216
452 198
525 407
91 367
217 20
198 117
605 214
47 489
449 186
189 469
236 487
498 546
84 152
454 326
620 264
567 260
479 370
48 594
127 139
551 583
158 99
290 113
553 577
193 352
113 621
411 348
459 259
484 133
1 289
458 211
143 375
62 212
335 109
156 461
247 57
635 645
395 515
348 298
442 131
240 554
103 2
493 152
500 327
284 92
615 332
542 348
297 603
559 632
303 305
34 140
601 259
135 347
125 74
235 566
444 66
62 546
67 554
48 157
231 571
488 437
493 381
135 141
574 285
363 227
589 636
367 541
246 92
238 610
405 63
526 200
128 178
96 434
82 384
182 553
545 20
580 389
640 305
120 156
589 73
382 529
59 339
420 544
22 248
504 426
550 381
625 269
149 312
53 471
286 234
374 421
494 544
160 75
199 519
230 379
182 612
258 241
541 268
135 562
106 639
579 6
610 554
274 109
456 567
579 332
391 543
104 235
28 503
550 227
373 130
605 554
332 453
385 224
311 111
376 416
100 305
12 300
450 286
408 256
443 578
588 184
62 282
10 90
135 559
556 507
39 102
3 611
554 627
425 455
88 151
221 427
47 232
77 496
108 76
342 550
244 520
325 305
152 334
634 287
243 540
384 521
641 626
73 136
604 497
590 282
239 401
60 285
224 136
371 331
451 63
472 45
174 147
590 325
71 574
202 313
465 586
424 47
562 497
423 107
584 603
389 173
595 39
457 169
174 178
90 216
481 152
260 5
298 200
569 368
365 122
271 420
58 286
466 210
373 479
557 307
24 296
480 618
574 527
137 338
296 466
553 127
618 404
371 266
194 290
225 558
411 86
328 59
371 385
269 334
214 416
641 237
302 62
445 226
179 581
563 474
398 467
191 606
221 561
222 414
442 37
563 443
363 241
502 324
216 361
9 430
127 240
257 428
301 53
4 479
224 566
544 212
623 85
168 434
237 630
439 269
257 352
62 619
183 563
294 399
274 302
179 640
541 26
418 432
78 12
261 542
578 155
104 142
480 512
576 67
492 365
575 99
67 636
69 249
550 362
647 414
254 416
645 145
33 413
576 350
425 427
242 593
173 586
85 3
448 251
309 290
615 234
628 32
460 47
521 360
648 109
365 252
116 360
636 148
363 153
497 378
171 90
561 343
26 237
585 473
487 244
353 453
68 331
75 527
378 595
478 616
295 433
459 410
383 445
557 336
189 404
65 359
84 216
52 109
452 227
172 530
470 524
333 128
206 647
245 174
184 73
140 478
96 598
238 478
634 385
165 413
139 469
122 463
35 413
571 78
639 334
607 50
448 530
417 4
527 12
417 301
325 148
129 420
336 606
249 560
341 4
323 71
472 444
533 97
447 45
174 436
378 371
76 177
251 492
420 369
504 428
20 179
575 389
189 501
345 437
412 277
31 85
347 502
529 230
190 566
514 603
353 483
325 19
250 166
511 260
125 605
38 145
374 203
124 562
55 468
590 57
95 620
141 32
64 260
501 253
177 366
206 120
439 121
138 39
287 648
298 411
603 576
146 327
129 269
480 423
328 420
479 422
390 211
45 453
470 545
296 646
501 502
356 290
622 494
328 499
492 217
261 37
143 406
603 511
266 433
525 593
443 594
605 184
155 649
227 625
136 523
212 636
615 568
277 178
3 195
28 494
2 528
121 144
524 315
246 140
98 361
323 541
305 279
315 460
518 541
26 4
5 477
231 619
635 98
388 637
292 415
73 534
293 433
268 407
98 513
547 436
224 460
567 120
89 232
170 198
363 195
201 608
262 22
577 488
119 555
475 2
320 138
535 203
571 153
610 19
17 98
454 480
557 371
190 237
193 359
434 147
553 225
105 406
247 272
244 605
178 309
606 88
447 491
291 608
235 491
626 251
179 22
321 326
632 511
153 416
220 177
562 364
642 257
360 239
528 603
434 296
502 391
384 299
472 265
257 57
346 474
547 115
86 459
31 68
320 184
74 130
360 635
84 592
482 34
421 361
636 206
7 489
596 630
378 9
245 226
66 181
50 612
295 375
421 326
442 331
509 107
52 459
92 375
402 574
409 173
525 635
618 122
65 564
103 443
164 587
19 229
119 308
431 413
33 203
329 65
124 428
171 415
238 503
141 230
18 140
642 133
125 202
254 190
116 596
223 279
534 481
98 243
139 529
246 411
322 575
475 445
353 237
211 181
90 591
1 347
81 643
479 445
195 83
225 550
270 447
420 154
278 108
636 7
636 232
417 308
157 483
344 510
70 554
41 399
86 42
336 406
275 165
201 60
487 426
200 107
223 210
500 92
318 486
98 304
69 106
203 225
588 546
325 248
41 606
237 126
647 572
531 512
327 322
162 164
98 601
271 561
162 121
243 479
607 580
373 26
36 166
490 214
62 166
52 342
122 288
467 359
450 588
461 127
501 622
531 189
573 392
100 325
512 582
394 60
513 358
325 548
523 406
353 176
571 404
517 283
283 575
232 83
513 43
450 364
255 571
553 418
313 243
94 415
416 78
475 279
435 390
417 309
146 120
484 307
115 351
180 397
276 411
70 380
453 519
334 298
31 477
67 343
311 400
109 77
477 174
595 263
154 602
571 540
73 645
197 187
586 377
174 453
378 243
423 182
353 107
479 383
175 136
77 76
535 425
152 363
189 337
625 342
289 137
232 601
372 20
378 308
636 551
111 364
145 533
136 497
231 206
230 405
341 546
480 467
321 222
180 509
149 395
442 437
122 24
389 493
283 357
391 269
259 93
224 403
625 359
490 446
155 310
441 496
447 511
313 118
323 83
218 471
68 10
259 189
273 238
272 556
594 13
415 443
105 638
196 321
588 276
117 93
177 149
179 623
10 82
331 333
164 548
154 471
148 3
10 12
480 521
158 425
125 163
218 469
152 5
140 330
520 497
422 47
645 192
260 5
273 591
577 28
80 82
498 228
84 99
479 155
619 636
579 334
149 387
154 540
631 293
460 93
380 473
379 615
15 639
620 287
580 547
554 10
219 403
477 543
92 306
48 61
532 217
635 32
194 139
162 176
22 622
508 402
445 237
367 50
226 577
576 156
66 481
166 284
234 233
177 565
539 464
625 421
31 610
43 225
339 205
640 361
417 498
353 452
85 70
501 311
238 427
57 303
498 462
177 322
46 594
237 175
408 213
595 30
413 229
254 343
24 244
54 440
332 406
482 416
66 333
317 303
350 614
196 199
17 613
520 62
557 108
236 555
560 422
584 563
1 428
256 24
22 309
54 593
305 535
360 371
458 267
264 158
231 51
596 248
14 467
549 161
165 376
66 315
388 241
228 388
19 484
2 281
383 295
224 279
180 174
240 228
441 503
625 262
144 572
100 157
629 240
557 384
615 623
49 353
454 276
331 472
350 572
103 324
217 567
602 636
91 192
214 122
285 429
384 20
591 74
416 570
313 324
544 518
537 592
461 341
459 142
403 399
304 97
73 520
14 25
97 104
456 550
466 332
330 440
351 271
513 117
432 417
440 326
285 327
509 97
258 318
478 12
67 373
108 380
243 121
644 580
464 451
480 280
373 160
310 74
22 174
190 453
590 221
369 465
138 228
152 396
136 221
407 203
593 105
582 186
465 576
356 279
617 187
150 340
346 459
4 367
223 434
410 403
5 130
219 382
597 610
128 84
181 125
526 124
469 49
550 284
215 256
563 183
442 303
113 379
352 117
336 166
550 97
568 145
466 377
526 413
338 245
496 109
369 372
233 189
420 133
63 635
388 216
408 421
518 111
150 461
467 485
626 367
172 135
102 637
512 628
641 440
463 487
548 422
450 371
201 460
503 264
445 482
479 443
493 348
554 642
399 371
68 375
329 480
509 21
58 611
239 49
641 52
536 540
474 576
501 25
386 595
288 422
427 358
215 510
296 359
93 45
321 160
10 240
230 518
260 288
71 499
336 62
550 462
192 614
628 44
230 365
638 517
137 6
465 591
515 111
541 607
155 212
357 164
451 587
273 301
465 343
150 391
644 291
444 187
255 422
470 484
377 458
592 104
54 407
46 568
109 177
116 503
388 472
258 429
649 530
80 55
463 470
446 48
111 480
474 605
492 294
440 220
102 622
323 155
619 608
313 78
135 428
172 113
491 429
541 81
549 212
136 602
272 172
649 382
2 474
577 84
118 367
303 460
579 217
205 549
175 518
217 550
536 388
13 617
167 145
49 306
596 424
258 218
595 498
599 187
322 526
270 30
484 164
80 4
380 285
143 145
393 360
45 519
338 298
487 96
442 535
401 388
309 250
196 494
98 145
271 10
261 131
279 335
294 359
339 264
234 481
649 626
431 284
495 360
581 332
455 613
457 446
591 356
46 137
200 143
521 470
392 373
601 22
58 485
380 636
340 613
59 339
589 80
622 25
439 145
597 244
108 404
41 290
111 326
426 310
469 298
371 211
21 562
232 318
637 202
305 327
165 603
16 344
33 229
609 63
373 556
306 71
310 586
600 420
263 377
321 322
265 282
123 525
194 595
193 181
147 88
508 552
281 114
246 314
582 205
376 545
111 272
207 12
449 157
22 302
533 582
623 388
214 96
263 647
281 47
179 428
134 277
330 415
630 166
319 563
611 285
458 312
147 255
563 595
412 585
487 295
517 460
274 82
147 536
79 427
582 497
445 307
364 365
312 345
122 221
498 323
96 546
634 242
152 548
428 563
74 265
448 590
316 72
262 53
199 581
70 371
19 515
28 383
470 579
318 591
150 406
264 245
302 489
78 44
627 96
197 51
360 236
231 266
547 84
318 96
255 388
58 273
253 85
246 313
255 154
495 644
559 349
240 452
188 557
495 405
3 43
46 602
278 517
219 415
191 536
511 445
274 568
68 117
243 554
430 88
58 515
83 617
214 562
419 642
469 504
397 471
137 34
423 5
550 232
420 91
119 521
535 632
439 193
100 272
337 120
360 395
225 33
362 438
594 371
430 413
225 418
474 602
451 487
606 351
70 376
32 428
247 157
410 276
589 100
139 277
459 89
22 34
121 623
472 65
344 492
68 159
260 132
351 61
618 308
2 278
274 33
56 521
429 57
387 369
156 116
645 206
204 257
239 564
230 301
219 164
144 526
562 403
8 264
55 626
571 56
254 195
329 550
306 108
606 284
67 112
399 62
557 194
558 147
108 138
38 567
301 421
443 214
415 451
68 469
18 638
115 271
423 34
411 320
382 367
194 448
70 592
101 626
376 9
363 75
147 401
641 38
412 434
491 177
475 558
645 492
137 351
354 151
384 115
470 116
482 254
564 142
436 255
118 163
263 481
237 649
472 468
278 234
492 119
411 318
268 646
400 404
347 104
145 322
219 205
437 291
458 591
432 245
436 140
407 50
211 234
289 33
52 566
507 543
36 508
451 543
504 202
297 442
305 442
354 114
237 141
644 46
323 17
290 109
157 287
398 367
520 38
640 162
603 497
55 229
355 97
122 449
298 10
481 193
42 185
307 278
566 301
323 479
558 203
178 65
489 576
431 599
204 421
111 157
508 406
626 213
502 338
253 150
347 84
342 628
509 239
257 16
131 170
494 39
613 22
103 43
188 124
642 391
136 343
139 643
99 115
447 191
452 50
580 390
373 513
368 472
342 215
487 472
385 571
101 348
593 443
630 131
567 622
113 293
556 251
286 245
605 323
436 407
372 606
387 336
469 106
398 162
320 236
224 295
157 325
233 340
118 214
62 275
426 174
567 332
15 444
577 619
117 603
376 80
559 354
6 619
459 403
131 369
638 594
15 386
269 487
316 627
51 377
492 68
141 410
399 155
444 566
124 151
110 91
230 20
444 235
638 493
229 359
452 457
303 57
193 163
544 100
380 185
67 222
252 208
222 242
602 16
158 317
167 268
647 636
527 441
222 106
524 41
55 326
497 597
383 281
110 517
380 80
52 446
302 304
244 523
545 197
539 293
513 296
151 510
282 268
541 94
373 6
134 427
571 222
615 304
502 315
171 232
395 463
268 47
117 512
569 252
59 49
135 162
584 526
262 217
144 393
550 108
398 35
125 559
256 90
214 348
405 624
579 150
28 437
436 384
299 595
226 597
235 361
349 169
477 610
385 211
593 286
318 581
560 443
491 406
123 295
104 527
509 273
267 537
60 293
271 599
239 497
137 473
448 486
641 515
37 617
76 630
493 394
152 643
427 642
399 549
527 93
18 387
365 524
514 15
168 135
204 646
222 341
469 260
417 51
125 453
18 201
24 101
185 176
94 202
408 83
101 286
175 358
263 539
473 127
145 231
501 348
227 74
279 46
573 46
336 49
499 354
489 113
45 264
528 139
465 287
461 565
163 636
514 425
116 337
142 260
158 642
199 384
306 477
429 230
523 115
518 612
59 357
315 344
620 194
73 435
71 533
590 473
519 45
488 635
621 629
485 129
621 274
512 518
102 531
98 215
237 206
417 535
153 82
229 363
275 301
148 585
185 328
