65 751
6 54
3 44
6 10
41 48
13 3
25 26
3 50
63 16
5 65
38 46
10 3
43 4
41 65
63 55
61 33
62 50
38 40
55 49
18 38
63 32
42 24
58 45
9 57
62 15
58 35
60 4
37 39
7 14
39 4
4 34
39 2
20 13
44 12
61 51
60 27
27 19
21 8
27 12
5 43
4 41
38 8
14 13
16 28
51 20
33 22
60 34
43 9
12 54
4 7
39 65
36 1
18 56
10 46
5 14
24 10
54 63
17 3
10 35
32 63
56 64
19 50
32 61
58 44
52 63
52 25
62 22
27 17
15 37
62 21
50 20
30 41
19 49
45 29
18 11
26 8
9 46
59 42
43 53
20 29
50 7
54 48
30 17
64 46
53 61
1 40
17 33
17 36
16 61
1 35
8 26
44 16
8 37
57 50
24 14
16 10
22 6
59 53
22 58
36 10
55 38
49 6
5 65
43 22
62 43
56 4
5 36
21 12
7 14
64 32
27 14
43 50
21 37
38 42
31 8
51 20
45 36
27 52
37 5
8 35
49 1
38 54
36 60
2 45
9 2
13 37
17 58
22 37
29 61
14 59
3 1
15 49
39 41
35 12
47 45
47 33
47 21
21 17
16 24
63 24
28 13
62 46
5 18
18 35
13 33
30 17
33 44
3 8
21 37
20 5
18 1
37 64
21 59
18 38
19 17
63 46
29 60
27 33
12 46
2 27
13 31
45 47
11 47
55 34
21 11
38 13
11 37
35 4
56 8
22 7
5 36
64 33
5 13
13 9
41 27
41 20
8 52
2 64
22 11
59 23
6 32
58 9
22 65
32 31
6 38
1 7
5 7
19 17
15 59
43 56
15 53
44 16
53 65
37 64
60 33
21 65
1 13
10 25
14 41
55 20
16 57
28 20
63 46
39 13
41 16
5 55
5 48
8 58
49 44
56 43
13 44
16 28
53 40
41 30
29 62
45 22
24 65
19 6
38 33
48 55
37 38
62 19
45 54
2 25
46 40
60 24
55 22
11 29
65 43
59 61
24 15
22 23
33 27
62 1
10 54
39 49
52 58
30 40
61 54
22 42
30 16
2 19
40 15
49 39
57 42
34 15
58 57
40 28
21 38
28 32
28 3
15 14
60 44
55 58
34 11
36 1
29 37
19 3
51 3
43 44
46 13
59 39
5 35
1 25
9 30
56 37
32 7
52 29
52 42
21 22
54 58
22 19
29 41
21 17
45 63
60 25
11 55
65 17
26 65
41 35
31 33
6 63
39 59
28 25
35 50
46 24
42 5
42 5
45 65
21 26
64 18
52 11
7 52
29 33
53 6
4 19
38 11
18 13
4 45
39 29
22 64
7 26
42 11
7 43
34 32
44 53
20 54
59 8
20 28
61 25
31 16
63 43
35 12
47 16
51 20
44 9
20 50
34 63
62 40
41 32
8 19
19 27
9 15
35 28
44 32
55 12
49 54
54 18
65 35
33 52
56 13
60 12
64 30
10 62
6 50
31 13
5 49
42 15
65 13
45 44
46 34
57 29
22 45
48 23
17 10
7 31
6 21
31 36
30 29
41 16
59 56
20 45
34 36
44 46
15 24
28 50
15 58
8 62
40 31
13 58
42 21
25 49
41 55
19 7
18 62
22 12
54 41
58 22
14 36
4 28
62 33
15 11
25 22
9 1
54 23
58 30
44 17
14 21
8 34
28 27
32 49
40 22
27 32
45 40
3 50
4 64
17 20
11 41
42 20
43 32
42 37
62 22
55 12
45 62
47 9
24 16
59 63
37 20
30 17
61 34
3 2
34 20
21 44
62 64
65 40
31 44
11 29
2 1
42 46
64 23
54 24
38 50
22 12
4 53
30 2
23 32
5 56
53 25
36 50
26 38
24 58
16 36
21 17
38 62
65 37
21 55
60 61
39 18
9 45
7 38
48 29
6 52
21 59
13 59
43 38
31 3
32 46
38 52
64 13
50 65
49 8
55 43
5 30
63 13
9 4
50 58
35 57
44 55
50 57
48 29
31 13
31 63
60 6
51 59
18 38
60 3
45 49
47 49
16 44
63 26
48 49
19 17
40 62
8 25
53 56
53 21
5 21
18 65
26 3
60 45
40 54
47 21
40 28
4 57
9 1
17 58
49 37
11 26
34 18
50 23
10 39
43 15
59 62
16 21
65 12
2 41
2 48
62 43
13 2
34 21
3 53
13 53
24 25
13 59
42 64
19 52
40 61
3 33
60 20
56 59
33 57
36 34
42 32
14 56
34 49
11 38
36 25
27 62
49 42
55 27
40 8
15 14
6 19
49 65
38 41
60 5
34 30
41 10
64 56
65 32
39 12
6 12
38 32
8 23
8 64
50 9
64 65
14 18
50 15
57 25
11 64
59 42
39 5
40 31
7 8
4 18
13 15
56 47
24 13
54 23
64 38
31 63
38 46
17 24
62 8
49 9
6 44
50 46
50 27
11 56
36 15
11 51
31 3
32 55
17 20
12 16
60 44
15 34
24 31
57 22
38 42
30 46
20 16
26 7
44 39
62 15
53 7
2 20
9 33
9 26
54 22
41 50
65 55
20 25
22 12
46 59
55 12
41 12
28 2
18 8
42 14
24 29
23 25
50 31
59 58
50 17
35 34
17 26
54 43
47 2
24 43
56 37
18 2
64 21
21 7
62 37
30 27
59 57
12 26
50 7
19 34
23 53
5 41
16 58
19 62
61 44
39 53
15 59
55 16
16 12
24 13
48 55
41 46
54 2
33 60
22 3
20 11
7 60
26 1
15 23
61 60
63 49
10 58
40 27
9 51
52 23
36 41
63 11
24 54
14 58
48 37
60 4
48 4
1 10
4 15
32 2
10 32
50 21
26 49
34 13
35 58
48 12
58 61
35 46
11 29
30 48
26 34
30 29
34 39
32 50
8 33
61 41
19 16
1 46
1 37
59 35
31 43
49 23
38 20
5 49
49 35
33 9
5 64
37 40
37 5
24 46
40 20
23 60
37 26
41 40
62 36
9 27
15 59
52 53
14 56
38 62
25 7
7 29
5 43
3 43
49 29
24 23
50 48
20 21
8 62
60 4
34 6
33 48
64 19
37 12
11 10
36 17
16 1
21 60
6 64
44 36
24 3
20 6
24 42
14 20
39 19
53 46
53 36
44 8
9 58
19 20
4 56
36 22
56 57
16 63
57 61
33 15
1 54
22 26
31 37
46 4
58 35
49 45
7 29
55 16
23 8
35 29
63 5
50 55
63 2
55 54
63 24
5 65
13 29
25 45
65 7
50 59
42 35
39 48
65 30
65 23
37 34
53 36
41 37
25 38
38 14
29 37
40 35
36 52
63 33
65 4
17 60
45 51
35 30
50 64
29 9
35 65
