856 4045
691 239
649 609
842 578
582 466
602 428
168 498
660 396
296 502
307 455
684 240
777 230
485 343
147 536
220 762
116 764
87 310
146 735
423 491
456 148
101 562
79 628
203 243
167 499
744 833
457 75
216 738
665 204
224 811
740 803
220 359
214 306
173 360
544 595
354 504
246 814
209 325
585 411
567 255
413 814
592 14
393 311
751 561
515 118
515 758
424 238
260 638
48 432
501 591
530 358
238 776
316 446
244 404
361 314
163 773
631 754
786 527
208 184
231 226
301 249
127 229
487 387
370 534
322 14
628 852
371 10
275 686
815 518
594 679
335 756
596 469
653 29
140 364
213 370
590 17
619 716
605 249
606 118
286 432
131 57
787 6
426 205
195 745
226 788
567 560
687 666
172 843
199 311
351 771
185 84
291 803
303 40
555 413
157 344
348 648
760 278
157 330
482 711
578 211
643 288
274 833
458 445
820 160
260 314
74 804
757 364
750 563
763 808
479 424
295 826
575 198
607 731
31 592
585 608
802 731
400 219
708 361
168 671
520 787
488 593
734 748
460 131
814 367
82 437
790 736
766 508
77 517
382 468
252 470
219 198
345 122
776 556
482 87
370 145
17 361
737 254
612 341
384 569
707 465
509 144
344 419
651 781
79 536
392 690
509 114
31 853
236 311
552 221
397 425
366 774
289 606
171 44
90 59
117 300
27 129
803 371
547 101
655 129
636 550
819 289
663 353
645 402
663 701
127 564
269 492
841 62
241 155
465 691
573 581
494 600
214 801
474 264
45 272
393 681
325 715
473 491
571 621
397 738
465 523
805 238
158 789
299 758
447 763
96 164
848 94
763 565
38 740
828 82
515 724
266 839
582 738
833 657
503 373
42 471
39 846
708 556
778 510
818 368
777 57
35 768
510 301
476 547
184 807
629 698
675 38
184 760
280 161
560 286
533 105
756 76
94 112
631 375
621 96
743 541
513 281
812 166
582 791
713 765
246 845
111 64
386 294
823 665
454 31
454 491
135 714
566 589
825 700
107 93
796 353
138 452
634 453
617 359
748 473
627 137
821 737
200 351
175 526
159 132
556 613
622 691
830 331
423 798
175 33
394 474
386 531
69 163
488 685
25 379
662 651
515 626
532 218
120 210
743 639
341 803
755 467
141 728
301 67
173 835
99 566
452 484
241 520
150 728
349 174
610 514
825 628
283 4
845 763
213 235
545 553
181 443
523 321
674 824
747 846
802 846
555 398
473 299
61 623
530 769
300 283
426 268
54 213
271 402
119 483
637 167
540 321
113 566
146 786
533 36
279 479
25 833
380 2
636 440
128 309
713 427
96 642
199 149
358 469
551 836
456 691
146 499
155 618
208 300
51 245
336 329
723 720
666 606
721 805
189 352
257 405
779 352
551 121
5 52
93 59
32 52
749 537
550 407
299 262
707 349
506 546
182 732
769 351
481 138
299 173
489 59
82 411
411 632
35 775
683 128
833 218
179 725
755 233
275 557
494 485
49 503
534 590
738 447
84 722
584 742
38 216
801 479
131 355
254 165
633 441
652 609
658 831
477 556
567 255
256 204
740 665
210 777
758 91
367 346
812 454
231 353
174 175
832 304
33 589
828 665
173 624
417 335
102 397
34 668
652 650
375 39
818 584
319 719
178 686
568 493
643 799
845 816
477 324
623 510
417 595
678 589
362 239
67 823
139 461
634 294
614 152
332 575
239 651
797 776
840 509
412 130
811 760
90 431
588 712
444 148
810 266
240 675
504 667
641 146
631 778
440 388
433 275
466 671
429 766
94 772
778 9
46 732
273 135
667 4
350 254
511 664
519 750
482 526
64 627
672 694
548 255
225 125
33 194
299 462
104 393
377 385
401 782
261 673
420 71
180 770
684 690
81 347
88 562
16 511
332 191
349 384
805 77
508 838
271 806
803 734
702 683
262 247
609 26
423 172
456 107
445 284
796 525
630 387
591 149
42 426
700 750
809 648
826 460
133 600
770 79
477 615
762 243
365 514
268 788
189 724
38 634
511 337
302 644
228 396
296 269
822 139
522 774
291 491
378 423
235 651
6 215
409 767
817 774
784 229
705 116
456 246
749 470
86 555
257 313
94 552
85 59
195 606
833 485
601 714
411 339
508 416
553 420
326 18
337 613
606 545
729 565
294 125
178 380
679 794
692 773
849 281
335 187
30 671
175 630
32 586
472 43
505 529
463 831
546 799
91 295
848 819
3 285
88 180
664 270
117 4
546 109
284 25
656 673
695 334
447 231
63 62
273 568
94 735
46 639
182 136
77 533
459 79
817 50
618 129
319 238
132 9
707 415
393 10
231 591
343 181
821 406
603 598
477 696
836 26
839 521
521 59
197 123
498 518
532 259
646 851
1 777
363 707
695 259
716 429
353 202
114 318
111 220
419 91
419 398
116 401
63 141
460 619
263 461
280 299
719 69
653 223
349 159
73 547
777 292
480 273
494 97
94 108
316 512
199 238
414 674
639 836
318 602
598 581
206 22
383 428
450 179
651 303
697 227
353 617
519 832
393 516
432 487
623 747
502 325
129 419
503 271
398 820
16 500
48 221
25 430
648 474
608 802
280 808
173 633
568 691
112 105
350 544
95 476
794 100
305 426
519 807
696 420
274 215
63 682
435 87
255 587
65 367
36 704
318 208
840 390
42 456
854 751
503 452
371 800
551 179
370 573
489 569
497 762
784 559
587 722
150 346
812 574
712 848
781 533
199 269
66 601
724 63
495 370
514 369
313 569
51 186
645 539
259 285
445 186
348 535
411 1
24 367
78 239
718 2
772 420
270 341
164 137
404 163
10 421
35 683
493 86
372 282
624 630
566 572
319 57
251 730
57 274
600 134
513 821
496 788
384 269
272 548
766 179
214 775
600 248
105 236
693 477
21 461
250 587
536 73
147 786
306 564
564 49
201 580
13 696
511 756
109 782
447 18
105 660
296 208
412 401
803 248
381 824
212 134
554 748
206 700
181 511
767 744
63 112
467 435
807 481
335 419
407 285
436 15
449 236
222 4
140 168
611 520
135 823
157 192
218 363
396 758
377 306
646 800
417 616
378 368
601 712
290 151
141 726
525 93
465 746
96 604
57 706
627 552
176 783
743 753
649 282
655 530
92 804
473 508
67 850
379 667
210 669
321 710
42 845
802 506
238 401
613 295
610 383
350 290
669 236
186 822
22 344
495 113
651 111
124 718
464 503
32 177
675 713
30 716
701 335
725 83
735 841
737 489
727 590
282 539
329 467
504 350
315 502
822 109
612 450
330 580
96 362
756 274
218 786
493 422
264 361
8 503
705 248
495 575
837 776
617 310
746 265
163 204
270 489
673 26
82 146
605 537
507 504
810 228
793 446
650 561
310 161
567 158
409 205
236 749
484 852
562 373
620 725
577 34
357 393
59 798
42 167
478 549
174 791
280 471
380 433
175 193
594 741
710 506
449 89
398 76
84 104
448 704
332 528
737 192
424 299
133 466
825 114
518 142
48 797
612 787
374 290
123 471
534 832
480 126
64 381
201 507
844 153
354 319
680 594
14 608
36 146
217 4
619 238
506 666
178 261
100 55
55 582
29 588
61 508
714 484
33 418
135 20
570 488
699 754
226 712
505 621
362 721
625 124
102 634
294 639
38 753
198 92
479 226
184 539
238 41
167 270
458 301
649 172
292 851
69 21
707 77
146 572
301 274
199 402
51 492
544 448
749 741
540 371
471 227
53 708
267 579
481 228
383 633
399 179
628 827
559 838
47 704
553 347
121 751
252 171
747 300
619 639
544 662
153 158
32 565
369 658
648 849
29 534
626 788
712 397
262 415
378 669
622 434
519 743
328 771
417 218
574 539
360 261
704 16
779 735
85 291
40 732
284 69
409 413
360 625
313 621
183 690
433 308
267 96
194 98
370 115
676 447
653 179
707 501
555 629
739 639
64 779
18 707
351 426
263 710
554 575
834 240
768 771
548 538
370 741
635 243
359 814
689 156
497 539
656 195
672 42
833 239
820 354
89 674
283 711
31 837
429 369
220 700
283 767
381 156
156 519
398 514
477 590
669 477
272 828
671 447
14 151
685 337
504 773
515 786
627 545
766 559
417 490
402 203
400 286
358 555
805 259
213 785
848 385
405 624
717 579
214 730
729 43
570 736
319 588
665 450
637 79
512 197
568 58
400 111
703 757
170 155
520 742
83 511
270 847
638 130
569 852
363 801
398 437
680 220
168 489
669 804
71 325
505 638
742 48
252 588
308 421
247 827
666 329
842 80
680 623
569 392
122 76
337 23
512 160
243 183
152 415
491 222
243 139
363 488
546 615
580 357
539 826
688 349
658 673
788 481
799 500
17 425
79 713
447 94
376 193
277 32
608 271
613 354
409 120
842 458
238 565
814 280
534 645
132 335
821 423
816 268
67 336
692 145
552 642
239 431
835 19
462 90
289 579
443 201
698 428
658 439
136 119
222 173
268 714
508 592
280 827
3 346
666 198
851 721
840 593
295 322
611 261
411 43
839 853
603 184
425 404
126 64
26 347
237 293
204 248
29 484
218 391
333 387
589 327
251 76
63 545
397 177
805 807
579 291
307 325
474 731
232 599
795 258
90 535
550 653
782 82
640 503
473 117
33 565
803 643
144 10
691 540
546 640
850 269
434 300
593 52
535 825
650 833
226 243
511 279
400 436
361 183
442 337
299 834
405 246
620 548
615 454
591 304
597 584
572 175
387 669
226 425
637 379
401 366
126 415
644 525
354 508
707 795
348 510
772 752
259 535
803 17
493 537
680 233
624 756
407 155
568 136
83 708
19 844
217 144
402 364
172 756
376 382
198 227
35 114
123 293
152 429
669 148
110 493
381 733
752 291
391 463
787 474
314 805
461 34
452 366
757 127
625 276
508 823
7 543
440 489
339 591
61 152
243 170
148 623
47 43
417 437
9 347
414 322
655 378
715 610
744 615
736 512
395 388
478 401
434 421
33 772
156 93
427 758
623 574
524 669
120 444
609 128
791 527
809 93
48 667
703 295
786 582
311 324
473 292
228 50
713 620
822 372
216 752
273 838
830 300
154 93
743 267
221 181
297 533
274 704
344 480
143 633
565 813
460 182
248 191
231 104
810 556
835 169
452 251
511 425
54 168
21 797
434 601
481 730
278 258
578 125
737 224
757 446
180 360
131 787
550 361
395 7
61 373
535 16
128 189
800 181
357 820
481 294
565 106
528 842
363 609
110 604
832 370
553 515
233 683
805 286
187 343
292 607
716 330
622 347
519 565
31 379
33 512
176 597
121 703
86 483
455 555
590 790
68 286
808 660
112 757
89 659
243 740
769 462
213 39
312 235
603 343
613 139
854 789
735 118
139 820
104 98
22 694
31 89
483 343
252 99
243 340
757 845
583 173
451 796
211 266
534 318
608 651
456 109
87 335
586 225
658 690
322 184
31 713
632 17
199 28
115 441
367 375
429 454
548 383
753 758
153 430
219 760
224 675
13 310
513 102
39 674
295 360
1 325
576 633
702 774
164 816
718 34
695 651
487 386
537 383
647 689
317 10
593 540
188 109
354 204
210 752
381 505
615 742
333 335
22 538
612 185
498 474
218 336
268 705
225 804
591 15
637 51
24 733
95 571
841 808
774 554
703 299
562 461
544 399
299 565
80 55
749 81
528 110
776 795
814 144
246 549
519 26
103 46
262 197
617 606
148 38
304 850
696 369
815 383
271 257
91 351
311 839
791 342
93 711
280 410
358 30
102 20
415 205
66 677
761 682
426 53
223 233
406 63
602 724
445 16
125 40
726 795
22 165
281 114
19 64
28 736
93 489
756 508
197 821
688 102
150 257
514 732
490 423
794 595
291 743
114 775
782 344
217 307
508 497
421 526
65 808
765 517
440 664
528 637
132 359
738 641
120 395
517 609
817 814
707 611
204 820
529 129
667 746
436 318
746 360
347 810
311 256
831 750
63 502
530 555
365 771
339 484
669 359
596 630
317 446
744 520
769 417
153 580
666 92
41 555
451 388
13 265
147 843
518 209
848 552
763 356
466 606
839 279
108 578
412 784
527 299
808 800
219 104
523 28
555 67
87 509
814 99
773 104
445 794
673 436
489 579
792 459
688 278
241 300
360 652
227 390
454 538
333 177
145 855
564 699
426 650
351 383
252 627
487 696
565 303
636 557
385 75
159 577
712 399
20 215
554 606
605 512
288 441
688 432
800 755
275 369
549 129
255 304
260 741
504 824
547 283
28 436
357 187
156 572
89 535
787 147
284 39
658 571
479 849
147 782
251 781
294 799
413 549
607 672
793 254
143 844
536 171
423 396
717 82
111 309
616 401
455 43
799 616
614 422
112 264
707 363
548 145
665 464
197 415
280 133
668 782
480 707
96 46
246 316
127 717
625 742
261 583
289 564
343 406
489 454
669 339
320 720
483 129
327 183
543 110
676 715
36 299
565 491
345 315
807 831
175 575
221 795
661 509
502 147
418 134
105 230
833 424
453 819
56 283
146 599
393 821
457 428
623 525
62 471
839 372
446 517
450 170
816 255
182 821
761 599
459 9
332 435
793 784
397 848
570 542
94 106
10 550
37 633
219 459
607 561
830 196
222 784
725 181
182 50
145 446
152 603
455 483
181 751
770 578
246 484
623 340
93 137
393 130
273 115
92 23
676 65
579 41
352 447
581 533
1 725
123 152
832 81
635 516
335 548
597 580
535 364
423 628
4 816
757 276
434 848
658 253
416 380
653 768
331 737
804 331
110 430
482 85
14 260
600 708
312 341
432 846
208 358
121 571
677 381
350 255
372 151
11 292
35 168
563 365
48 14
695 157
444 680
601 817
84 345
669 755
189 604
248 756
105 369
830 286
749 323
540 625
833 550
420 11
221 126
375 269
139 573
425 86
397 170
47 840
18 219
242 566
822 489
825 430
361 798
715 254
264 398
382 240
452 801
611 672
70 489
444 568
566 373
654 106
46 204
449 63
422 690
132 387
682 100
816 187
401 179
800 664
80 325
407 531
269 521
707 698
154 294
409 223
170 566
328 215
769 280
637 334
473 768
224 298
371 544
484 771
722 427
82 801
751 849
836 523
513 190
364 170
843 277
392 157
842 223
371 259
502 152
96 118
423 320
776 794
367 403
708 232
334 294
536 588
286 515
255 302
704 122
832 195
758 367
351 248
94 721
506 99
376 601
577 799
424 496
240 790
402 451
165 735
744 205
467 533
719 225
835 71
706 810
265 608
680 119
359 277
839 8
376 719
112 96
165 536
95 404
469 496
854 138
375 742
342 345
418 564
73 756
138 778
213 762
33 397
24 751
673 367
758 192
229 14
647 393
53 741
300 25
741 297
162 619
542 7
107 464
571 539
363 212
820 576
118 357
116 141
251 292
11 513
484 239
30 634
135 82
23 434
106 763
235 628
525 776
634 135
383 708
673 746
424 140
825 541
496 444
185 747
735 196
403 722
794 432
4 73
17 26
10 482
788 244
253 456
164 391
94 546
242 766
795 169
49 267
709 49
214 38
795 453
593 701
678 530
636 681
602 156
706 116
637 359
34 596
26 784
689 76
529 102
14 698
511 641
550 559
854 91
1 810
683 205
632 717
344 456
822 499
306 81
279 446
440 672
186 825
599 378
44 632
840 418
473 854
562 166
556 559
617 60
17 803
624 648
663 111
247 133
609 56
213 391
502 156
567 191
125 669
72 528
444 55
89 60
412 650
586 111
713 706
530 729
652 297
520 819
767 270
95 23
326 667
774 331
823 484
25 451
656 96
122 244
511 211
663 66
364 752
537 220
601 570
452 757
371 115
223 281
745 677
304 574
487 221
48 453
208 72
47 7
527 529
610 181
243 417
607 606
312 647
330 417
360 781
317 730
400 539
155 288
359 818
5 349
542 412
802 749
483 352
259 153
384 13
694 626
789 804
376 604
594 705
164 97
133 840
827 532
26 485
323 744
806 327
237 491
738 542
743 724
397 145
381 781
517 578
550 809
525 429
61 262
637 584
718 770
72 192
445 97
676 768
841 129
598 581
619 840
266 9
707 166
514 591
90 534
312 144
487 836
76 51
601 713
634 463
626 705
654 214
306 834
485 650
106 227
374 229
570 143
237 420
308 750
515 758
428 826
405 418
310 480
468 414
336 605
380 105
814 178
679 263
515 307
56 124
37 429
352 606
75 93
530 382
346 188
643 277
517 191
694 330
671 665
248 510
774 627
615 731
308 437
137 822
247 552
90 644
124 801
393 558
37 426
443 383
117 230
659 138
780 1
827 98
665 218
608 582
349 366
816 656
306 96
126 56
647 215
699 274
519 596
831 556
525 778
442 642
511 244
779 434
604 253
532 413
471 283
498 323
152 458
122 817
57 247
376 208
821 219
481 484
318 816
543 842
241 128
131 751
731 413
328 479
666 363
395 640
149 36
106 300
853 587
620 414
834 140
621 302
718 605
785 179
68 831
524 308
102 655
202 833
211 34
455 20
396 849
659 545
388 268
348 745
855 112
302 336
611 426
637 472
174 70
154 602
44 677
53 506
835 255
482 190
288 440
569 187
792 732
731 323
143 223
571 501
694 376
836 808
801 121
423 479
190 80
224 593
260 636
242 239
394 227
788 681
666 500
12 601
375 246
428 22
828 142
522 169
22 502
120 822
622 46
804 315
125 531
51 745
311 653
127 704
23 58
33 193
61 404
793 436
153 724
457 125
10 482
293 31
127 413
356 252
458 664
566 87
698 121
831 152
277 461
360 659
518 752
851 82
659 788
517 811
655 477
79 168
103 732
558 589
648 418
841 249
225 54
695 66
534 669
578 314
633 441
117 294
696 111
376 498
402 396
452 561
377 35
728 479
766 790
571 61
351 59
669 79
473 508
144 150
680 225
464 457
169 84
254 8
194 133
505 596
529 461
300 409
855 531
31 268
464 105
328 318
164 140
396 636
647 44
289 831
268 256
431 797
339 188
804 37
321 813
632 353
777 435
761 775
469 295
546 77
399 17
394 562
156 294
701 307
337 134
641 108
389 215
48 232
402 356
268 226
312 43
578 592
837 482
14 449
776 559
29 679
575 783
744 234
220 589
44 556
722 684
167 614
42 215
845 804
570 256
173 385
658 255
480 638
736 493
591 160
195 123
342 769
49 229
506 628
321 550
687 546
377 854
304 779
572 652
726 285
412 402
173 213
656 652
355 40
648 449
559 842
571 404
258 124
136 763
751 457
456 582
146 337
83 809
259 654
605 488
442 520
393 614
732 553
769 590
592 560
182 654
49 753
561 306
380 696
572 274
296 532
359 802
12 441
754 630
238 6
261 679
525 653
796 761
349 212
494 444
275 676
601 323
76 305
132 455
505 208
232 800
739 591
745 254
535 147
387 773
512 647
99 181
803 399
85 656
610 82
603 389
261 348
711 336
156 347
294 660
554 526
108 796
620 356
553 298
502 83
574 158
233 177
698 179
575 286
338 688
367 85
220 628
432 435
107 91
285 761
255 342
430 362
281 553
717 337
850 723
419 568
24 651
248 721
333 326
510 671
157 20
259 737
647 194
675 258
284 103
162 538
804 95
403 228
647 264
564 144
130 486
215 513
640 462
737 476
787 390
650 448
409 52
328 560
245 506
321 529
112 842
570 59
80 117
646 230
740 713
733 13
342 92
29 485
57 765
104 844
658 258
435 570
309 266
273 58
275 593
90 386
82 659
804 161
279 593
750 162
449 627
534 294
222 562
778 278
830 385
265 135
642 203
705 455
828 481
512 606
578 601
495 659
763 442
820 186
178 217
347 626
347 385
423 568
90 344
350 424
729 118
558 18
681 406
472 652
391 127
762 112
231 400
770 138
842 237
323 523
454 173
653 800
557 219
16 151
563 365
78 795
482 139
316 306
49 788
462 439
418 727
550 649
270 463
786 615
700 612
282 657
784 438
104 845
656 119
499 722
843 576
164 829
714 480
278 266
411 243
704 828
113 397
620 743
4 549
501 207
664 286
7 592
723 110
84 523
589 582
748 575
661 56
547 22
535 329
288 89
75 495
420 188
36 544
434 399
596 78
109 404
724 115
139 590
224 582
616 812
667 12
35 471
67 85
852 105
413 643
193 848
282 116
539 317
659 116
219 399
553 327
802 420
441 444
514 168
169 633
484 835
644 22
809 214
106 308
318 23
95 14
14 376
130 552
196 292
667 414
690 363
740 139
287 684
582 800
355 254
576 838
592 724
363 544
81 469
852 759
491 450
772 504
825 45
559 164
337 369
577 530
235 820
669 521
151 754
824 505
152 544
847 743
771 353
791 355
325 290
257 319
739 173
326 707
577 28
374 417
396 454
91 631
777 263
655 71
160 623
79 311
670 69
558 584
782 852
442 610
285 699
73 527
375 398
377 95
426 254
16 325
707 466
459 627
728 258
201 391
24 279
206 197
708 763
780 137
758 725
746 546
567 818
216 85
720 96
540 649
349 555
117 559
164 576
329 35
337 529
785 360
311 134
556 162
40 839
298 301
211 548
846 778
13 205
366 732
300 49
524 152
603 145
710 270
720 182
664 200
214 593
63 525
726 122
190 270
464 848
570 674
539 64
99 551
268 465
787 72
513 814
223 620
102 77
393 821
618 201
524 336
297 90
364 166
211 553
795 674
544 509
852 586
572 94
641 343
558 571
774 575
528 141
698 630
577 234
98 338
794 126
673 234
215 540
760 426
237 698
603 284
710 102
374 785
196 158
272 257
728 189
831 759
689 176
36 409
410 494
251 707
619 427
85 833
111 844
762 707
189 13
134 43
114 507
827 669
168 242
70 39
791 404
302 623
580 337
536 493
334 786
343 96
356 787
433 466
278 338
316 467
710 810
509 824
820 479
140 132
225 209
530 519
613 335
645 696
176 324
332 509
253 178
605 113
109 541
82 746
382 758
356 236
215 368
563 178
351 702
669 575
55 703
237 171
181 25
10 356
709 701
9 105
22 117
577 490
657 659
380 182
560 239
777 774
607 483
455 101
329 628
675 743
474 415
417 654
799 426
514 651
270 26
260 291
142 836
285 302
142 664
843 701
46 764
122 652
750 81
256 222
708 434
468 325
848 28
482 295
813 139
89 226
164 708
21 665
192 305
470 333
472 457
538 21
724 163
673 617
243 432
343 94
10 810
778 1
838 404
655 794
542 744
524 210
99 48
378 290
352 848
623 327
808 304
347 675
466 523
435 213
99 777
306 108
731 588
468 216
135 267
513 180
514 540
749 612
587 271
46 442
262 172
768 213
835 259
31 804
285 825
160 383
746 826
490 124
557 102
699 691
728 355
374 385
39 267
140 129
537 545
571 302
716 482
18 694
244 408
146 529
376 305
55 625
634 49
748 334
510 590
528 381
449 46
765 847
312 408
119 352
97 689
653 812
675 174
154 422
581 659
94 100
107 509
725 741
61 120
578 570
710 250
454 662
655 362
652 110
769 274
821 9
107 121
325 285
294 838
706 378
144 304
477 250
316 705
494 376
825 576
449 182
825 46
843 623
407 142
236 679
415 560
192 25
680 20
309 477
361 519
854 504
822 834
257 641
683 751
160 155
470 608
696 798
653 186
68 563
327 303
745 245
6 80
270 189
99 82
665 459
600 662
106 69
143 723
709 825
617 372
483 590
483 322
35 639
507 102
345 833
404 234
222 769
673 851
101 772
76 269
734 180
434 344
248 576
210 461
49 330
336 531
63 819
853 457
601 503
558 450
840 105
683 565
377 3
559 837
774 138
609 156
317 186
499 69
265 212
529 313
541 8
844 107
330 344
563 75
350 264
524 333
728 710
401 608
712 103
588 134
241 340
289 61
29 291
129 293
502 657
606 186
169 97
652 498
440 358
76 789
125 599
626 356
812 170
107 172
633 694
305 377
537 593
437 565
387 566
1 32
726 110
577 38
206 372
40 645
233 115
578 357
218 707
712 533
20 818
704 652
159 152
172 199
248 609
763 138
678 267
169 547
377 745
89 86
620 488
731 852
106 812
712 323
662 71
360 185
392 207
837 54
719 512
252 470
624 518
608 445
785 280
496 665
529 584
750 292
215 128
648 320
83 7
147 248
78 506
433 829
216 773
27 438
428 638
52 196
300 163
640 228
442 279
396 114
366 289
406 84
417 557
404 3
563 54
611 144
63 187
477 278
103 503
220 530
284 271
229 87
433 373
314 378
155 213
492 521
6 401
604 422
101 511
784 167
68 538
671 130
228 291
768 690
297 131
724 84
761 96
171 697
468 844
218 623
201 213
647 206
613 754
131 217
769 418
384 836
460 198
470 687
848 741
521 288
375 748
371 639
843 541
479 815
529 200
581 233
413 731
438 529
628 72
746 44
489 273
24 92
830 853
283 821
737 803
612 255
198 126
37 184
171 19
142 203
578 226
435 494
100 16
167 232
87 56
275 79
688 658
171 165
654 453
489 38
759 244
292 100
729 688
643 403
210 785
605 788
514 183
425 118
558 95
349 148
510 127
227 341
785 757
9 86
353 1
124 615
604 775
218 477
607 4
383 816
292 132
747 806
314 676
427 16
770 279
523 424
405 749
268 693
649 637
283 505
637 406
263 385
324 480
365 434
844 747
754 279
22 148
588 696
823 518
215 737
796 737
664 705
134 75
45 782
215 327
791 852
236 197
740 560
181 248
497 528
498 394
806 24
542 42
719 508
559 437
748 3
317 59
707 450
494 751
736 708
222 670
703 457
370 586
520 550
337 521
221 339
58 531
362 599
76 584
611 634
164 6
636 840
65 846
794 558
741 673
769 466
486 616
426 855
705 450
53 546
114 633
28 171
667 749
274 742
476 388
24 143
393 163
126 817
153 63
22 397
735 791
6 724
54 791
227 262
744 639
807 1
775 338
532 586
230 805
831 209
696 854
351 232
161 477
193 313
539 574
709 778
508 218
645 65
512 375
327 400
157 637
400 76
119 435
165 708
383 139
61 582
137 411
814 657
391 510
473 434
227 325
355 239
46 503
303 557
22 629
100 538
410 4
117 32
438 281
243 325
780 303
50 60
218 367
220 112
380 692
545 607
160 43
349 565
50 651
625 431
784 229
112 697
232 589
232 173
373 474
1 296
281 411
355 498
777 78
609 301
769 658
411 432
700 263
140 253
417 765
683 344
137 299
544 728
31 775
404 403
393 405
699 673
815 557
674 239
635 786
43 547
587 453
123 791
715 622
187 636
530 14
123 170
672 171
401 702
89 805
608 841
713 810
161 671
511 338
413 649
268 456
699 358
412 821
292 631
91 839
410 124
356 532
294 171
206 198
376 295
146 127
639 362
81 304
536 95
641 93
743 412
548 585
770 103
54 565
733 144
547 286
267 46
322 64
576 527
262 95
325 767
222 108
273 662
771 808
756 555
404 642
111 95
730 384
558 783
452 434
70 143
224 697
548 49
760 268
79 525
362 404
796 87
15 572
748 785
27 647
843 431
792 457
29 666
840 586
592 436
524 166
82 251
366 133
299 629
400 377
298 266
284 597
352 298
312 244
586 338
34 573
272 826
173 301
635 517
390 730
456 417
399 537
667 764
669 469
537 573
846 338
838 633
78 333
75 749
80 164
230 114
736 6
443 413
666 581
73 199
814 528
616 357
568 786
264 740
399 304
816 748
641 797
524 222
634 102
114 713
266 704
330 145
709 276
557 518
856 133
220 814
164 339
674 731
269 81
119 667
745 78
558 33
19 225
255 156
327 368
372 96
575 702
600 427
121 301
448 481
793 668
438 101
150 615
831 778
695 453
588 87
531 649
120 53
18 374
208 704
245 579
799 820
784 542
750 49
346 342
33 643
513 470
743 166
228 221
88 426
674 179
17 348
828 136
760 845
13 111
196 617
193 498
580 121
543 474
529 393
319 561
179 335
534 65
500 265
645 91
194 462
270 210
313 241
705 576
229 717
686 784
478 383
425 561
503 471
538 175
7 360
239 185
694 772
609 338
180 398
428 733
363 697
87 180
81 791
755 669
156 89
100 633
471 28
697 477
499 379
651 505
738 393
194 576
308 802
417 847
703 348
723 570
549 809
749 133
248 151
306 403
239 405
539 709
433 379
329 435
261 483
443 143
19 636
222 686
86 142
676 292
489 47
5 181
359 257
674 606
408 123
152 646
527 194
3 463
573 691
401 337
678 844
839 200
127 204
30 572
705 209
8 338
255 12
22 614
629 695
363 180
321 19
329 848
212 331
814 288
526 359
625 347
706 607
546 832
315 575
548 163
288 59
4 542
430 386
299 202
584 166
381 49
544 214
40 259
544 357
51 573
219 179
63 68
785 113
404 603
191 455
270 478
17 273
164 446
162 822
648 746
491 532
794 178
745 337
437 793
693 847
509 416
169 76
843 457
188 390
204 378
348 473
856 364
249 523
810 771
848 105
660 483
140 597
164 389
437 104
325 633
94 337
192 262
412 179
719 599
72 66
481 420
42 840
783 650
506 240
564 497
704 727
483 844
467 647
376 407
750 204
184 844
540 375
609 456
57 471
198 129
40 182
548 441
165 834
595 670
578 302
671 425
533 297
772 503
87 651
54 341
358 237
688 42
115 440
497 172
55 198
300 94
740 351
39 48
688 633
222 769
438 36
338 114
692 613
617 283
768 670
623 269
410 454
670 524
37 670
695 451
12 498
49 255
352 87
302 184
719 523
456 660
558 793
774 394
54 534
676 821
707 802
593 260
399 407
783 795
220 126
390 591
127 438
845 479
524 651
166 746
317 621
549 379
62 826
772 115
503 95
439 713
400 535
116 798
85 403
736 665
32 629
759 158
210 748
636 237
542 305
126 362
70 179
740 131
148 159
605 155
253 547
371 652
225 487
97 670
393 337
838 424
109 740
85 679
135 721
59 180
169 545
542 598
227 425
728 374
584 836
32 340
30 403
496 255
393 96
428 289
432 409
216 45
652 300
227 787
524 645
110 197
693 155
794 63
580 170
797 667
509 828
510 539
734 149
297 270
605 228
558 180
140 277
584 791
577 314
225 604
103 335
800 299
849 242
362 572
771 662
742 423
137 396
105 15
48 401
644 652
132 706
336 271
126 423
206 737
430 810
343 268
753 145
261 498
10 336
412 671
582 835
808 121
443 326
528 348
113 324
479 322
163 750
448 585
99 653
825 32
606 671
300 7
816 64
504 825
399 60
640 124
398 95
604 840
420 276
331 36
103 810
358 265
703 309
849 305
105 322
336 215
136 635
581 455
202 228
424 601
647 567
228 548
165 832
532 88
611 6
123 713
319 840
121 165
292 473
469 757
298 309
475 434
447 199
32 649
786 815
753 81
29 124
628 193
459 303
280 213
669 763
429 131
746 53
656 542
30 268
802 327
80 420
264 527
122 656
319 411
614 215
491 643
698 623
339 301
429 619
17 241
525 446
732 774
498 531
819 527
302 764
854 382
687 621
412 808
420 730
723 538
448 357
324 649
483 166
93 56
784 110
656 452
59 531
730 556
205 692
227 507
600 584
392 790
348 803
246 768
180 112
809 627
828 636
779 455
801 376
510 729
485 309
684 47
840 557
602 548
753 332
558 496
59 93
789 767
39 178
182 578
289 134
348 261
769 631
715 713
150 728
585 138
540 413
184 27
473 785
575 369
261 276
368 679
729 301
589 271
838 770
849 271
47 700
35 319
474 749
176 623
124 264
760 663
676 87
194 653
376 768
525 140
547 397
818 779
201 55
194 182
328 546
812 735
389 846
197 367
242 732
133 365
140 397
532 319
843 725
115 362
140 144
5 190
540 327
473 740
741 170
425 212
715 381
450 247
370 647
613 612
26 250
480 165
150 515
484 136
383 102
2 26
245 6
576 784
692 192
171 576
721 100
292 579
480 741
329 849
35 446
108 61
199 92
225 348
606 708
483 493
810 844
518 558
354 597
486 189
292 160
765 156
259 560
238 242
444 567
595 479
516 702
539 714
793 267
205 47
479 191
539 432
179 560
493 36
661 482
224 96
642 492
612 404
195 849
646 143
63 384
621 578
589 663
435 30
433 143
76 55
694 118
846 376
677 483
411 481
108 138
81 253
134 692
657 688
188 806
830 251
333 98
828 425
264 767
814 697
413 33
751 250
510 741
625 331
727 179
315 834
677 395
231 810
230 391
641 418
340 119
172 176
216 503
600 480
773 62
680 330
454 574
579 108
818 708
438 688
390 256
170 210
651 760
523 384
294 308
305 633
786 836
312 505
483 55
488 399
476 311
232 74
389 811
181 350
166 122
542 555
377 215
269 531
118 791
419 411
602 723
547 531
703 2
180 689
416 667
231 36
482 463
109 14
777 649
723 446
770 408
144 650
126 412
325 243
707 247
157 452
113 207
487 319
208 666
511 624
836 742
163 461
708 631
474 132
423 701
577 696
252 224
489 738
636 317
124 486
563 641
441 180
847 71
2 199
240 513
326 580
758 848
184 609
622 162
244 548
6 820
387 617
187 379
498 326
696 126
315 762
270 756
445 260
330 447
818 570
463 647
293 364
638 836
476 763
501 223
454 10
186 344
627 732
723 628
202 66
257 20
331 526
279 776
786 609
726 251
682 332
42 478
199 183
457 674
450 102
40 407
111 585
751 241
820 121
373 525
186 629
545 516
299 327
795 588
79 664
838 264
139 383
741 337
566 342
514 519
803 57
69 417
145 819
658 109
443 534
633 628
306 681
648 108
152 586
199 230
394 541
854 36
67 738
733 136
223 390
654 529
807 723
90 95
189 251
563 632
784 340
763 593
164 58
205 675
148 403
409 45
447 406
80 18
287 812
153 14
706 311
542 656
537 631
254 725
385 817
4 672
300 271
409 823
328 117
642 835
23 194
23 470
599 463
487 389
418 143
402 627
453 448
426 133
582 184
362 111
144 725
782 803
139 694
273 827
314 58
805 337
611 332
310 713
794 796
606 355
82 151
486 39
598 55
531 324
598 36
794 741
265 719
687 403
61 104
733 374
521 186
214 636
517 523
852 454
462 601
312 48
752 797
446 853
356 120
320 97
516 617
342 780
480 532
686 44
139 563
777 660
252 135
799 768
657 794
725 623
539 540
670 794
841 619
790 340
242 614
796 757
374 641
184 357
317 374
760 455
80 681
618 691
815 560
602 615
498 830
381 540
513 554
477 497
676 410
340 62
527 280
818 405
424 506
761 740
23 665
699 462
849 460
296 807
164 401
69 165
374 450
704 30
507 684
31 327
597 370
388 268
153 709
672 577
358 80
820 380
248 662
345 240
266 640
190 789
184 259
97 61
212 304
451 222
131 481
548 727
850 439
498 507
292 673
227 153
753 190
37 504
852 381
744 621
525 437
553 212
695 153
273 410
456 723
632 90
707 683
320 700
266 322
350 61
138 80
573 394
630 609
42 625
494 289
749 522
725 445
733 68
597 509
477 556
735 612
149 585
799 468
789 208
293 642
628 431
722 704
328 495
817 369
623 454
657 515
119 30
463 355
97 203
8 77
262 742
689 410
471 631
381 403
342 674
188 473
608 413
320 79
411 280
808 537
237 112
195 715
141 161
214 597
363 221
674 128
466 10
41 80
144 422
842 845
599 534
461 350
90 284
788 5
68 243
541 304
355 240
163 855
400 736
596 267
460 773
394 69
782 435
149 69
360 494
57 462
171 21
315 621
304 246
625 371
849 669
179 347
52 701
705 452
580 444
222 183
360 119
251 645
553 759
713 416
397 273
21 71
293 335
691 101
85 819
831 77
632 153
783 187
853 631
142 80
579 363
262 442
482 17
231 538
775 447
458 675
224 838
746 20
677 580
120 761
47 95
341 182
607 267
728 108
401 14
187 483
736 809
69 721
825 659
763 247
609 364
66 832
705 811
852 525
38 475
789 444
73 273
625 680
43 497
787 804
14 477
430 253
429 2
478 397
660 384
644 773
251 213
252 99
167 607
128 204
226 60
152 658
693 776
481 735
776 771
186 293
392 616
546 324
617 167
721 781
54 12
201 304
224 452
762 750
203 33
457 788
93 608
589 785
32 574
167 807
488 353
244 383
472 293
707 592
459 75
516 512
446 220
319 669
672 224
66 378
257 522
669 709
634 761
141 665
478 307
615 470
163 362
852 634
654 206
370 616
280 389
271 725
609 93
41 784
317 106
665 77
132 477
289 765
741 429
573 363
239 691
336 402
197 691
539 354
41 52
114 680
801 384
549 553
837 93
840 297
559 648
