445 4298
103 9
411 388
15 324
317 129
6 68
359 344
3 210
84 132
61 386
255 394
67 118
386 418
48 393
282 290
82 413
349 184
421 314
127 435
214 20
141 219
88 54
140 112
285 245
265 368
185 74
338 273
214 301
246 261
248 104
105 352
94 8
90 69
343 238
81 111
258 221
351 367
296 45
33 158
289 319
102 50
392 439
345 160
294 167
442 119
292 123
25 385
152 136
9 71
374 111
203 186
353 109
129 225
153 183
382 19
56 38
68 24
54 434
206 369
155 202
42 2
347 88
386 53
224 416
124 174
103 326
359 10
11 64
257 186
246 193
204 301
253 293
324 328
282 84
251 13
308 315
36 209
402 444
283 202
436 428
375 94
331 310
125 363
373 381
103 173
151 306
28 425
176 374
307 34
12 112
46 341
426 104
126 405
102 409
161 114
413 91
229 320
400 354
238 350
311 340
77 38
223 127
17 398
55 323
8 88
12 75
429 437
178 109
396 301
94 112
415 84
224 198
403 200
128 195
104 439
90 203
53 334
329 92
308 405
414 315
47 425
389 52
439 122
183 389
422 276
77 391
381 322
166 339
77 293
88 180
308 199
382 361
109 287
7 416
246 442
285 315
444 229
366 437
372 125
402 370
423 56
316 358
377 36
251 8
350 361
210 213
136 168
128 245
10 156
215 277
152 77
146 172
305 67
163 253
213 120
177 190
175 69
103 128
126 353
136 31
290 367
243 426
89 392
225 120
124 16
397 297
92 97
24 418
185 186
247 398
327 424
142 78
47 266
206 173
174 363
225 40
306 22
20 394
435 266
91 113
282 42
431 395
160 9
390 367
217 191
341 98
169 37
198 238
325 403
432 75
342 211
114 202
254 134
172 243
421 262
377 279
325 362
229 62
393 195
428 164
385 323
283 131
381 35
368 260
14 354
334 355
141 3
133 394
158 327
213 133
143 144
434 45
82 239
128 51
433 110
214 394
9 52
79 389
108 23
226 122
376 114
53 71
138 186
41 317
67 253
27 231
418 15
297 77
253 424
127 262
88 363
210 118
414 289
62 76
311 309
197 264
444 250
356 159
12 397
30 78
226 78
330 199
92 182
297 366
160 423
182 270
340 414
387 330
257 25
428 144
355 201
429 354
5 340
67 38
313 118
137 93
196 22
313 287
225 164
230 384
164 433
230 80
401 194
410 234
240 392
378 150
147 361
58 174
277 146
233 144
263 370
259 13
413 148
322 192
334 106
152 52
93 382
153 71
130 139
304 369
85 236
95 254
152 4
5 297
258 149
115 182
407 149
149 131
25 340
19 130
69 70
245 5
245 315
156 383
173 101
45 431
196 320
159 369
323 163
221 157
311 357
339 294
60 64
425 107
426 443
258 49
90 57
75 356
393 230
293 143
330 337
128 102
211 286
26 110
3 268
267 336
201 160
206 282
245 207
388 247
227 201
295 338
279 369
248 227
175 95
391 60
432 73
183 219
380 208
329 404
30 150
316 230
331 77
67 130
283 31
399 86
231 248
423 87
194 225
335 368
342 280
4 328
352 187
101 308
416 6
266 23
155 137
252 40
235 340
192 94
371 145
180 178
414 157
264 184
404 153
129 300
432 132
204 360
340 326
222 333
332 65
355 41
201 183
103 435
78 316
105 25
37 284
202 27
18 21
211 421
195 339
297 182
47 55
118 409
380 340
296 266
426 205
307 181
387 431
192 41
301 296
65 337
157 267
363 174
309 150
171 58
43 22
261 112
76 379
75 32
295 392
298 275
173 181
32 136
166 245
177 21
117 241
379 273
84 318
23 414
23 193
49 87
236 331
198 311
264 294
343 135
240 217
431 412
397 17
103 117
261 301
159 378
118 114
227 224
431 250
192 30
19 262
117 255
148 336
142 433
185 39
123 1
277 108
435 228
147 92
366 429
414 79
361 86
192 165
309 200
436 78
229 9
339 367
285 63
258 427
73 442
42 217
19 319
346 8
101 47
121 22
31 89
122 413
175 336
132 60
90 122
137 340
153 53
262 437
115 74
418 209
92 37
425 110
355 326
118 10
372 260
53 402
349 175
392 78
87 78
137 176
222 296
70 396
348 353
387 39
426 382
248 94
418 227
226 327
129 365
358 56
179 433
34 82
184 425
181 270
80 340
445 323
190 91
273 114
21 236
174 1
194 443
117 166
247 342
69 375
261 4
430 16
436 41
98 196
42 278
20 121
194 41
20 383
153 292
73 173
105 269
196 298
266 312
41 67
230 109
19 67
134 3
82 146
65 179
341 107
34 360
249 227
400 269
187 130
137 281
302 241
104 52
94 370
385 156
13 169
286 31
235 420
56 317
120 142
72 16
248 127
397 52
354 374
320 117
58 11
397 381
274 78
433 389
24 394
99 36
118 384
89 374
358 166
267 55
307 339
92 132
42 43
183 417
416 79
88 50
111 62
431 384
139 440
327 184
388 425
219 82
386 329
11 320
71 277
374 378
192 20
86 234
63 268
205 55
368 315
105 33
398 90
439 91
84 320
274 48
322 69
130 262
420 140
136 45
438 87
444 207
106 84
17 190
373 243
245 317
112 371
350 86
37 343
176 120
239 26
189 137
117 318
398 113
34 111
179 27
219 200
255 324
305 293
69 255
90 335
126 224
260 52
309 296
394 62
437 210
109 180
346 247
75 321
381 108
8 115
156 226
336 432
126 195
279 216
26 369
105 152
147 386
203 32
236 174
93 249
405 224
6 305
25 80
180 406
209 97
365 434
432 351
115 203
185 330
229 130
12 402
298 397
159 329
210 354
444 35
313 244
40 195
268 141
374 250
350 160
346 291
148 354
218 284
112 424
191 362
108 202
318 405
175 53
311 406
407 331
441 296
129 35
45 418
176 441
223 102
155 145
392 324
76 164
163 187
143 375
125 272
153 442
254 327
71 141
310 32
26 305
350 176
361 394
148 113
389 392
214 98
92 182
422 167
368 161
375 65
90 76
358 264
72 166
167 142
328 31
196 353
335 100
105 251
48 253
385 14
221 154
111 312
357 109
55 279
291 6
365 402
81 278
220 174
20 387
338 348
417 88
277 329
209 404
156 278
211 95
291 431
270 424
320 182
109 396
15 400
402 380
356 37
234 153
233 253
94 125
177 65
234 31
393 442
434 125
296 199
220 164
206 44
164 102
225 272
53 262
248 31
196 181
89 429
333 321
258 426
445 435
67 255
20 37
251 8
161 124
228 402
287 10
1 5
112 247
298 186
85 101
216 280
303 326
285 190
202 120
192 223
109 280
33 150
338 305
179 76
428 32
291 437
54 317
125 323
170 332
407 292
124 264
149 5
103 360
228 222
128 5
352 429
59 78
322 364
256 397
368 238
5 214
252 81
107 376
403 276
285 364
122 408
182 292
412 307
228 216
105 355
243 12
339 301
89 237
241 367
210 164
159 214
399 432
316 60
363 273
358 224
214 56
186 417
348 175
300 130
390 405
62 187
438 422
65 103
213 305
24 422
23 205
212 443
191 83
80 130
377 437
353 145
69 94
139 438
290 438
145 234
397 206
443 411
182 62
69 394
366 92
392 411
318 158
430 64
262 64
215 194
77 123
338 168
238 31
160 82
46 304
337 442
64 356
408 267
417 53
215 360
166 183
347 39
341 353
124 157
439 338
372 70
15 265
237 252
317 397
355 362
277 247
381 341
157 365
162 151
417 399
87 137
136 10
175 53
362 320
232 355
213 158
2 227
422 260
56 316
211 410
254 65
233 189
405 412
108 143
139 79
96 225
238 254
256 434
306 172
309 114
104 76
272 105
324 270
364 379
140 152
366 394
216 175
159 197
141 267
339 301
367 12
102 181
265 357
170 147
106 55
261 209
130 109
313 30
378 231
431 95
382 351
65 174
80 223
370 243
66 264
98 10
275 200
190 116
133 359
284 238
413 121
1 119
229 313
149 184
121 134
278 79
61 342
253 162
141 177
426 207
17 79
238 313
300 427
5 9
363 289
247 352
409 247
48 215
137 196
398 279
351 230
357 433
148 164
149 310
363 152
93 401
252 330
269 106
312 295
136 251
138 382
157 124
206 204
338 364
421 312
197 348
96 108
335 265
294 61
129 233
212 222
188 18
128 33
145 439
328 280
266 42
239 423
187 444
203 79
384 201
390 135
103 62
242 15
348 112
97 54
366 330
275 109
369 424
163 68
440 67
369 260
131 162
259 317
182 17
418 120
239 384
276 363
23 73
377 370
206 50
423 127
379 274
257 324
253 441
391 247
85 337
83 215
75 342
86 279
380 80
420 173
19 251
90 41
345 44
432 105
93 410
253 49
260 64
372 89
60 340
335 144
253 418
380 327
336 42
182 270
122 157
442 162
407 86
202 328
151 210
432 244
196 262
314 11
325 262
99 406
178 11
126 430
5 60
334 340
124 70
164 245
248 182
406 209
289 184
113 440
393 122
260 144
383 128
176 262
411 274
245 144
306 392
128 310
29 16
204 152
108 389
418 355
125 378
141 436
138 253
430 107
374 244
250 311
393 2
150 358
276 416
56 136
362 184
23 390
221 248
118 328
192 90
238 338
44 400
328 181
207 334
288 158
132 114
23 79
116 194
437 413
164 47
125 81
252 147
47 28
395 165
355 163
254 169
77 298
123 427
55 352
315 342
64 2
33 108
102 148
302 115
115 20
162 239
122 435
408 191
17 379
377 394
96 207
139 194
59 284
175 136
190 45
54 275
68 86
382 169
255 238
284 369
280 22
185 423
33 147
168 72
80 99
42 197
328 180
390 386
40 120
98 229
186 152
80 253
259 17
443 69
254 303
437 110
324 198
88 379
366 277
5 22
398 46
218 280
247 185
242 287
326 340
92 66
68 172
340 326
188 337
394 18
195 408
128 95
160 237
28 103
68 32
124 20
99 364
321 346
125 118
187 5
34 300
92 101
26 431
426 235
344 397
253 93
359 380
210 95
193 259
197 260
313 343
302 411
261 177
311 385
316 74
411 349
374 57
4 421
64 7
211 407
403 18
77 338
419 286
432 166
99 184
425 411
81 303
377 363
35 264
324 350
360 289
276 288
367 301
285 430
307 50
391 286
67 22
178 40
329 187
227 428
370 229
415 27
86 368
389 142
187 289
47 123
132 344
432 75
199 271
59 61
321 26
368 387
70 123
4 398
309 252
402 255
35 394
281 121
316 246
284 79
89 330
201 242
250 187
338 4
13 418
86 355
443 8
318 89
130 343
64 438
150 42
269 184
435 104
326 306
371 165
384 36
71 162
299 321
370 191
346 382
163 431
313 183
438 186
271 145
83 356
159 232
398 428
438 387
108 340
269 34
81 230
91 174
391 390
71 337
135 416
296 298
401 163
57 415
348 349
114 431
260 295
239 212
277 253
175 406
148 21
439 250
250 85
423 217
51 48
108 185
18 403
59 418
121 115
410 45
19 78
52 300
372 291
88 225
120 284
186 289
304 201
94 108
307 71
346 357
141 9
97 180
433 177
153 130
292 139
175 332
216 226
186 165
93 295
389 213
133 151
56 437
352 149
121 213
242 22
125 404
52 243
138 61
419 312
191 265
5 365
173 221
145 380
407 260
229 350
27 362
78 82
353 429
253 50
196 71
71 342
29 144
139 188
205 113
55 395
399 59
336 127
301 35
61 262
316 312
189 342
228 266
1 157
271 253
206 21
345 299
363 395
442 78
137 223
190 191
172 144
272 62
270 127
119 352
411 434
218 176
353 22
18 353
200 288
182 406
330 81
281 269
30 299
347 188
77 91
379 270
234 227
354 80
375 49
9 340
37 248
92 411
270 109
318 24
396 54
6 281
156 308
104 207
162 5
395 260
118 350
84 351
131 437
8 60
40 16
422 99
285 68
86 109
177 404
155 149
34 182
6 190
45 132
418 206
158 367
42 275
293 125
203 445
139 232
82 200
247 58
320 108
147 406
217 345
364 393
49 419
129 76
163 195
207 158
422 387
101 18
238 394
143 440
393 303
226 29
57 49
108 377
157 255
337 395
176 277
364 246
250 47
322 435
264 105
169 240
46 269
280 284
217 444
300 187
301 103
237 357
173 367
310 329
176 223
300 373
76 218
174 348
287 50
359 127
176 82
366 222
350 200
82 144
220 381
330 75
60 143
9 233
64 318
138 239
118 438
167 193
232 362
117 95
411 30
221 141
111 164
384 38
385 20
181 160
423 65
234 59
207 242
291 271
137 429
86 254
443 274
23 251
190 140
346 177
169 143
340 302
306 300
339 246
342 74
427 319
160 215
377 388
34 245
235 192
228 343
22 247
193 44
52 405
205 419
158 396
117 52
274 444
352 167
266 248
262 247
143 443
39 96
407 94
340 197
285 144
116 328
412 308
371 41
267 153
14 2
103 152
53 376
173 426
119 15
250 402
262 392
399 322
65 382
437 404
133 298
125 270
180 91
133 105
153 421
279 189
422 403
340 52
355 89
32 28
104 282
6 387
250 426
285 314
363 276
295 72
128 419
342 307
86 51
433 239
26 267
427 25
224 343
98 156
9 151
205 112
9 211
53 259
191 337
149 130
189 443
202 316
438 98
177 101
148 186
361 195
7 364
241 253
283 338
408 291
66 189
424 74
399 31
354 167
389 58
296 154
77 52
24 92
171 222
192 340
408 129
90 436
47 352
265 351
267 249
197 332
438 175
427 391
228 336
112 193
415 430
347 68
58 392
159 229
169 372
123 153
55 234
143 123
163 408
29 429
211 247
337 225
421 318
171 225
230 304
418 221
310 341
289 368
287 2
151 10
396 295
162 5
106 327
150 268
311 178
251 98
1 164
323 421
58 70
223 310
373 195
85 260
90 373
182 376
397 354
408 369
203 146
373 308
49 99
152 359
298 402
12 298
142 356
296 200
425 73
64 374
267 170
188 378
120 391
330 71
299 314
439 79
15 388
386 85
64 93
444 361
71 32
214 235
387 86
434 388
158 74
338 1
243 81
378 384
26 284
9 347
153 24
425 189
434 387
273 52
56 293
434 127
324 202
383 287
287 393
251 21
21 144
21 285
224 420
224 271
259 254
172 433
300 151
176 288
93 25
361 148
318 349
296 218
128 233
60 436
202 310
12 222
8 54
84 253
29 329
101 309
159 272
296 13
445 48
322 114
72 259
283 411
163 156
184 312
410 243
302 167
129 335
388 159
389 48
411 439
376 66
302 112
360 152
124 381
221 23
49 292
281 331
258 20
41 18
331 6
260 210
172 410
121 136
123 86
206 111
79 158
198 402
269 134
130 393
69 350
437 117
197 272
25 31
292 65
48 199
92 329
430 285
293 106
443 438
213 203
125 314
360 344
270 184
33 400
153 101
304 144
240 77
415 264
129 283
350 176
59 19
81 43
303 396
170 300
410 405
79 89
273 439
9 97
199 41
73 351
164 377
49 403
30 40
243 159
323 169
356 403
187 437
445 67
409 192
388 373
151 22
38 423
37 46
96 235
87 169
140 272
122 210
229 151
249 48
331 148
216 242
105 425
255 127
46 240
318 10
167 23
31 204
22 67
249 139
323 357
307 17
183 5
226 433
178 52
57 63
199 273
326 304
252 157
7 319
396 324
328 117
368 381
342 389
24 168
82 347
101 411
385 306
415 188
293 147
239 350
232 437
199 134
317 27
291 323
345 263
223 249
402 145
184 298
110 208
42 214
109 143
201 70
3 192
257 317
339 50
243 147
64 441
280 380
44 147
280 388
410 79
192 366
224 397
240 355
159 282
123 289
1 345
359 3
92 170
341 7
220 161
153 305
156 9
261 222
156 95
164 142
174 377
62 419
329 323
328 64
159 28
353 181
372 288
205 40
34 101
46 275
261 198
134 438
229 395
214 384
66 400
102 261
353 185
234 236
62 139
322 243
188 251
423 136
93 183
176 126
305 221
401 120
441 111
134 224
60 348
184 126
324 285
408 231
46 219
44 107
357 365
349 121
170 327
256 284
86 8
431 390
229 408
64 246
74 219
24 155
143 229
302 21
90 265
252 135
38 317
241 416
236 167
91 427
70 368
287 155
376 272
99 181
257 184
426 352
402 26
61 100
254 363
120 343
204 393
32 263
264 294
233 76
15 345
79 84
289 365
260 241
214 358
421 25
118 401
376 75
426 13
196 256
375 337
175 155
307 206
417 125
77 226
223 113
147 301
219 13
243 33
253 11
413 251
35 85
228 432
181 231
444 376
41 396
268 216
127 129
443 121
275 74
346 74
209 70
375 427
82 172
36 356
204 3
161 260
88 389
246 290
174 266
221 236
238 65
6 365
215 4
40 44
99 407
118 329
31 69
310 134
262 368
67 20
370 227
279 34
192 101
324 387
366 121
178 159
185 183
78 399
208 139
19 329
100 158
212 153
248 99
308 64
21 374
105 412
178 383
1 369
38 346
311 426
21 65
161 227
247 260
180 32
398 220
360 74
378 126
226 202
246 89
266 39
370 255
216 330
277 162
389 177
49 369
219 113
106 445
381 365
201 412
317 420
326 391
374 29
171 131
274 281
418 117
320 364
393 112
248 224
273 214
400 321
159 195
10 265
216 391
184 416
357 56
412 238
23 363
288 215
70 138
51 42
276 392
427 223
58 230
1 353
443 422
250 178
171 260
442 386
205 181
378 116
236 345
375 280
284 239
49 353
377 121
394 207
89 375
430 147
181 7
76 200
429 325
378 176
139 374
139 343
131 71
36 388
437 410
222 275
204 271
182 157
413 152
363 57
104 369
225 306
376 300
61 381
179 15
111 340
410 249
237 96
342 294
38 333
281 282
163 61
107 366
217 74
73 156
130 176
80 354
36 32
230 118
412 431
154 99
325 141
370 138
236 266
432 295
153 267
131 337
327 259
258 98
355 330
275 61
82 354
437 139
407 221
279 395
206 432
49 85
149 418
245 384
238 231
256 412
74 408
304 400
222 116
74 131
445 348
191 103
279 182
241 262
425 96
212 185
105 260
292 253
254 91
214 46
343 24
12 416
431 315
392 229
7 20
359 28
389 127
130 244
330 393
61 309
43 294
71 147
130 362
400 383
7 168
5 349
213 38
341 198
375 287
427 381
328 362
409 293
43 93
114 373
62 174
258 105
44 328
251 173
244 227
110 272
416 114
197 183
173 92
403 102
378 384
38 282
322 1
130 387
115 243
314 177
438 148
303 36
31 130
230 274
357 339
123 327
29 319
87 201
433 44
325 387
4 362
224 325
384 353
266 75
172 156
273 164
304 130
199 356
260 5
206 193
343 328
96 393
224 182
170 211
225 49
152 228
432 397
130 370
326 417
22 52
150 294
215 30
424 435
385 260
439 145
29 358
28 124
305 251
306 52
38 107
100 211
357 87
163 63
33 43
34 54
95 183
348 331
212 348
321 151
184 314
318 212
227 345
335 108
172 217
159 209
346 281
441 257
367 158
341 421
223 374
30 317
134 399
202 345
301 99
73 39
435 390
250 238
311 161
345 59
378 81
289 300
361 284
111 304
442 6
301 241
401 330
134 89
283 357
11 160
11 105
220 445
71 46
237 403
207 158
16 161
260 304
15 197
142 147
77 160
174 378
422 151
284 110
240 144
22 272
303 32
398 78
53 45
123 311
2 351
45 39
66 305
342 102
78 60
248 155
242 443
109 218
149 392
328 410
90 371
236 393
402 210
47 31
254 191
363 255
97 407
293 184
288 211
286 366
292 88
97 88
86 205
306 234
173 210
198 263
135 10
232 113
219 300
143 27
45 82
303 163
43 172
347 353
404 187
295 250
274 391
338 381
172 220
191 344
429 410
183 140
419 414
252 214
268 416
262 335
52 141
52 116
334 398
23 292
139 317
97 435
284 434
392 10
230 138
376 213
124 113
374 98
82 180
333 371
150 172
260 223
312 338
201 264
361 47
403 254
165 414
93 175
360 102
404 74
32 193
198 167
121 317
248 300
204 173
26 397
433 248
264 299
163 41
139 100
109 96
353 274
86 445
3 1
124 429
74 177
176 293
343 297
164 145
173 390
340 221
341 349
23 181
202 207
221 340
306 330
13 214
180 98
235 204
120 358
187 216
90 363
63 9
236 227
176 430
171 70
205 66
418 250
247 196
11 44
112 317
395 124
107 129
244 341
333 363
276 96
133 387
35 196
395 270
444 125
277 169
216 36
256 210
285 79
405 318
123 94
211 72
217 317
223 37
234 110
422 64
227 109
5 262
326 422
108 346
123 384
91 339
442 347
125 281
425 85
153 102
178 385
196 416
256 418
30 45
104 6
130 330
136 135
168 39
133 276
384 255
236 30
148 232
398 295
90 377
379 264
56 133
204 251
125 14
223 154
80 348
181 210
232 317
366 400
355 53
252 315
329 64
344 54
296 348
407 250
281 225
327 435
428 154
136 19
376 312
120 278
47 351
86 363
293 62
294 367
335 164
251 399
84 304
271 402
206 232
206 63
33 109
74 38
262 209
56 214
97 197
68 144
125 153
83 417
237 377
339 126
117 144
101 200
2 371
178 207
157 405
269 212
68 364
249 329
127 326
97 224
77 186
389 201
361 48
173 152
1 88
277 117
231 378
339 254
325 71
37 59
31 327
270 98
245 73
4 393
398 122
171 29
308 136
252 223
184 1
396 184
88 249
323 340
203 216
170 83
308 206
141 338
87 410
13 331
59 38
300 11
181 26
61 43
183 334
287 366
334 259
127 443
63 4
337 265
241 61
347 103
288 64
18 374
50 52
281 108
89 136
140 269
183 201
334 387
111 197
330 445
11 19
95 36
378 359
298 438
283 400
303 346
439 253
418 45
89 80
155 246
242 1
5 19
356 391
129 297
150 161
329 169
255 364
101 191
216 115
28 193
417 395
186 225
367 253
335 24
407 157
265 407
161 283
339 128
433 23
425 138
183 330
306 438
249 406
183 41
97 232
255 69
181 18
293 125
270 204
170 253
360 434
237 75
293 130
224 280
152 225
439 357
110 299
371 380
281 130
442 378
361 274
1 118
291 315
264 115
73 433
389 9
443 180
105 312
310 328
147 38
130 162
416 239
16 341
195 318
25 213
250 407
41 272
102 331
163 387
22 257
375 411
265 394
167 369
261 53
274 429
91 403
145 83
218 182
424 412
55 25
179 326
9 242
153 132
127 337
73 171
171 24
158 435
418 324
381 255
377 231
238 44
188 404
126 405
141 126
393 195
173 148
75 203
389 249
334 93
163 428
263 333
7 420
344 1
320 301
255 251
86 47
294 273
27 442
254 167
122 223
383 316
393 13
73 336
283 406
5 22
389 289
354 417
263 275
417 160
130 226
410 216
294 281
65 320
277 341
64 420
118 1
291 65
35 363
423 340
346 427
361 311
271 292
304 110
121 275
269 250
77 256
42 392
91 107
288 389
2 351
385 141
374 230
206 408
170 205
302 92
208 240
424 55
86 282
187 206
133 32
32 209
287 74
155 399
180 19
364 203
392 304
343 320
110 103
282 301
329 161
414 92
400 392
146 62
250 332
267 382
364 298
145 227
393 321
181 127
362 99
351 308
424 249
182 89
373 40
411 257
200 380
348 176
348 70
237 153
402 80
89 342
400 256
123 347
153 303
51 69
424 401
376 424
226 134
67 154
174 55
410 395
11 334
126 358
403 384
87 381
41 176
277 17
8 422
363 160
301 435
251 279
413 203
280 193
337 368
346 65
422 332
14 432
242 161
367 200
122 8
157 162
205 11
178 212
432 117
394 309
129 199
165 118
423 444
310 314
366 233
378 343
119 414
351 361
151 272
137 272
280 315
10 39
325 209
251 333
348 221
219 31
441 383
148 418
381 34
287 301
266 241
198 407
231 104
322 382
375 35
208 231
349 240
270 251
3 97
160 350
317 378
380 334
337 104
306 272
138 169
128 425
432 347
386 217
27 284
153 402
340 383
209 266
177 33
93 179
129 252
84 22
207 40
377 98
166 260
392 303
428 74
304 414
420 245
186 24
105 360
2 445
297 210
265 28
243 357
207 393
185 312
437 413
351 368
88 71
182 34
395 187
129 254
177 125
75 384
148 179
299 149
178 150
359 19
200 156
375 428
125 115
294 116
82 221
61 191
314 264
224 285
5 352
115 182
32 189
120 201
390 440
350 144
167 263
163 366
440 92
370 141
228 218
257 332
15 339
77 350
157 323
190 162
229 326
365 282
70 61
60 36
56 409
179 244
248 363
186 242
10 110
382 259
349 215
145 363
108 244
268 265
121 34
3 371
359 367
230 5
4 289
40 59
252 241
302 76
158 42
317 189
173 275
25 76
67 169
439 196
412 283
37 109
316 61
35 229
4 264
256 8
129 317
66 380
112 390
10 292
8 348
57 181
199 81
256 287
272 271
60 260
108 96
369 445
179 425
251 182
243 61
189 371
399 277
327 66
221 358
379 250
282 12
7 57
93 285
366 386
132 425
200 262
97 145
261 275
124 88
12 388
170 200
335 124
31 238
211 273
172 144
100 8
155 106
87 269
412 7
209 99
8 431
360 126
130 197
401 276
285 434
218 31
210 108
154 263
367 364
90 94
84 211
101 239
339 209
62 305
237 293
425 266
278 339
392 429
113 369
259 419
357 32
4 121
161 158
383 82
98 50
175 182
260 298
420 153
83 58
35 320
372 14
140 204
353 108
210 42
31 23
15 387
54 18
85 236
175 44
318 295
115 69
31 397
366 27
104 4
84 160
345 33
174 61
258 103
169 22
144 199
45 158
163 120
197 269
356 394
334 228
243 4
318 273
400 239
299 80
264 404
240 163
436 413
223 249
92 413
270 235
167 314
414 351
434 165
174 366
113 62
170 355
65 42
204 41
280 57
121 120
38 360
304 50
349 82
298 440
71 145
251 237
35 219
164 45
405 337
410 73
421 134
4 62
176 208
103 32
286 245
174 323
181 32
373 84
135 247
100 206
413 350
19 3
145 183
69 104
74 34
198 71
189 202
133 386
409 257
440 271
56 168
171 236
199 120
341 356
388 17
116 356
388 134
380 87
316 3
212 412
36 410
37 247
166 191
187 151
2 181
443 79
370 168
314 124
287 231
56 230
247 171
162 211
304 96
297 197
98 86
185 156
50 243
402 237
434 165
409 12
368 406
91 292
151 426
437 212
47 243
35 239
426 246
120 76
97 316
196 204
77 351
253 319
329 66
329 70
29 341
437 12
8 306
162 433
319 175
199 388
440 234
181 420
34 300
51 152
192 246
356 268
173 185
164 78
273 69
147 301
409 161
334 416
21 50
426 361
225 179
303 241
434 39
215 44
360 287
196 107
109 128
396 281
334 136
358 161
205 82
39 190
242 372
183 262
444 163
177 245
341 57
40 352
95 276
395 31
118 167
159 226
294 132
84 205
267 441
387 26
99 2
238 340
396 420
156 394
137 355
215 54
411 254
405 82
84 355
112 223
76 293
4 392
424 109
151 245
126 114
293 225
116 85
119 66
59 297
36 217
206 250
270 193
80 230
296 185
139 407
408 236
276 433
182 254
96 354
54 243
23 368
22 160
7 141
247 87
437 304
303 219
130 149
433 209
378 283
393 93
266 377
329 97
386 65
350 58
441 425
301 40
347 322
199 353
39 22
16 52
325 340
292 9
44 279
239 421
116 208
91 404
162 419
55 102
60 404
160 77
384 37
116 307
380 336
237 441
357 252
47 258
147 361
288 212
194 103
209 332
311 299
290 49
294 366
150 354
324 331
7 284
389 123
168 324
13 404
319 392
210 387
204 378
302 69
144 73
171 353
404 58
228 270
106 77
190 278
7 90
163 13
396 129
135 118
7 170
76 347
116 307
310 341
240 167
431 405
261 179
334 219
236 117
43 364
193 254
196 221
343 380
233 293
63 390
410 91
136 40
14 251
369 324
168 163
67 154
144 327
332 33
100 144
171 164
62 385
439 279
160 336
236 414
184 320
380 170
433 70
232 1
342 155
324 65
339 390
240 59
271 126
91 392
291 283
132 375
222 125
208 403
38 20
372 221
340 328
412 349
398 220
349 294
374 228
380 289
194 174
348 42
299 15
433 167
298 142
96 74
266 325
32 303
345 425
100 261
307 89
164 259
308 89
130 259
338 64
102 87
238 4
128 113
41 137
279 338
278 396
411 121
276 19
445 197
443 122
12 305
210 197
140 94
285 291
352 178
355 31
286 169
56 435
303 96
126 159
433 426
109 421
123 384
439 122
157 14
265 168
340 51
386 56
145 248
347 73
2 278
103 287
23 181
276 325
276 401
60 286
403 169
283 80
129 276
224 286
311 43
30 205
94 438
283 238
240 184
332 241
16 12
82 60
192 379
384 44
356 21
329 314
211 166
415 339
19 193
201 351
236 253
111 329
245 393
143 61
153 51
301 190
62 404
249 253
337 209
297 269
229 202
137 439
390 129
355 408
321 132
313 111
406 445
16 205
414 158
287 143
209 142
332 292
122 157
122 35
366 418
304 171
196 17
187 140
145 118
124 43
249 14
153 210
35 169
436 4
348 278
168 133
441 55
425 140
233 101
174 175
95 54
346 312
93 109
7 259
226 152
301 51
165 9
260 200
199 273
225 123
127 414
256 144
45 257
283 278
379 34
7 50
109 374
361 201
37 389
37 262
96 337
313 282
367 149
58 142
443 282
265 124
273 75
290 317
353 149
149 286
182 178
335 313
106 250
68 143
216 126
426 311
18 315
147 406
19 205
103 38
63 367
184 335
18 28
207 370
176 377
232 380
109 143
247 215
392 336
379 184
17 359
49 34
251 218
16 269
444 118
328 61
61 66
418 78
93 201
24 291
154 255
225 263
397 26
54 366
383 432
104 399
367 175
9 172
392 25
17 390
164 345
27 225
410 21
302 80
243 326
370 397
157 171
214 131
218 267
51 155
275 176
109 218
350 139
390 318
163 428
284 327
327 311
106 314
353 429
393 151
331 339
124 43
64 337
173 303
180 245
12 31
420 142
248 325
281 214
197 20
197 36
346 100
368 28
413 297
12 382
24 342
275 147
384 360
60 133
217 261
377 251
291 352
414 116
253 249
329 26
269 102
83 191
202 27
219 169
324 252
106 369
148 402
71 109
317 152
263 110
413 195
382 258
123 351
395 375
176 279
422 21
380 60
212 136
108 7
327 431
258 432
355 427
388 2
112 281
153 375
391 120
124 349
400 268
254 371
219 430
204 195
27 161
276 238
318 384
266 221
391 100
207 322
82 172
323 193
29 53
144 441
194 267
345 170
89 153
96 307
159 321
79 186
36 354
445 376
314 288
151 260
387 380
136 45
128 36
260 156
88 403
152 303
247 73
28 357
225 123
241 406
443 319
168 56
249 189
431 118
31 158
377 440
92 89
39 219
124 320
397 233
300 125
91 101
197 118
12 443
240 274
403 259
147 314
396 336
321 90
366 34
21 360
125 109
421 366
255 317
339 42
171 18
132 293
214 271
327 233
87 155
213 346
324 359
236 274
249 112
363 192
167 405
128 291
90 125
233 344
442 126
408 189
165 116
59 378
387 385
188 28
94 400
395 417
313 208
267 139
341 206
352 62
165 34
374 255
181 162
175 199
309 137
387 29
253 445
428 216
406 170
265 77
146 215
70 14
444 337
174 339
119 80
400 306
135 328
137 337
66 311
90 375
25 54
425 299
75 429
69 36
176 333
134 321
124 203
356 122
116 84
37 257
185 436
117 342
319 253
233 384
140 345
335 164
398 314
17 49
320 107
106 50
440 239
370 140
19 281
284 134
386 320
390 126
311 83
44 206
335 276
166 30
197 56
215 149
391 232
220 265
338 325
314 354
141 261
49 159
96 332
314 36
206 281
183 93
363 226
298 275
79 19
304 275
96 73
1 63
326 220
328 241
121 218
149 261
33 219
441 150
127 332
186 355
167 390
2 106
171 322
380 271
340 260
100 12
355 100
74 257
341 423
52 39
218 223
299 272
18 317
422 145
203 184
76 391
128 77
51 320
398 8
145 314
289 267
325 198
366 421
10 284
398 83
322 170
327 197
442 345
68 440
66 292
178 141
237 327
239 310
202 192
317 368
82 160
189 407
380 132
382 411
437 356
48 313
81 397
86 99
318 154
93 405
22 292
122 259
173 360
123 396
128 439
341 210
175 84
171 109
237 129
74 228
39 144
117 141
95 203
261 434
378 353
393 399
221 69
212 394
428 356
366 133
371 261
342 101
367 89
231 158
217 305
386 277
25 79
440 141
281 255
129 213
185 98
167 405
166 400
353 170
311 296
302 236
111 220
358 32
308 144
190 101
25 152
378 71
230 394
211 88
203 361
300 387
13 43
347 200
20 276
391 330
126 270
142 259
44 77
312 352
242 78
7 266
229 406
336 36
376 123
123 134
60 444
75 94
64 443
293 83
296 238
434 443
84 152
278 128
228 145
34 24
222 62
311 28
45 223
85 420
345 229
130 404
227 52
312 224
366 394
96 181
382 94
264 89
371 391
338 92
1 362
314 85
249 363
151 27
2 125
371 230
277 352
33 58
425 345
303 368
315 399
103 252
69 388
362 16
334 276
108 356
214 443
17 18
360 167
44 361
314 436
167 145
342 199
202 344
120 59
266 435
34 390
263 102
332 201
140 242
31 247
175 245
244 191
262 158
358 327
95 248
317 261
392 236
36 170
134 156
250 421
145 284
365 429
407 273
184 101
92 214
369 266
35 189
11 318
368 390
199 17
192 93
299 160
328 335
329 38
67 156
13 233
16 399
216 444
226 399
122 317
189 45
159 246
256 170
118 178
136 339
217 350
8 70
64 335
426 415
372 47
147 384
279 162
359 71
160 139
24 281
33 213
348 191
35 158
382 152
335 73
67 128
444 74
198 84
430 200
53 356
269 221
316 124
382 229
195 119
390 240
399 422
29 323
189 63
35 126
237 392
220 303
74 218
399 293
301 383
48 376
316 338
151 186
16 88
437 232
228 381
27 181
357 55
81 100
118 115
247 354
83 21
233 157
238 208
4 116
146 73
46 16
432 196
201 25
305 192
256 87
149 304
290 82
381 370
204 75
61 5
5 144
26 237
322 285
445 347
422 167
442 22
182 428
240 404
29 121
173 285
230 343
165 96
425 122
42 183
196 124
187 200
267 234
14 165
96 35
67 72
223 85
116 404
67 377
384 96
52 133
402 303
31 143
398 10
265 16
192 15
140 400
237 428
211 272
148 306
306 236
399 83
320 69
63 408
445 23
80 74
178 58
376 208
201 351
239 42
366 7
78 60
428 314
65 193
140 212
53 22
24 7
126 343
97 188
327 97
233 407
192 410
19 144
172 241
49 432
282 437
438 382
73 420
250 137
190 412
348 242
10 371
270 136
290 367
345 172
40 132
133 253
96 173
396 289
436 445
297 294
13 289
230 85
286 57
222 52
45 146
293 54
72 140
189 383
83 111
109 144
242 263
396 360
13 346
203 3
367 55
296 379
365 81
19 227
137 240
278 181
385 148
256 33
309 22
416 391
132 101
111 373
364 61
309 376
406 67
400 350
143 250
283 84
352 323
333 65
117 187
245 79
356 78
133 219
99 103
186 230
226 296
179 166
356 43
118 339
131 72
243 295
321 102
378 250
425 287
314 118
29 136
196 384
213 329
158 311
8 365
117 255
216 295
420 148
337 92
63 22
163 327
316 61
429 271
310 430
112 178
102 162
313 320
101 102
225 280
412 254
221 83
64 436
400 38
161 291
130 223
335 314
105 227
396 110
52 260
94 186
15 195
347 349
69 24
6 293
325 439
102 101
99 187
113 53
224 273
365 375
73 276
266 177
58 216
286 131
31 379
316 67
150 240
415 219
285 442
88 187
13 211
309 133
419 421
207 198
271 126
149 343
402 414
74 36
185 381
166 237
336 59
303 40
298 294
280 159
313 390
345 347
177 208
34 151
206 240
348 31
387 73
395 365
42 45
400 226
425 143
39 337
201 341
376 75
211 233
78 155
155 424
353 384
34 58
144 273
427 196
237 55
145 156
118 211
133 343
212 275
403 103
30 298
34 126
85 266
358 163
442 67
163 349
6 219
407 171
68 388
367 304
19 88
37 136
299 191
55 65
42 12
168 71
331 223
218 416
43 130
155 39
219 339
409 246
112 370
416 180
335 359
60 375
2 118
66 322
308 142
408 349
154 152
441 39
396 213
31 438
343 185
53 138
79 39
383 212
430 353
391 341
289 28
271 312
145 358
188 8
54 172
356 207
346 374
268 296
141 298
311 60
38 385
197 138
423 156
349 408
64 317
303 374
344 128
240 43
62 4
72 116
175 5
322 97
378 166
393 73
19 280
155 78
219 373
215 197
84 140
181 169
11 38
97 354
188 336
419 249
339 45
364 90
49 263
209 3
428 156
98 23
435 252
100 208
179 336
426 284
31 161
7 41
221 125
417 408
15 390
233 375
11 174
42 82
13 250
84 17
427 181
40 438
9 161
222 210
52 203
48 82
385 77
144 160
201 115
144 238
81 399
189 114
127 252
195 139
78 300
177 81
58 216
73 66
377 295
297 5
74 367
86 35
20 229
195 242
366 360
34 23
313 245
136 16
73 330
176 151
207 353
231 264
145 326
351 76
197 203
80 270
146 187
304 165
438 75
406 380
12 17
402 324
283 93
362 355
444 92
82 205
444 335
23 144
215 374
241 411
153 343
235 298
106 115
17 98
212 422
54 223
15 11
101 297
125 17
207 123
131 288
350 129
177 394
294 413
344 112
378 51
9 189
370 114
326 386
234 92
385 309
314 399
319 436
273 443
30 34
143 160
343 69
310 97
17 181
64 361
292 442
433 322
207 358
12 87
320 267
178 259
131 68
235 4
59 62
24 110
117 188
291 14
256 155
110 272
357 196
209 203
214 197
101 420
109 113
62 5
379 261
264 64
329 75
90 409
158 135
95 274
322 385
309 154
116 441
2 28
191 211
252 404
429 353
400 114
42 16
118 420
299 403
61 204
32 172
167 211
328 283
39 204
222 370
379 337
365 380
386 132
145 193
112 150
122 66
263 163
104 381
159 402
360 241
160 392
434 348
157 316
185 218
96 428
164 29
341 83
409 282
236 130
51 369
280 194
434 119
356 114
54 91
92 436
354 251
382 342
175 115
235 381
354 330
363 72
381 281
176 344
117 433
50 189
356 351
382 345
25 314
35 100
426 127
90 334
399 48
253 151
163 64
86 93
415 26
187 350
306 362
270 444
372 320
187 282
247 145
203 271
13 238
371 15
364 37
349 317
85 178
44 269
263 130
383 232
155 124
137 37
63 428
35 434
302 243
270 104
387 28
396 421
287 343
435 205
380 360
98 19
92 142
309 376
293 246
163 24
370 321
60 432
303 116
420 182
380 266
