400 256
230 382
226 216
285 82
332 54
242 377
114 385
320 32
161 344
377 235
332 198
90 343
179 187
355 290
248 394
383 199
1 212
181 178
380 17
259 263
70 100
239 135
37 110
166 197
53 94
31 384
292 72
278 22
258 232
264 58
225 198
208 177
9 340
354 340
356 213
203 377
312 393
111 300
103 276
96 155
322 78
91 165
149 368
186 359
152 1
368 328
198 175
105 159
67 58
98 22
270 252
351 134
245 61
33 347
289 81
53 210
110 95
326 211
15 111
121 166
64 88
45 261
214 149
19 232
159 69
206 380
320 156
65 116
216 50
14 56
130 19
217 191
113 142
1 127
205 121
244 268
160 289
128 326
389 99
157 147
119 362
127 390
69 191
106 237
240 71
292 321
89 61
112 202
202 64
280 358
137 124
225 248
12 305
173 400
355 282
99 73
243 225
14 264
15 119
100 207
142 391
127 230
51 190
383 205
254 215
162 342
338 339
189 301
195 314
252 149
195 350
173 389
174 186
252 141
257 351
299 398
294 25
179 296
167 114
100 20
328 214
313 265
104 101
165 298
14 368
46 208
318 170
149 43
355 400
183 211
351 81
160 244
58 339
91 224
52 191
195 379
356 107
195 11
159 311
308 173
278 305
332 195
74 80
190 380
80 372
191 382
5 350
177 62
240 267
237 243
9 383
221 316
89 367
326 247
277 185
371 107
41 255
253 114
334 42
94 365
366 236
298 370
185 26
383 377
293 171
219 253
153 392
169 193
358 46
39 187
231 362
245 271
216 97
337 101
91 382
18 56
217 315
377 353
293 311
329 185
81 100
389 233
91 157
25 400
155 15
186 385
328 30
207 95
79 95
196 121
76 165
176 292
31 104
197 323
14 125
59 94
224 48
278 266
156 254
266 310
220 3
246 148
385 5
194 63
99 341
135 175
105 310
18 136
365 214
10 378
291 69
23 66
68 252
332 223
105 149
85 276
151 282
375 135
286 169
149 385
109 283
111 214
192 80
301 108
294 262
85 136
282 59
201 349
310 84
124 366
232 208
194 383
89 168
117 375
336 218
311 45
100 373
210 244
52 62
351 297
323 388
32 205
46 185
105 308
268 228
273 52
387 18
386 76
186 102
2 73
319 264
69 371
236 278
214 239
291 164
136 166
151 119
