522 4749
239 478
336 397
426 44
430 80
256 261
471 489
416 118
359 381
253 520
267 352
11 48
165 426
5 482
267 152
168 108
132 407
403 467
99 306
510 6
204 61
266 152
367 499
270 204
357 340
201 101
510 211
488 152
454 493
451 16
462 96
123 71
502 4
15 418
127 342
423 330
221 506
482 65
483 47
86 317
204 286
236 191
315 201
160 246
511 88
262 450
2 202
338 321
23 170
217 490
330 117
297 28
441 74
432 401
460 518
13 142
99 66
150 413
85 310
477 73
397 34
341 398
53 156
197 76
326 413
383 133
347 497
500 83
389 409
301 326
222 132
285 321
197 435
29 281
222 323
172 436
356 330
312 227
485 326
120 106
34 502
56 198
476 33
281 342
260 59
486 481
190 248
279 205
500 126
303 17
448 292
453 100
99 60
326 62
385 263
507 236
242 41
433 13
413 9
355 150
408 136
109 415
201 205
97 179
330 218
195 256
509 465
173 86
2 498
487 386
238 471
439 297
511 168
309 402
176 481
369 401
434 477
294 113
160 208
291 489
425 303
40 412
246 212
315 247
5 279
451 60
227 185
356 34
352 483
253 6
259 99
224 171
54 517
283 31
203 391
337 105
511 377
334 52
406 126
117 411
222 45
288 449
229 122
300 399
422 30
222 158
128 445
328 521
440 428
29 460
296 366
382 103
38 194
154 443
137 270
149 177
132 437
443 179
376 220
55 275
249 276
250 194
198 396
193 455
301 39
392 415
404 252
517 259
263 488
180 217
236 146
393 367
60 313
23 253
350 77
345 416
170 73
88 368
468 98
118 64
136 510
296 358
57 108
94 319
74 91
13 309
55 224
493 454
354 334
185 182
228 7
75 398
419 502
61 364
417 178
246 371
505 19
206 39
467 117
357 18
26 188
144 420
229 454
351 60
265 13
59 493
360 474
368 256
453 246
438 166
241 161
14 224
519 37
262 281
153 437
298 518
442 259
415 148
191 244
25 455
74 84
243 433
35 88
507 305
151 422
470 392
400 301
93 214
337 172
495 308
426 88
303 345
347 14
310 355
75 153
287 148
54 8
399 88
435 383
210 404
100 498
273 499
276 183
8 431
354 320
216 258
408 518
420 50
349 26
404 423
178 508
389 231
333 265
136 246
465 163
467 382
138 217
176 232
399 183
140 48
503 355
123 206
168 21
255 335
386 476
235 41
461 101
89 272
183 224
335 465
204 279
324 160
313 499
391 7
500 348
54 298
520 517
503 505
355 53
317 218
346 370
76 284
288 164
373 289
205 3
231 408
281 373
45 411
167 253
417 144
78 471
441 415
465 239
398 115
109 10
332 454
379 407
34 145
48 406
433 252
409 481
477 507
331 522
396 498
252 290
459 330
56 196
40 338
434 437
452 361
447 261
292 121
485 325
83 10
27 515
79 435
292 34
237 100
373 110
415 102
218 352
249 273
25 289
429 276
21 176
114 467
255 224
406 217
366 488
45 392
481 463
122 68
496 177
167 164
286 400
266 503
229 332
72 71
98 318
164 119
493 96
403 225
319 286
260 502
252 304
190 28
244 129
95 36
305 79
199 409
478 282
207 2
92 278
412 189
413 54
125 384
149 6
426 285
109 163
82 360
284 89
205 6
218 299
381 340
196 397
226 491
157 433
311 248
6 200
254 419
71 379
98 219
202 341
321 310
504 221
488 83
309 170
428 4
287 286
344 482
161 387
268 135
297 56
382 303
256 453
17 326
309 114
363 328
454 501
456 253
199 421
336 508
408 59
329 512
345 490
289 323
355 35
457 129
90 134
249 163
64 265
307 191
378 147
518 128
465 269
198 142
507 351
467 393
410 273
382 50
241 489
372 73
1 124
19 430
257 268
411 320
10 195
510 206
159 324
151 101
70 348
60 55
517 4
265 222
277 464
271 335
430 460
225 248
61 243
496 135
510 384
272 338
56 78
361 32
401 511
472 288
154 10
160 488
353 424
187 447
184 275
259 431
212 483
157 90
204 130
224 9
331 496
164 386
51 2
235 269
330 184
374 302
11 12
85 364
253 272
288 436
24 25
163 54
325 319
143 6
266 185
355 74
498 518
277 366
338 511
112 485
512 485
82 1
314 167
182 45
256 469
298 279
311 460
150 114
74 293
459 339
477 109
230 452
445 324
113 260
312 224
40 120
4 122
120 318
106 301
180 361
65 477
457 376
233 85
489 306
377 243
463 149
352 170
418 274
494 8
351 101
49 390
220 52
329 157
187 434
275 366
272 340
139 25
11 371
109 317
154 303
37 434
451 206
422 164
479 211
171 307
311 37
515 349
88 321
323 93
233 416
276 322
51 414
346 61
80 272
195 52
52 231
485 320
437 384
483 211
72 471
518 201
507 510
367 413
126 507
505 358
400 76
498 450
490 139
328 387
411 522
438 280
49 401
78 303
80 378
513 492
327 326
510 129
131 354
19 257
338 341
432 34
235 407
483 202
364 107
406 70
106 322
349 494
18 426
274 97
100 83
406 244
408 393
372 357
224 209
91 380
367 522
231 79
225 191
98 406
115 504
475 221
303 301
10 138
23 284
52 462
366 458
183 69
328 372
425 370
58 515
45 243
333 275
139 375
283 237
76 398
36 28
436 156
146 445
293 168
24 344
447 207
279 107
276 425
479 178
90 354
511 134
74 139
408 213
331 508
267 406
383 302
251 114
275 396
37 45
382 400
206 306
85 303
231 360
205 187
355 294
18 161
245 432
117 470
462 265
455 206
488 134
325 216
247 77
430 101
461 107
501 144
230 403
446 460
58 468
124 412
57 482
391 301
391 325
248 148
68 521
353 373
132 495
407 196
389 314
115 327
238 93
288 467
313 212
405 370
497 346
259 32
305 467
332 513
270 398
138 155
396 308
5 345
280 411
18 146
20 132
290 75
42 56
20 354
267 424
201 241
247 278
90 370
40 422
360 127
297 498
281 510
101 104
332 381
332 349
344 170
299 112
244 158
167 263
512 251
504 8
309 47
103 399
234 143
116 71
269 412
386 368
217 487
289 26
163 438
192 506
85 308
435 147
466 79
227 455
147 209
280 456
73 383
332 306
343 447
194 429
154 398
92 370
180 380
213 160
114 404
143 16
190 396
162 133
474 389
405 99
415 502
372 305
362 521
428 522
445 99
429 416
314 338
81 493
14 293
470 127
514 431
142 521
304 471
73 510
171 402
151 360
184 330
358 429
330 98
5 54
513 137
391 411
447 222
521 395
348 513
303 490
511 84
89 278
156 76
448 145
295 76
504 296
224 158
202 371
255 24
424 64
160 110
474 85
332 473
479 497
281 77
464 87
160 370
364 133
263 108
95 35
1 77
148 224
234 349
72 306
373 313
369 350
423 139
252 50
429 208
24 187
102 306
91 79
153 455
212 416
380 306
268 380
200 416
82 251
242 493
35 432
284 221
78 2
177 329
391 423
355 414
427 456
15 518
13 168
268 224
401 125
347 146
504 25
379 403
93 99
374 467
348 135
166 425
476 160
50 344
61 404
235 487
337 250
300 349
235 45
390 453
169 215
76 491
57 455
371 149
371 222
94 14
174 77
257 127
54 306
470 114
187 1
419 1
68 14
168 302
59 35
50 45
67 125
13 463
397 384
90 63
423 1
417 75
417 151
19 470
274 489
402 460
489 298
278 374
129 445
153 187
298 20
232 182
144 62
123 359
263 30
239 164
370 133
56 264
101 74
211 374
40 90
129 346
205 407
15 334
147 167
338 444
186 387
104 148
449 44
324 189
73 380
170 442
331 225
1 431
299 211
101 156
119 229
320 141
113 334
474 260
319 108
521 322
494 442
287 420
303 428
427 375
104 74
112 434
117 112
160 233
141 260
206 259
307 343
217 419
495 169
496 291
94 313
430 65
232 13
303 353
258 207
23 361
98 135
272 32
64 432
264 22
509 470
98 293
290 315
8 262
301 503
370 394
111 96
458 161
108 56
513 183
262 13
22 178
487 293
209 29
20 291
390 7
56 488
117 163
280 124
243 398
445 90
269 33
3 22
193 450
78 1
111 157
14 132
152 500
242 361
346 80
469 214
86 2
519 20
164 94
144 406
491 406
314 55
438 316
76 449
244 153
267 172
128 280
303 279
76 362
457 421
441 403
452 344
404 266
364 46
359 325
269 145
208 60
199 463
376 275
207 437
245 474
86 372
49 206
469 124
385 403
363 304
284 110
465 505
376 306
368 30
448 115
175 473
174 373
414 367
465 438
281 6
389 184
377 438
207 323
379 70
204 219
191 305
147 133
287 522
257 133
369 182
65 21
133 238
212 364
83 494
279 181
499 486
183 354
401 389
494 75
458 515
112 126
115 258
77 402
257 333
352 103
514 416
464 471
493 305
371 464
402 30
441 365
212 90
61 418
401 135
172 212
246 115
326 503
191 23
55 1
374 498
333 85
439 274
34 227
397 404
168 276
251 426
118 280
333 178
176 212
130 165
423 376
279 226
356 470
67 229
288 258
204 98
343 460
190 194
164 64
415 149
339 144
53 274
241 203
269 416
414 398
58 132
251 155
176 425
442 242
131 25
499 334
463 137
89 130
330 252
11 41
218 167
184 88
440 424
291 186
136 522
61 11
132 130
505 125
32 424
184 502
449 500
313 389
115 219
336 262
470 346
302 505
512 303
71 429
205 361
432 158
360 310
168 309
439 151
433 470
392 434
449 136
412 57
2 4
275 337
83 40
500 385
363 489
505 433
213 187
271 462
162 448
250 148
235 166
116 485
454 507
397 198
121 286
255 462
107 347
95 7
205 72
209 45
379 192
295 409
196 43
349 358
490 76
505 20
59 98
505 512
422 197
188 20
300 260
300 406
424 212
230 446
283 439
308 479
108 80
366 303
462 10
138 430
85 460
267 483
35 67
473 457
263 478
294 40
215 411
263 116
100 493
40 201
409 347
157 516
427 340
114 366
349 252
91 251
189 176
212 42
242 162
316 323
117 87
362 149
498 443
264 415
413 121
93 117
286 250
450 8
407 41
191 234
292 100
302 299
275 513
340 334
492 133
134 426
37 314
52 352
234 134
245 464
72 337
58 357
404 507
182 289
25 373
340 135
290 119
433 42
110 68
193 419
200 145
323 54
458 192
406 169
143 128
450 215
282 507
389 164
491 49
270 333
239 87
467 6
23 195
387 472
262 57
369 279
201 509
333 476
178 34
122 321
501 49
353 260
373 219
241 159
85 328
492 323
232 436
328 255
449 192
22 188
67 390
285 85
194 435
39 190
468 500
328 446
367 158
1 217
376 60
376 461
387 163
79 97
416 407
169 342
416 190
348 300
398 110
385 69
22 241
258 307
218 63
48 62
38 388
97 232
447 290
510 130
452 66
44 345
290 212
505 184
219 330
301 94
257 503
503 278
221 238
402 439
119 267
318 156
132 232
205 397
521 192
4 268
258 387
431 25
76 413
26 112
220 327
206 476
307 186
49 6
241 268
262 177
12 397
151 483
107 355
357 445
25 178
191 282
42 99
306 457
329 150
47 26
476 70
319 78
255 185
423 313
452 162
490 281
377 118
241 483
472 416
223 496
71 231
255 453
147 379
387 475
6 251
318 299
320 114
376 392
116 277
183 385
256 150
143 450
267 202
228 34
95 451
8 505
159 262
435 306
458 118
258 463
368 54
57 506
507 433
375 441
5 35
303 78
2 264
6 86
465 233
120 377
501 127
359 138
206 272
261 142
389 336
422 234
207 479
35 192
207 410
450 29
262 230
106 264
311 451
349 71
502 286
447 480
412 284
435 436
33 173
55 239
509 294
290 193
68 325
202 274
212 129
302 473
177 226
32 305
494 199
376 473
484 300
431 192
61 161
105 433
152 159
489 138
270 257
148 338
59 168
429 88
114 27
378 108
70 410
413 41
426 266
514 387
383 240
56 262
400 160
512 29
136 479
506 224
213 472
379 271
117 285
176 230
129 31
338 198
440 46
239 161
311 48
26 511
287 421
250 504
399 240
351 352
196 152
53 226
101 431
314 217
12 489
265 480
519 80
156 255
125 212
415 253
259 258
59 363
157 309
162 373
366 512
202 379
482 73
82 60
321 395
95 150
179 359
108 175
256 81
429 198
292 140
268 368
397 326
208 371
112 187
221 295
517 241
151 476
313 50
13 451
262 447
79 440
283 186
93 356
266 339
31 375
478 298
220 171
102 245
359 31
431 58
326 425
116 294
196 246
162 209
174 423
133 252
341 234
255 251
67 338
407 98
190 181
213 227
351 132
289 187
163 198
62 306
440 177
417 114
240 56
140 414
479 90
483 115
141 216
183 208
31 67
123 221
247 335
265 75
467 32
80 447
47 141
48 486
136 464
417 375
338 374
84 294
282 45
226 422
260 408
107 108
474 47
328 17
200 411
431 484
442 510
408 488
469 455
269 422
214 504
92 29
355 176
140 114
38 365
14 115
68 460
222 360
325 368
376 2
256 102
485 175
90 370
140 376
120 408
93 151
207 184
180 40
177 137
493 214
320 324
146 387
262 368
42 64
213 235
405 468
337 367
460 244
32 417
97 151
120 189
119 327
190 298
366 185
435 336
398 232
478 362
436 35
207 478
98 419
190 502
182 4
164 459
65 195
353 161
163 472
167 281
276 175
57 459
359 309
273 52
358 46
413 271
80 437
44 517
151 234
496 332
55 477
268 460
149 438
98 311
388 83
69 141
75 465
78 251
69 168
302 426
213 11
515 292
447 36
286 76
87 77
225 482
371 311
419 519
226 334
125 91
234 193
50 308
476 127
36 22
112 156
266 142
506 258
251 430
293 14
323 198
430 26
157 278
154 393
92 379
204 216
288 438
226 337
41 179
281 417
19 210
390 284
351 373
19 79
98 129
432 421
144 339
264 300
434 417
510 3
91 192
218 378
447 261
10 487
440 108
381 276
317 248
37 145
438 395
223 14
341 132
434 485
288 515
80 199
227 68
19 135
259 54
331 183
315 340
487 50
448 164
325 242
229 179
205 145
51 427
158 209
377 409
171 142
219 251
159 445
136 517
397 394
49 205
394 181
23 176
48 288
339 190
7 46
368 29
8 236
456 505
444 128
209 433
269 427
501 245
167 114
240 41
507 106
246 196
104 86
371 491
373 6
158 197
391 3
226 398
56 499
380 317
104 406
227 190
310 205
435 294
318 492
152 120
415 215
315 336
300 504
304 490
327 461
505 195
281 208
70 336
2 267
130 105
490 175
294 95
379 24
388 175
333 357
294 43
50 427
378 167
226 159
135 30
437 117
224 195
142 111
348 143
195 296
65 162
470 176
256 326
18 461
318 350
295 430
393 162
152 248
329 377
225 463
224 139
397 265
152 356
193 499
316 205
272 380
184 219
373 257
363 390
195 158
218 307
405 88
469 34
153 275
228 377
33 451
334 247
11 485
80 203
461 395
407 29
70 68
65 442
324 427
310 336
403 345
121 103
250 407
137 402
499 364
75 349
111 408
73 121
188 152
142 126
364 26
494 251
434 37
170 53
281 297
207 501
119 145
82 368
29 36
66 5
399 140
171 327
365 243
448 30
212 67
495 393
432 467
121 161
321 108
214 419
405 420
216 341
42 115
187 410
150 252
232 366
209 402
171 51
462 436
80 151
320 392
21 47
154 481
208 474
66 239
189 288
476 404
107 335
518 293
40 485
362 271
328 388
490 316
438 429
229 335
397 366
22 235
413 176
193 438
127 258
494 133
24 447
14 130
77 349
240 116
311 419
386 457
284 171
250 17
77 297
169 473
140 190
185 370
365 195
103 310
452 74
442 293
520 274
240 74
100 297
7 229
11 392
503 112
380 230
128 456
344 114
224 302
122 226
149 304
420 70
91 168
143 351
460 141
442 518
32 359
292 39
65 303
248 45
232 106
93 360
379 436
291 421
33 412
124 522
194 22
69 102
189 211
270 466
169 189
461 201
26 49
57 430
169 122
293 400
45 385
55 424
116 164
322 489
53 263
488 64
284 34
506 290
62 71
52 231
260 512
249 103
378 123
10 24
244 302
242 289
504 114
8 438
277 147
404 330
409 187
211 511
38 12
96 99
83 147
147 160
477 395
262 332
335 271
174 57
391 233
163 190
346 170
445 101
134 326
248 360
330 458
166 367
288 262
284 370
226 430
7 180
121 268
330 455
356 503
329 42
213 491
50 36
478 494
136 89
116 383
267 445
137 432
108 424
171 391
89 397
298 95
394 236
180 201
509 353
521 315
395 211
284 262
65 239
233 18
146 348
219 412
89 173
321 196
414 310
64 502
2 179
414 395
233 411
414 219
241 412
11 453
441 112
192 505
169 243
340 314
68 36
21 496
26 159
169 439
468 50
236 287
47 127
160 279
15 51
497 74
280 325
4 198
437 14
180 83
256 338
214 141
191 234
115 217
392 101
473 156
151 187
442 197
313 419
293 146
287 267
37 45
409 40
242 323
393 240
223 466
55 436
85 63
147 17
279 357
117 230
330 85
416 67
99 24
304 391
509 68
475 23
112 362
403 172
502 91
411 203
35 283
116 459
345 81
475 442
255 409
489 62
494 200
468 410
223 249
279 28
317 231
50 246
410 270
235 390
361 123
70 395
223 3
331 46
83 101
305 337
509 271
216 298
470 502
186 510
228 282
15 362
512 405
426 218
152 138
425 512
79 494
202 119
496 350
164 397
450 286
29 255
34 63
370 503
42 33
491 87
314 505
267 122
205 510
157 357
465 59
164 361
370 366
480 161
11 461
35 279
225 404
11 258
466 380
57 325
231 25
411 362
347 495
301 30
300 457
204 243
515 367
81 180
28 38
341 39
499 375
317 19
256 145
276 17
2 332
341 50
174 48
230 521
20 8
368 320
283 49
380 93
415 278
273 261
316 91
299 110
465 433
128 17
55 221
33 396
371 374
446 22
239 153
360 258
500 23
395 260
71 70
353 304
348 103
42 481
11 158
68 293
68 13
309 462
51 160
335 421
11 76
261 67
46 438
324 24
461 15
283 349
424 453
470 249
373 329
207 383
486 92
154 371
104 280
310 155
439 463
393 267
16 131
333 62
47 475
85 325
489 185
491 208
116 439
457 306
245 141
167 27
51 138
215 154
417 343
126 334
283 519
418 298
127 229
359 513
181 261
133 487
446 102
172 379
358 446
162 80
405 146
446 455
101 479
426 518
299 30
147 59
26 42
174 492
88 11
301 86
271 433
50 12
352 40
390 187
485 370
85 367
333 348
117 434
304 21
247 420
50 211
296 415
70 470
202 158
298 320
243 386
231 111
398 400
150 83
65 452
452 489
115 81
314 231
514 436
69 238
333 118
448 107
350 517
394 30
492 169
349 213
32 397
141 247
93 108
330 497
377 77
463 491
497 72
18 488
507 86
21 136
22 286
60 189
99 453
218 68
99 385
98 470
77 238
13 169
163 160
143 18
54 423
326 29
495 343
516 297
247 355
432 86
118 491
274 34
421 310
102 337
172 199
103 66
255 115
53 417
92 13
252 145
436 56
173 226
216 507
522 462
339 432
25 274
218 299
308 457
86 227
271 75
243 191
480 315
123 10
28 214
23 279
359 458
334 349
161 28
333 500
307 489
409 332
59 445
448 184
379 351
410 467
243 130
136 200
445 76
210 472
290 232
46 466
507 380
292 485
225 103
462 9
409 167
158 467
89 83
128 467
251 355
229 493
303 182
171 43
258 198
332 25
247 377
308 231
52 77
193 276
519 472
103 406
116 78
168 204
501 114
488 229
468 195
200 248
376 188
290 451
385 99
475 109
294 78
157 345
155 167
439 151
116 19
34 50
436 202
253 414
315 37
121 78
49 138
144 242
143 251
171 5
168 463
453 461
19 427
283 173
71 17
323 4
375 175
53 289
194 124
180 326
160 118
403 208
255 364
449 215
93 437
37 260
378 489
16 396
211 298
46 281
133 186
285 507
178 337
273 371
460 271
174 437
388 395
462 461
236 207
153 146
121 8
405 498
496 420
189 3
14 52
283 146
238 385
470 233
18 39
82 295
309 73
210 514
285 489
270 339
173 241
484 112
248 185
427 39
82 94
41 435
145 324
398 200
4 346
433 21
384 332
316 510
222 343
501 507
309 249
323 300
489 102
229 214
286 133
70 186
226 111
98 189
434 496
206 255
319 456
276 520
265 409
507 305
229 303
289 355
369 429
472 153
8 178
184 112
129 254
297 172
364 394
178 93
185 384
347 503
317 100
318 400
326 120
182 372
423 288
23 269
194 494
422 19
490 423
470 96
154 244
85 517
456 263
87 118
124 434
439 258
351 234
135 495
354 134
344 72
421 366
158 432
156 397
269 123
298 216
36 451
278 120
446 211
382 350
328 323
79 244
59 248
296 11
220 127
485 41
16 201
225 173
451 380
48 197
320 345
230 173
273 325
292 14
13 492
364 159
110 442
220 168
167 515
519 204
459 299
245 474
499 287
125 427
144 512
441 463
334 489
113 424
291 222
438 122
9 279
280 119
16 317
104 1
310 440
204 64
216 266
16 11
30 480
437 513
469 174
271 98
140 383
521 248
423 254
369 431
350 466
367 366
261 471
184 388
206 205
451 422
471 466
432 318
241 164
309 5
337 57
102 294
258 441
20 498
172 206
224 522
150 69
183 228
357 366
93 40
48 21
461 336
305 188
132 23
352 258
28 506
132 469
96 389
387 455
182 37
138 406
36 105
474 218
150 126
401 242
165 266
81 444
80 385
109 211
225 278
286 70
80 417
17 515
102 403
447 283
257 402
166 292
507 457
327 474
60 23
194 43
289 92
486 368
476 412
396 518
508 159
66 405
393 422
397 494
302 321
73 377
18 56
486 342
513 291
294 390
131 487
250 419
396 31
82 349
443 295
162 246
453 227
128 142
466 2
453 246
140 3
440 157
59 403
499 389
511 88
74 120
52 324
356 447
354 438
91 92
210 70
337 481
115 282
440 58
283 370
121 240
373 38
215 431
441 9
115 429
96 188
26 487
511 200
229 161
115 319
252 142
388 67
440 502
348 357
378 449
205 498
506 55
14 198
303 454
206 417
360 301
422 204
83 411
403 311
49 335
447 118
476 313
2 394
110 168
228 487
94 250
281 417
304 294
93 424
43 116
136 402
235 36
423 317
264 121
106 130
455 30
247 227
160 249
438 88
416 143
392 327
393 150
221 514
261 131
234 303
247 369
1 481
404 423
93 145
362 16
274 112
46 339
338 23
65 253
110 298
214 320
102 424
287 322
233 26
453 466
328 517
313 328
293 12
47 385
157 226
401 248
337 264
64 153
286 468
223 214
243 254
351 344
495 115
484 206
140 232
489 286
44 97
91 336
109 477
16 83
180 416
330 517
497 212
487 79
157 5
292 218
259 120
379 231
234 158
254 192
207 221
477 250
317 385
63 243
158 79
325 337
312 473
149 105
162 453
183 136
458 474
171 12
411 28
60 462
185 132
131 392
352 85
459 486
288 522
207 445
418 349
77 25
299 44
129 278
496 311
232 249
80 402
78 490
247 478
430 250
87 38
459 256
463 395
37 46
394 243
490 107
410 384
472 186
427 78
282 219
207 513
285 286
210 363
254 457
136 501
184 222
356 120
477 114
514 513
159 204
52 466
128 461
328 77
464 50
495 41
268 179
31 464
59 211
195 333
346 513
516 385
347 453
157 460
262 147
437 283
16 380
229 294
185 305
236 235
277 94
320 455
125 168
215 1
196 227
333 19
218 144
221 42
414 377
319 493
342 233
254 357
91 300
129 93
82 182
145 177
275 465
449 217
110 141
35 306
368 367
142 63
510 181
444 219
35 58
190 376
291 443
29 199
220 497
291 119
496 436
113 66
196 40
283 123
520 317
246 365
502 206
245 307
386 506
4 238
42 193
432 150
453 460
348 490
434 116
426 225
369 17
290 42
396 50
165 393
185 410
54 504
93 116
288 296
100 291
12 481
301 443
108 49
380 455
16 109
48 260
333 417
276 440
276 489
308 440
359 492
146 230
291 56
346 56
352 263
165 363
221 283
101 328
332 480
260 165
406 125
424 34
359 517
473 113
483 76
370 138
45 333
367 153
389 8
209 36
270 191
398 490
473 316
113 282
91 190
447 496
133 348
347 491
343 115
421 121
191 87
258 53
419 443
206 285
450 232
138 198
422 353
505 372
146 436
132 236
103 56
27 235
221 373
22 381
306 442
320 496
6 395
366 243
315 49
345 61
280 483
76 179
313 58
369 459
493 500
172 414
373 199
126 411
389 487
88 172
407 485
230 279
329 290
72 195
113 132
293 73
25 289
203 82
135 139
393 452
129 102
302 145
227 9
11 10
96 1
416 502
485 463
258 109
231 147
122 161
96 414
233 120
520 435
20 133
392 412
62 520
331 182
482 375
190 492
384 285
492 277
82 273
36 339
199 84
304 320
244 399
29 476
337 27
206 356
159 415
63 38
230 393
37 189
245 226
499 107
328 286
201 409
36 54
44 235
137 165
372 380
41 401
151 195
427 175
28 403
67 90
258 115
300 295
121 23
338 97
469 144
383 147
370 236
201 231
288 337
395 138
13 254
16 163
448 260
155 476
140 40
383 397
154 161
509 274
1 325
189 469
286 389
93 133
102 111
182 390
266 54
5 278
307 360
258 51
97 413
4 54
452 204
268 423
364 255
514 364
397 180
310 160
386 221
110 488
149 291
355 414
163 177
509 287
354 245
337 268
475 158
139 222
362 406
122 203
478 453
385 352
451 512
329 314
28 257
279 177
365 451
68 5
445 55
292 94
117 106
361 69
264 317
290 443
201 229
463 496
499 325
144 427
133 472
37 160
24 133
336 389
62 404
393 324
276 502
236 392
426 74
278 507
391 385
427 409
431 367
382 407
510 343
130 120
293 166
279 316
298 93
522 177
314 393
319 407
190 32
276 93
445 31
77 131
233 321
17 141
166 217
25 493
37 154
90 147
137 186
281 435
96 280
429 409
490 225
293 158
256 386
68 519
234 485
127 466
283 484
84 266
518 449
236 372
80 143
519 217
329 95
469 424
192 375
129 500
418 239
475 151
103 20
147 154
322 92
98 83
53 521
166 48
447 220
419 345
362 233
379 508
145 325
228 337
517 356
132 412
72 84
381 514
443 345
146 243
436 243
143 306
241 308
353 506
5 68
328 185
300 184
510 263
326 215
417 320
48 26
28 120
449 408
451 369
230 74
89 484
134 231
267 375
357 438
176 179
505 503
363 100
164 351
362 307
383 256
104 431
99 131
368 25
356 296
394 404
370 300
365 503
349 449
173 183
364 166
361 346
146 20
264 127
188 103
433 48
177 355
478 275
485 141
300 137
437 511
18 102
288 200
422 114
126 413
296 490
56 475
131 20
494 394
146 159
315 397
206 491
229 502
243 9
120 360
145 374
348 502
475 114
179 193
45 305
423 159
90 296
111 38
315 82
432 279
240 42
153 263
10 199
242 70
207 362
248 170
213 73
149 506
4 328
176 49
450 416
207 17
189 317
54 504
216 303
260 455
162 230
195 511
428 437
59 452
94 124
99 306
196 66
289 200
211 282
66 138
175 90
494 364
406 365
163 99
146 240
371 125
469 383
114 374
115 512
121 208
113 38
332 126
103 98
325 313
198 208
268 190
297 239
371 520
81 11
436 44
250 102
169 14
485 282
387 77
89 326
103 201
363 434
326 283
349 469
73 24
494 158
214 269
396 62
84 294
413 520
338 480
99 324
494 61
423 176
478 511
501 398
7 341
309 332
101 135
96 513
499 68
148 8
154 361
409 237
133 299
234 288
257 151
89 46
29 511
221 324
317 200
199 323
358 507
472 277
460 46
267 254
453 233
261 84
411 487
138 21
82 372
308 338
340 214
383 368
20 421
170 336
98 368
476 274
171 426
28 448
289 112
519 219
344 75
120 233
39 257
71 120
446 197
275 81
228 475
449 248
374 436
61 289
99 355
40 87
258 67
352 24
179 348
60 340
422 519
390 461
71 461
398 335
475 151
415 180
103 341
427 294
72 306
61 171
138 100
257 213
507 87
54 163
252 113
320 152
449 188
430 519
466 305
331 418
273 224
415 194
382 138
487 272
443 365
442 398
283 516
88 267
420 141
247 150
71 44
119 519
49 366
333 514
488 482
227 239
1 460
432 200
75 214
471 335
397 208
210 157
202 115
423 439
73 147
406 483
8 342
297 57
185 107
48 491
66 93
207 66
30 456
266 104
487 214
256 361
240 283
517 259
397 235
175 287
381 399
247 207
218 21
263 221
467 128
189 11
38 213
416 67
486 159
510 450
191 243
289 430
343 101
506 217
336 158
321 12
374 45
218 410
405 298
108 350
426 114
178 463
144 71
348 107
48 153
34 238
396 140
485 34
59 468
69 212
443 389
223 113
252 259
522 134
34 447
301 277
378 478
218 521
367 43
105 414
195 478
469 408
436 249
260 494
12 328
183 454
194 223
384 445
481 383
397 333
307 515
87 162
471 304
500 315
164 82
24 177
378 492
402 291
218 139
262 229
466 262
500 478
302 362
218 79
222 92
411 347
425 497
326 373
97 304
505 78
203 6
72 58
315 474
348 10
430 427
56 192
506 33
147 286
212 182
364 434
274 70
76 176
384 219
366 480
340 166
376 21
511 447
418 303
216 62
130 124
306 185
133 290
217 97
393 429
278 52
158 369
461 51
362 322
269 23
280 87
188 133
447 516
397 342
296 91
221 425
32 5
87 164
112 122
260 322
28 15
191 3
384 129
53 41
450 139
64 25
43 251
497 489
245 372
127 358
462 347
79 493
351 505
474 462
104 29
79 471
43 269
473 244
397 343
285 325
482 166
167 342
416 142
309 478
513 253
132 270
77 28
58 246
10 9
3 454
37 82
402 419
350 171
481 225
331 61
367 290
226 11
110 459
152 236
233 482
488 182
47 382
209 104
105 218
452 108
149 306
189 369
21 16
17 319
58 165
379 424
455 422
253 382
176 222
435 226
522 218
407 46
77 93
490 182
129 237
107 95
21 295
281 381
128 115
177 4
280 373
245 212
272 497
411 265
197 141
491 196
358 375
59 434
286 26
93 414
263 17
326 101
311 85
481 257
199 135
78 478
507 322
507 74
297 213
338 311
353 306
324 188
499 382
100 262
226 10
493 306
27 296
406 155
198 182
229 397
316 306
170 118
446 155
9 38
185 164
348 16
288 149
21 264
348 460
3 51
288 313
356 132
86 57
286 102
238 333
316 371
456 485
306 379
457 314
416 120
478 59
475 243
25 495
324 191
251 326
241 16
456 415
147 359
289 250
460 5
60 253
375 334
34 159
8 490
290 242
427 63
300 197
123 143
170 446
333 238
67 391
253 522
101 399
359 390
126 296
394 4
367 64
337 400
40 162
367 330
403 90
210 521
286 333
141 273
256 291
510 141
499 240
140 78
116 498
467 60
90 156
63 456
219 399
333 259
378 517
406 259
424 93
257 188
425 215
460 499
323 266
117 299
505 256
376 439
50 138
498 479
293 38
230 330
254 380
66 109
374 289
185 94
381 259
281 102
291 36
418 91
301 12
390 284
85 61
18 474
17 515
430 309
370 137
116 101
516 521
27 186
105 212
279 486
288 377
405 57
412 300
147 9
129 354
110 213
415 127
165 249
119 412
35 306
367 491
224 178
307 250
181 412
279 277
193 45
131 75
101 361
374 65
369 320
419 478
10 129
422 514
377 358
404 229
141 66
197 364
243 504
431 424
211 188
178 403
50 127
477 490
487 146
32 151
465 450
446 292
396 345
284 250
180 505
479 138
48 493
501 108
292 409
9 502
414 5
200 281
131 154
248 435
117 98
63 399
365 326
509 239
148 88
306 145
70 80
282 457
51 78
42 160
304 391
140 14
395 339
294 343
311 360
255 245
457 135
462 117
460 448
355 425
13 139
387 422
218 486
356 86
41 215
246 162
83 203
515 295
359 105
115 487
464 369
210 216
321 489
332 258
414 505
500 244
461 364
483 496
327 316
60 185
348 123
165 431
143 157
203 501
261 318
466 20
504 493
53 303
459 203
378 168
3 356
229 463
15 189
436 160
322 313
344 147
253 326
55 395
483 76
374 39
211 135
399 192
445 269
312 381
289 168
366 291
341 72
231 355
78 485
514 399
275 154
23 346
479 418
218 257
493 409
114 181
21 330
190 465
416 320
141 183
487 324
473 123
395 522
477 290
302 287
166 394
258 189
217 214
424 435
289 394
139 402
392 160
27 399
442 196
401 102
500 202
393 100
415 210
395 182
511 499
348 382
234 354
77 447
255 329
31 466
467 250
335 444
276 211
182 196
225 60
115 202
261 325
302 493
12 514
153 522
490 318
200 201
149 94
465 403
240 496
346 2
223 498
446 499
4 445
512 228
504 444
248 60
247 367
31 76
358 1
416 143
318 93
343 466
4 285
164 243
76 327
244 299
120 507
93 463
429 422
509 228
343 234
288 407
418 136
483 253
136 194
213 271
286 33
32 107
135 13
349 211
157 410
509 276
213 419
216 119
318 202
347 478
253 452
181 148
65 481
218 18
152 430
288 437
280 137
21 415
149 187
103 305
414 429
398 104
143 91
41 278
111 387
233 181
316 413
147 198
189 364
33 340
90 138
254 369
274 92
261 422
96 181
22 328
427 419
431 47
327 471
324 255
153 375
436 286
83 60
483 272
241 333
89 330
470 161
177 221
70 255
460 506
436 481
311 158
195 37
205 522
508 346
254 478
16 507
242 99
44 20
188 103
353 94
432 300
254 426
339 142
159 276
125 72
53 435
229 247
471 251
246 274
415 318
48 430
302 289
346 164
126 11
266 478
445 515
74 176
419 230
317 55
505 259
466 375
511 512
100 278
59 163
369 473
480 416
198 78
182 22
241 308
372 324
81 294
316 494
288 212
201 422
84 184
159 27
376 147
357 475
242 415
456 89
365 231
504 380
308 504
401 26
107 69
167 187
362 483
159 127
512 359
367 74
360 3
440 214
489 274
506 209
506 257
115 166
488 96
24 273
417 424
117 1
310 283
6 150
61 164
94 51
340 460
464 518
280 381
27 247
473 350
273 456
85 387
100 50
300 463
322 195
182 256
13 492
17 18
119 77
521 30
467 339
308 226
152 65
85 518
129 375
345 219
126 247
423 43
296 201
505 436
213 165
169 225
474 185
61 410
80 59
439 364
215 42
68 184
107 492
179 53
162 2
272 287
248 512
148 362
8 470
275 38
452 443
263 403
446 141
290 343
199 25
2 414
66 69
75 512
378 72
43 17
413 132
122 478
121 269
317 469
216 69
506 146
330 64
366 71
204 134
231 403
158 232
112 223
119 4
213 496
75 73
331 305
204 452
261 142
198 55
428 231
464 412
194 89
475 38
159 157
171 207
377 146
438 306
368 374
309 398
166 202
470 496
506 491
425 244
451 440
117 356
148 58
245 160
146 16
197 122
172 185
328 366
330 61
149 515
435 275
391 78
294 156
391 96
465 293
157 393
210 273
226 175
330 289
152 293
304 166
414 293
168 37
136 315
98 102
308 350
194 516
245 488
489 113
61 431
223 35
301 250
308 345
424 455
451 394
226 232
37 457
342 205
494 295
519 409
396 122
236 407
455 298
372 422
410 250
330 110
285 109
359 410
271 78
342 199
471 385
248 326
138 67
8 449
179 344
335 392
284 388
276 216
163 126
115 50
193 445
499 477
31 153
364 119
230 2
317 519
204 42
322 341
448 147
267 104
308 419
495 69
284 66
285 446
191 399
313 202
321 107
156 169
259 338
287 489
157 421
485 360
462 102
519 205
66 81
308 373
500 98
442 79
164 22
343 172
420 473
373 37
58 347
23 316
502 128
282 136
26 62
313 306
503 127
510 46
26 296
419 343
211 156
421 374
177 59
364 414
10 214
268 67
38 291
382 17
236 482
492 261
21 101
384 342
45 372
387 70
485 101
412 173
74 129
365 250
187 206
482 196
419 227
262 275
335 462
109 48
421 419
127 259
519 510
78 381
359 465
451 139
383 158
312 457
286 494
2 291
177 483
486 413
6 44
165 340
505 92
206 221
510 332
479 324
137 35
182 314
317 450
452 177
86 59
111 189
30 113
479 24
413 261
437 418
304 419
236 104
510 259
324 315
408 98
116 22
132 116
335 266
383 83
443 468
141 371
135 511
301 431
12 10
169 448
427 290
163 480
211 490
216 352
283 101
450 216
463 399
149 275
143 10
357 403
477 316
69 429
304 370
156 315
197 324
59 101
432 39
399 120
6 432
472 106
351 399
322 291
275 288
383 235
297 36
115 70
351 184
316 472
371 471
82 45
91 140
485 522
518 179
459 2
89 408
447 439
102 246
25 195
352 407
429 126
442 362
195 88
23 511
37 211
277 119
73 185
76 375
184 72
32 461
413 120
346 155
376 448
219 400
460 48
102 366
173 22
205 186
449 45
514 304
73 268
240 145
453 315
520 454
204 369
392 434
488 34
67 159
299 285
36 236
332 137
419 322
498 442
507 243
304 498
24 377
62 263
339 332
395 154
263 417
522 473
146 305
324 212
463 100
314 498
335 463
453 231
263 246
490 65
488 272
41 329
126 102
69 282
251 282
436 331
176 253
281 321
36 422
351 498
521 482
292 151
423 40
200 503
285 167
45 69
438 85
397 381
4 466
141 254
225 394
63 218
124 161
356 159
61 184
475 399
144 62
28 384
101 227
364 385
211 408
453 127
311 328
507 314
89 465
386 131
336 266
166 460
244 521
436 122
1 388
521 144
449 366
345 367
410 186
230 98
71 500
224 381
123 27
513 211
309 376
159 123
459 324
400 180
323 313
120 323
519 118
284 263
301 106
108 188
109 155
285 179
132 327
378 255
171 368
283 479
39 442
419 497
61 296
494 201
87 91
341 423
26 102
163 326
25 270
513 133
424 94
130 374
420 507
446 68
352 206
364 208
465 261
182 344
374 493
22 278
62 363
178 87
282 159
231 307
428 221
257 148
314 386
339 29
370 262
436 199
285 278
224 46
356 405
389 207
376 228
485 255
68 480
159 350
116 389
474 22
428 208
509 37
72 143
66 441
404 319
458 506
74 159
29 247
382 235
454 53
463 234
307 8
191 465
175 307
150 126
146 55
334 472
431 405
92 314
141 313
111 76
296 2
235 143
249 94
377 520
486 135
49 270
483 239
30 135
363 179
261 326
51 412
93 482
294 184
273 434
314 383
328 428
385 380
48 451
291 242
266 254
195 314
1 155
370 30
289 211
27 367
354 77
256 447
376 367
448 467
97 240
327 424
145 7
281 10
275 389
69 18
120 263
331 120
417 179
489 184
207 333
368 38
410 102
302 81
286 228
25 200
467 170
101 429
516 199
438 269
65 324
286 2
65 95
461 481
91 428
482 297
238 328
152 465
247 454
364 350
159 388
28 443
375 468
167 369
485 422
115 27
223 218
369 287
130 307
64 220
212 23
334 268
168 486
28 232
235 391
60 211
75 87
471 449
32 115
295 516
14 227
361 54
445 207
341 52
513 222
272 21
62 423
106 230
204 133
461 438
342 520
466 416
424 414
342 274
6 455
267 359
159 445
231 81
469 389
133 278
88 222
116 149
122 221
378 326
171 135
59 512
472 3
223 374
234 43
125 58
315 209
416 473
472 124
372 418
512 504
513 417
21 106
44 482
144 239
103 315
373 162
122 323
504 345
514 215
387 456
272 179
142 506
469 431
447 318
327 255
117 135
149 477
241 10
437 384
249 357
516 439
518 116
57 317
460 388
350 324
321 439
320 281
422 84
189 165
220 333
237 336
468 203
109 186
213 23
387 279
379 381
195 193
496 70
327 433
457 154
52 256
71 189
354 310
90 20
292 309
353 6
463 116
209 49
119 239
411 505
517 267
181 7
277 154
76 422
404 351
53 455
424 463
461 255
69 29
92 360
337 262
184 277
377 210
325 495
448 213
296 260
298 476
266 392
448 160
291 329
328 162
80 229
102 358
301 510
386 392
166 19
472 349
295 326
376 438
117 119
468 230
378 61
183 121
271 448
98 39
73 425
18 492
471 460
327 67
447 191
459 90
209 408
256 321
29 449
54 485
45 522
192 422
400 193
361 148
118 458
5 190
179 22
159 467
481 486
12 224
494 288
313 520
513 387
318 359
313 190
322 358
189 513
75 406
183 435
32 301
189 376
308 185
397 285
469 174
66 480
397 37
63 5
374 393
391 509
230 522
176 29
175 182
359 249
66 20
502 437
138 508
290 263
170 504
25 116
155 90
414 29
466 294
34 135
505 242
122 212
59 115
58 51
297 234
118 180
253 97
94 208
82 201
471 69
182 313
2 337
403 233
183 164
345 34
117 327
94 238
356 492
352 231
21 466
464 138
463 195
52 34
220 133
52 168
19 234
481 360
388 179
411 388
160 233
240 276
37 333
331 210
302 501
440 140
262 381
277 203
393 328
54 91
278 106
76 114
157 374
474 362
370 362
227 8
72 284
101 448
94 250
135 214
228 52
353 489
432 448
169 121
253 223
211 9
146 286
122 302
478 413
481 325
252 3
150 141
287 251
66 198
318 18
411 23
409 60
329 319
507 316
257 55
356 467
63 501
48 3
98 3
415 56
146 485
58 295
103 344
363 509
20 158
4 248
520 413
125 327
27 449
120 283
504 475
45 384
271 92
386 368
435 97
241 58
59 298
170 501
460 351
487 297
326 309
22 324
199 487
468 43
413 65
325 212
357 369
74 105
278 277
290 8
191 8
405 67
305 393
46 60
221 10
356 24
136 196
165 334
160 110
194 390
174 518
80 348
182 493
270 278
247 37
285 438
44 508
504 167
378 367
226 76
195 60
439 330
73 82
142 232
191 335
439 183
149 336
8 148
306 278
243 31
132 6
286 516
513 85
160 186
452 203
261 124
262 177
453 334
258 412
383 267
43 118
449 9
453 274
156 237
369 399
85 501
222 370
494 30
272 471
215 201
151 293
142 231
469 73
382 23
302 243
107 344
178 33
352 108
124 326
344 493
20 428
289 241
93 78
88 183
26 120
383 176
412 343
406 176
233 266
16 12
326 122
174 503
494 343
88 96
146 250
66 165
495 172
223 406
249 128
66 274
247 448
267 136
86 151
130 318
234 145
330 377
267 321
175 238
141 80
333 287
329 216
269 120
387 310
3 113
437 68
204 502
333 471
455 419
439 62
214 150
207 361
344 473
159 518
6 300
75 339
404 222
372 490
341 237
95 161
167 350
228 371
329 38
137 261
274 53
323 488
20 347
144 363
297 303
176 302
420 68
458 119
289 308
86 447
362 181
425 346
8 130
12 154
508 148
414 259
200 32
42 37
378 186
399 492
306 52
90 21
