800 100
658 318
82 396
114 292
310 776
324 79
483 687
788 507
129 45
645 383
189 658
139 60
238 235
418 220
674 649
245 149
785 638
603 718
427 125
462 304
409 299
244 187
174 569
134 356
425 237
316 759
696 81
566 148
151 99
225 610
254 420
228 607
488 202
537 593
277 263
141 305
739 299
105 86
679 167
432 349
84 660
154 263
204 295
272 573
320 120
596 134
0 386
534 496
782 226
467 470
359 571
67 607
64 584
156 167
100 282
166 230
711 440
288 402
261 492
384 767
62 742
484 750
386 722
621 369
388 535
648 729
3 72
159 644
270 771
749 32
733 346
663 624
411 763
146 684
31 313
71 423
479 646
94 572
779 737
72 158
691 200
621 436
160 52
164 195
83 478
147 289
391 228
768 774
255 532
324 61
587 575
608 669
256 709
657 178
14 794
672 236
493 602
325 165
408 449
139 657
270 84
