800 100
254 530
384 117
120 157
394 458
103 328
712 730
53 309
115 370
513 551
515 773
319 55
207 111
69 424
500 143
202 145
82 231
319 245
512 395
21 755
571 623
487 271
457 338
38 380
277 769
155 425
655 470
246 239
401 515
101 3
755 748
181 743
543 243
799 549
232 372
51 550
614 146
740 118
478 78
120 476
538 446
118 765
756 45
601 65
531 690
89 726
252 731
108 430
126 62
605 36
306 652
347 29
697 415
37 162
327 671
100 192
696 19
713 564
512 526
269 314
252 221
624 757
696 612
85 505
522 654
214 415
85 30
616 477
477 616
680 758
609 160
350 291
757 420
654 438
683 19
55 71
61 571
661 25
53 449
95 475
687 312
470 727
559 772
423 774
93 490
565 361
96 134
182 76
688 457
615 695
385 288
710 151
210 656
672 108
597 293
431 787
27 131
377 649
17 550
85 141
36 504
